2 0.9767697860576923 0.7141252884615384 0.9859444567307692 0.5503096322115385 0.8908922019230769 0.5436629302884616 0.8160072451923077 0.5414369423076922 0.7707622788461539 0.5382731057692308 0.7396514759615385 0.5602444975961538 0.7267534110576922 0.581976329326923 0.7192989471153847 0.6236963221153846 0.7385619302884615 0.6733213004807692 0.7640427980769231 0.69924996875 0.9558676370192308 0.7202135048076923 0.9720205192307693 0.7168194278846154 0.9767697860576923 0.7141252884615384
2 0.7555998365384615 0.5502635024038461 0.7645141466346155 0.5393020288461539 0.8217012307692309 0.5371223653846153 0.8439778197115384 0.5348184879807693 0.8619966754807693 0.5098353173076923 0.8815153798076923 0.44709750721153846 0.9085259278846153 0.4103859519230769 0.910299454326923 0.38502335576923075 0.9282652644230769 0.37778411057692307 0.9322776225961539 0.37034146634615384 0.933082673076923 0.3588286995192308 0.8794483004807692 0.3434933942307692 0.7822814735576924 0.3351541826923077 0.749025389423077 0.39459865625 0.7143245961538462 0.5249799302884616 0.7375505817307692 0.5420504807692308 0.7555998365384615 0.5502635024038461
2 0.6062911634615384 0.0975977860576923 0.6890185408653846 0.09909547596153846 0.7632429951923078 0.08359068990384616 0.8204733461538462 0.08045259134615385 0.8299118076923077 0.022589528846153846 0.59232090625 0.005234757211538461 0.5898198822115385 0.010087841346153845 0.5857267668269232 0.05333534134615384 0.5832229158653847 0.07385531971153846 0.5866076754807692 0.08693776442307694 0.6062911634615384 0.0975977860576923
0 0.7651394615384616 0.7633978245192308 0.7031332620192308 0.7583999399038461 0.6792780024038462 0.7455725576923077 0.6732311610576923 0.7471199278846155 0.6708802548076923 0.7522041730769231 0.67937853125 0.7580628269230769 0.6857787740384615 0.7657292163461539 0.69490465625 0.7768803918269231 0.7025022283653846 0.7813520817307692 0.7150864086538462 0.7855104783653846 0.7758255721153847 0.7943601826923078 0.7869961201923077 0.7905388942307692 0.795462358173077 0.7825880913461538 0.7979267259615385 0.7755415745192308 0.786518548076923 0.7688332115384615 0.79150515625 0.768519920673077 0.7827776466346154 0.7659394254807693 0.7651394615384616 0.7633978245192308
0 0.5274448725961538 0.9020920456730769 0.525923610576923 0.9109382956730769 0.5277942019230769 0.9164595889423077 0.5286102259615384 0.9176987764423077 0.5346244783653846 0.9217129927884616 0.5427813341346154 0.9273586322115384 0.5531213725961538 0.9340553485576923 0.5645264038461538 0.9384307644230769 0.5757312716346153 0.9392142860576923 0.5824447355769231 0.9396837355769231 0.5960998004807693 0.9373601658653846 0.5996803076923076 0.9313373966346153 0.6006992355769231 0.9167660600961539 0.6013222163461539 0.9078569975961539 0.59853140625 0.9025865889423077 0.5947420120192308 0.899027420673077 0.5909278846153846 0.8954822836538461 0.5764452860576923 0.8902769591346154 0.5706706826923077 0.8892899783653847 0.5619824254807692 0.8847893052884616 0.5382461129807692 0.8828300288461539 0.5332584663461538 0.8899522860576923 0.5324978365384616 0.8943754110576924 0.5274448725961538 0.9020920456730769
1 0.6761145841346153 0.34749540144230767 0.7093453870192307 0.34616241586538465 0.7139049639423077 0.3400662572115385 0.7142877475961539 0.3345922043269231 0.7134903149038462 0.3262930889423077 0.7127564951923078 0.31708425 0.7009033317307692 0.30892622115384616 0.67130634375 0.2976990721153846 0.6517698004807693 0.30090382451923076 0.6129027908653846 0.30368679807692306 0.5766106971153846 0.3093923605769231 0.5708072908653846 0.3135731923076923 0.5566902740384616 0.3180868533653846 0.5283700817307693 0.3280065697115385 0.5096298725961538 0.33952612259615383 0.4937601081730769 0.34940228125 0.4781847764423077 0.3547281466346154 0.4781211610576923 0.355637875 0.49198262740384613 0.35477881009615386 0.5048794519230769 0.3483514663461538 0.521802204326923 0.34311982451923073 0.534675391826923 0.33669083173076925 0.5502906995192307 0.3304535865384616 0.564279389423077 0.3277750649038461 0.5808429975961539 0.3280191274038462 0.5918998269230769 0.3278623581730769 0.5757179038461538 0.3221599230769231 0.6003406658653846 0.32571006971153843 0.6203565721153846 0.33535306971153844 0.6595746129807692 0.3472529903846154 0.6761145841346153 0.34749540144230767
1 0.5564440841346154 0.7411442524038462 0.6051580048076923 0.7449762259615385 0.6510858413461539 0.7325995288461539 0.6801462620192308 0.7372323052884616 0.66952503125 0.6740891634615385 0.6716326466346154 0.6252650480769231 0.5697608894230769 0.6346124206730769 0.5649555985576923 0.6472797764423077 0.5745719543269231 0.6687418533653846 0.5711928557692307 0.6888696370192308 0.5708588509615384 0.7031578701923077 0.5486449014423077 0.7310630721153846 0.5366107115384615 0.7445173918269231 0.5422378485576923 0.7479528822115384 0.5564440841346154 0.7411442524038462
2 0.7534742812499999 0.70669125 0.7466993076923077 0.6904558341346154 0.7284959471153846 0.6392657355769231 0.7217339014423078 0.6085777764423077 0.7209242307692307 0.6058889615384616 0.6893674350961538 0.6043442836538462 0.6770882548076924 0.6382873966346154 0.6812511634615385 0.6497535168269231 0.6816285048076923 0.7574793605769231 0.9579467764423076 0.7978274783653846 0.9681987451923076 0.7361439326923077 0.7534742812499999 0.70669125
2 0.6505708701923076 0.20119050240384617 0.6493740576923077 0.2138895216346154 0.6510952596153847 0.2201884519230769 0.6800668653846155 0.2230339519230769 0.7166903365384615 0.2231203341346154 0.7251204399038461 0.22248041346153846 0.7306363966346154 0.20576472115384614 0.73429246875 0.19798193028846153 0.7279714278846154 0.1905417403846154 0.7248394254807693 0.18641383653846155 0.7196058341346153 0.18584296634615385 0.6723943317307692 0.18192691105769232 0.6614344855769231 0.18341444230769233 0.6537387475961538 0.1868009591346154 0.6505708701923076 0.20119050240384617
2 0.7027330024038462 0.9258238798076923 0.7163017668269231 0.9267726995192308 0.7215753004807692 0.9165811442307692 0.8141487235576924 0.9260649879807693 0.8491844278846153 0.8802369423076922 0.8297119519230769 0.8336077932692307 0.6668739062500001 0.8207079278846153 0.6474009471153847 0.8389695168269231 0.6414573269230769 0.8913554783653846 0.7027330024038462 0.9258238798076923
2 0.770412858173077 1 0.784434329326923 0.9871756682692308 0.750317858173077 0.9818110600961538 0.7614594543269231 0.97262878125 0.7891330264423077 0.98452528125 0.8070866538461539 0.9638720048076923 0.7745750913461538 0.9566178894230769 0.8002059254807693 0.9335225024038463 0.818262454326923 0.9327991682692307 0.7282904110576923 0.9105726658653845 0.7188802596153846 0.9377970312499999 0.6418042043269231 0.8816390264423077 0.6279728485576922 0.9075454807692308 0.7002239903846154 0.9902397331730769 0.7439567163461539 1 0.770412858173077 1
2 0.515329048076923 0.001206466346153846 0.5209926778846155 0.0509995625 0.5258054158653847 0.07559330528846155 0.5838368942307692 0.07662502163461539 0.5844051225961538 0.05932692548076923 0.5906840745192308 0.006901365384615384 0.515329048076923 0.001206466346153846
2 0.5955537716346154 0.14312320432692308 0.6188331802884615 0.12851654326923076 0.6274269326923078 0.10107747596153846 0.6031139038461538 0.09887297115384615 0.5861267283653846 0.08736121875 0.5809704903846155 0.07617239663461538 0.5285174591346153 0.07349750961538462 0.5219440120192307 0.07204486298076923 0.5193073052884615 0.10975152884615384 0.5955537716346154 0.14312320432692308
2 0.6032819711538462 0.9171988485576923 0.6014771850961538 0.9236452596153846 0.600225735576923 0.9286330048076923 0.5986907596153845 0.9312209158653846 0.5965827091346154 0.9355498197115384 0.5921483966346154 0.9412134134615384 0.6005125504807692 0.94389459375 0.6232019110576924 0.9475774879807692 0.6390232115384615 0.9468869927884616 0.6554690889423077 0.9498338293269231 0.6391413774038461 0.9370442139423076 0.6383056153846154 0.936087358173077 0.6349417259615385 0.9325579423076923 0.6307437740384615 0.9283870264423076 0.6296464230769231 0.9247166322115384 0.6298745576923076 0.9214541586538462 0.6299579158653846 0.9202621009615384 0.6311133942307693 0.9101923870192308 0.6311759134615385 0.9092983413461538 0.6276869855769232 0.9075570144230769 0.5978838293269231 0.8962208774038462 0.6009973317307693 0.8982354230769231 0.6016175745192307 0.90872878125 0.6032819711538462 0.9171988485576923
0 1 0.2253415673076923 0.9773225552884616 0.23844536778846154 0.9516117091346155 0.2436614326923077 0.93818478125 0.24272252884615383 0.9283348990384616 0.24124567548076922 0.9093126370192308 0.2364164182692308 0.9088124375 0.2367754831730769 0.9106657139423077 0.2439032548076923 0.927742454326923 0.26806212500000004 0.9616917524038461 0.2860086153846154 0.9628454735576923 0.294647875 0.9692779543269231 0.2947193990384615 0.9712981466346153 0.29096753365384614 0.9800956201923078 0.2911886706730769 0.9796841177884615 0.3055660576923077 0.9882144639423077 0.3092676057692308 0.995883733173077 0.30863753125 1 0.3060115456730769 1 0.2253415673076923
1 0.5297400144230769 0.8923699735576923 0.5258486201923077 0.9031783124999999 0.5251729927884615 0.9128402524038461 0.5308828269230769 0.9208681706730769 0.5597061634615385 0.9343266634615385 0.5823715096153846 0.9390323870192308 0.6002331514423077 0.9302254519230769 0.6055040600961539 0.91429646875 0.600651608173077 0.9018206706730769 0.5954124735576923 0.8945349423076923 0.5865956346153847 0.8935716538461538 0.5633619735576922 0.8895196995192307 0.5402489567307692 0.8837424014423078 0.5303915144230769 0.8830531033653847 0.5288072115384616 0.8832890745192308 0.5297400144230769 0.8923699735576923
1 0.6855911754807693 1 0.6908758052884616 0.9972146923076923 0.6964072067307693 0.9969237355769232 0.730929985576923 0.9961381850961538 0.7447278365384615 0.9961888461538462 0.7253810072115384 0.9868290600961539 0.7110437908653846 0.9798843557692307 0.6844506826923078 0.9661247283653847 0.6778945240384615 0.9661233629807692 0.6710038389423078 0.9709059158653847 0.6647587091346154 0.9766477884615384 0.6608621201923076 0.982774548076923 0.6585875865384616 0.9908430865384615 0.6559902740384616 0.9984319639423076 0.6558806274038461 1 0.6855911754807693 1