2 0.5981152692307693 0.5426445192307692 0.5966000817307692 0.559313201923077 0.5808910576923076 0.6264957139423076 0.6006508149038461 0.6352933269230768 0.6465471899038462 0.5720827163461538 0.65321684375 0.5119374495192308 0.6364203269230769 0.5044591586538462 0.6498483052884616 0.5088442235576923 0.6304938461538462 0.5018205192307692 0.5981152692307693 0.5426445192307692
2 0.6737170048076924 0.5088020120192308 0.6726587475961538 0.5228105288461539 0.6726953245192308 0.5291082716346154 0.6747342716346154 0.5287690144230769 0.6810085841346154 0.5252579663461538 0.6868887836538462 0.51843071875 0.6959604831730769 0.5086366394230769 0.7113171129807692 0.4921955120192308 0.7228266201923077 0.48221666346153846 0.7268178846153847 0.47644208653846154 0.7298458317307692 0.4664512596153846 0.7325344663461538 0.44878085336538465 0.7319296009615385 0.43527892067307694 0.7300819278846155 0.42565762500000004 0.7173408389423077 0.42564285817307695 0.70731553125 0.43438883653846155 0.6984168197115385 0.4310734951923077 0.68497209375 0.4326391225961539 0.6755369230769231 0.4315790408653846 0.6670688990384614 0.43787764182692307 0.6676496057692307 0.4482049951923077 0.6705056899038462 0.45451100961538465 0.6755006826923077 0.4623928533653846 0.6717278365384616 0.4846380360576923 0.6704974447115385 0.4916418341346154 0.6741523774038461 0.50144425 0.6737170048076924 0.5088020120192308
2 0.7414695264423077 0.18390339423076923 0.7412950384615384 0.17558129567307693 0.7372462956730769 0.1603613028846154 0.7329862596153845 0.15950382451923076 0.73322271875 0.18849918509615385 0.6856346899038462 0.21890271634615385 0.6754165817307692 0.3061965360576923 0.7155782860576922 0.3219992572115385 0.73463628125 0.31397250240384617 0.7497591298076922 0.29389396875 0.7595525216346153 0.1919544639423077 0.7518047331730769 0.18850492548076922 0.7458576153846154 0.18793552403846153 0.7414695264423077 0.18390339423076923
2 0.3665225384615385 0.6253207427884615 0.3766188389423077 0.5465865985576923 0.3253608774038461 0.52711365625 0.23507876201923078 0.6233775048076923 0.2457542451923077 0.6947093653846154 0.24620168990384617 0.7049081033653847 0.2762318389423077 0.7216038653846154 0.3665225384615385 0.6253207427884615
2 0.6577518028846154 0.2973617403846154 0.6588536706730769 0.27399664182692307 0.666910516826923 0.20128255048076923 0.7139654447115386 0.16309006490384614 0.7167971538461538 0.15672993990384618 0.6772984350961538 0.14581802403846153 0.6446614038461539 0.17897535096153844 0.6299355985576922 0.22488763942307693 0.6313763822115385 0.28751231971153846 0.6577518028846154 0.2973617403846154
2 0 0.8247037980769231 0.14922946394230768 0.8911450336538462 0.18494792548076924 0.8576969134615384 0.19137336778846153 0.8450157163461539 0.19724946634615387 0.824815454326923 0.20606259375 0.7281898076923077 0.1841322091346154 0.7163704423076923 0.14714229326923076 0.6999014711538462 0.11710125480769232 0.7341915120192308 0.10079662019230769 0.739379670673077 0 0.8216775264423077 0 0.8247037980769231
2 0.3707577451923077 0.8007085384615386 0.35373567067307693 0.7909359326923078 0.32990568509615387 0.7891017043269231 0.3274686971153846 0.7945752668269231 0.3192731201923077 0.8018958197115384 0.2693913966346154 0.8585747548076923 0.2579320504807692 0.9395425432692307 0.29874619230769234 0.9577141706730768 0.30209601442307693 0.9585820817307693 0.3037178125 0.9549394639423077 0.3023590576923077 0.9543345072115385 0.3068155961538462 0.9037114831730769 0.3363766826923077 0.8336205240384615 0.3707577451923077 0.8007085384615386
2 0.6667126346153847 0.3751122956730769 0.6669746971153846 0.3568233798076923 0.6649221105769231 0.35590950961538464 0.6533273966346154 0.35534283413461537 0.6359113221153846 0.35680304086538467 0.609216423076923 0.35805796153846153 0.6018679663461538 0.3679495649038461 0.5948238245192308 0.37599060817307695 0.5916415336538461 0.40087736298076926 0.5995663100961539 0.4096479471153846 0.6032012379807692 0.4369233028846154 0.6064735576923077 0.4528368197115385 0.6196419110576923 0.45869975 0.6557990721153846 0.4195811778846154 0.6597701538461538 0.4029205264423077 0.6632189158653846 0.38408746875 0.6667126346153847 0.3751122956730769
2 0.4440140384615385 0.8541778557692308 0.4362133894230769 0.8570324278846153 0.4330359807692308 0.8548325721153845 0.42723009855769234 0.8585752716346153 0.42417481730769235 0.8587853365384616 0.4211109567307692 0.8590146754807692 0.42263541346153843 0.871540423076923 0.4348375985576923 0.8840860096153846 0.4382276442307692 0.8911378173076923 0.4396148918269231 0.9439238846153846 0.48818403846153846 0.8880923509615385 0.4910067043269231 0.8751003365384615 0.5084187692307692 0.7840583028846153 0.4440140384615385 0.8541778557692308
2 0.5744047427884615 0.4663173629807692 0.5456796153846154 0.45050285096153847 0.49296035817307693 0.5142552259615385 0.4906855144230769 0.5518086995192307 0.5352330072115384 0.5645296923076922 0.5707523293269231 0.5377362355769231 0.6040215288461538 0.4886486682692308 0.5744047427884615 0.4663173629807692
2 0.6558482091346154 0.2954519014423077 0.6717654326923077 0.3053330288461539 0.6870343052884615 0.2159925456730769 0.7340195697115385 0.18278035096153847 0.7212488413461539 0.16587097115384616 0.7047125216346154 0.1715795 0.6628332355769231 0.2042937908653846 0.6558482091346154 0.2954519014423077
2 0.4648660745192308 0.42482208653846154 0.45648078365384614 0.4127288341346154 0.4242495600961539 0.4485147572115385 0.4066715961538462 0.5442864014423077 0.4428483173076923 0.5587305745192308 0.5089389375 0.47786101923076924 0.5177940096153846 0.39323962259615386 0.49141132932692305 0.3764819903846154 0.4854022163461539 0.38717774759615387 0.49091509134615385 0.41136331009615384 0.4648660745192308 0.42482208653846154