2 0 0.33659730528846155 0.18645524278846154 0.29227660336538464 0.20084775240384617 0.2777562091346154 0.2196097764423077 0.2610777692307692 0.23071600721153845 0.20643834855769233 0.2164162956730769 0.18814716826923078 0.21555365384615385 0.18200914423076925 0.32451694951923077 0.15578337019230767 0.31999669951923077 0.12362011778846155 0.2877668581730769 0.12814972836538463 0.22748889903846156 0.13349161057692308 0.17729968509615385 0.143674875 0.1500542235576923 0.13346236778846154 0.13156990625 0.11886806250000001 0 0.1427138605769231 0 0.33659730528846155
2 0.39288915625 0.5037033197115385 0.4051308076923077 0.47387878125000005 0.4183878990384615 0.43454350480769227 0.3865293846153846 0.4249793173076923 0.35589909375 0.4074184375 0.22104141346153844 0.44978108653846155 0.21685763221153845 0.5034684807692308 0.2102137091346154 0.5231382812500001 0.2870350336538462 0.5185801466346154 0.39288915625 0.5037033197115385
2 0.33330489903846156 0.21697400961538463 0.3096407067307692 0.22086312740384614 0.3072226298076923 0.23445173798076924 0.2959843173076923 0.24062130769230772 0.2204473485576923 0.2569958557692308 0.21699697596153847 0.2632392932692308 0.20376395432692307 0.2737368533653846 0.19979953365384617 0.2823476009615385 0.18602170913461538 0.2952167932692308 0.18657667788461538 0.29916558894230766 0.19944029807692307 0.31058563221153845 0.21060826201923077 0.3101636081730769 0.24641278846153847 0.3063000072115385 0.3586593942307692 0.2864771177884615 0.3827073605769231 0.27907060576923076 0.39531794471153847 0.27039225 0.4056044711538461 0.2574503942307692 0.4029612355769231 0.2509158269230769 0.3994467331730769 0.2381818509615385 0.38833916105769234 0.22073562740384614 0.3741441899038461 0.21814047596153846 0.33330489903846156 0.21697400961538463
2 0.40940542067307695 0.5859656009615384 0.39719877163461537 0.5964023701923077 0.3809536418269231 0.6077822692307693 0.3668150168269231 0.6191999447115385 0.4892643389423077 0.5974424182692307 0.49074686298076925 0.593040358173077 0.49295671153846154 0.58644965625 0.47194116586538465 0.5638862764423077 0.4394897716346154 0.5646080072115385 0.43628875961538466 0.5643693629807692 0.42876852403846155 0.5706631778846154 0.40940542067307695 0.5859656009615384
2 0.4807397475961538 0.6066314615384616 0.4474593004807692 0.6143966274038462 0.4044016778846154 0.6219919326923077 0.4065583269230769 0.6241716754807692 0.40939600240384616 0.6376684254807692 0.41180856730769233 0.6416691177884615 0.41825796634615386 0.6413677764423077 0.5034332451923077 0.6290842091346154 0.5073106947115384 0.6269953173076923 0.511145016826923 0.6245995240384615 0.510884576923077 0.6193992115384616 0.5161028100961539 0.6168089206730769 0.5175676971153846 0.6107193389423077 0.5142427980769231 0.6102685961538461 0.5139437475961539 0.60814075 0.5089161033653846 0.602045608173077 0.5053352836538462 0.5997739182692308 0.4972505745192307 0.6018281754807693 0.4807397475961538 0.6066314615384616
0 0.5656054014423076 0.46428222115384615 0.5778176225961539 0.46481923798076924 0.5726772043269232 0.4570290817307692 0.5804385432692307 0.45233921875 0.5830594663461539 0.4398592019230769 0.5663935024038461 0.44579009375 0.5590700673076923 0.43697143269230765 0.55671384375 0.4561325216346154 0.540750483173077 0.4552359639423077 0.5327300817307692 0.4653347644230769 0.5187264423076923 0.4520511153846154 0.5161500721153847 0.46228196875000005 0.5012678918269231 0.46907840384615385 0.4953247932692308 0.4580314855769231 0.5034708677884615 0.45373613221153847 0.5041110552884616 0.4415553533653846 0.4894956682692308 0.43105959375 0.45887587980769234 0.45284712740384614 0.4655503365384615 0.4572711947115385 0.47945099278846154 0.45531758413461537 0.4755867572115384 0.47111240144230765 0.4705444158653846 0.4736153798076923 0.4863857091346154 0.4758748341346154 0.48574191346153844 0.48088926682692307 0.5028521682692307 0.49240100240384616 0.5024556658653846 0.49917500240384616 0.5285021298076923 0.4928229278846154 0.53262578125 0.49806449999999997 0.5304755480769231 0.5019553389423077 0.5436035793269232 0.49472735096153847 0.548005 0.49725926442307694 0.553664764423077 0.4847937908653846 0.563725951923077 0.4748602331730769 0.5656054014423076 0.46428222115384615
0 0.5727476899038462 0.18194548317307693 0.5861388629807692 0.17257322596153848 0.5873216225961538 0.11315265384615383 0.5834306346153846 0.11023603846153847 0.5713585072115385 0.11768770913461538 0.5546246177884615 0.1206063173076923 0.5560881706730769 0.11465601682692307 0.5408178389423077 0.11162431971153845 0.5137211971153847 0.1004624375 0.510277170673077 0.10556093028846154 0.4950068389423077 0.10252923317307693 0.49773888461538457 0.09753428125 0.4817565721153846 0.094606125 0.4530985360576923 0.09978128125 0.4226917451923077 0.11728258173076923 0.45583245192307686 0.11320915865384616 0.47541964423076927 0.10786919711538462 0.5255475048076923 0.108592625 0.49755605288461535 0.12691591346153847 0.49980247115384613 0.13062699278846154 0.5218161346153847 0.13329169471153846 0.526719295673077 0.12511235096153844 0.5412941610576923 0.13342306490384617 0.5607721899038461 0.13355443509615383 0.5866119663461539 0.14880500000000002 0.5001162956730769 0.1944482235576923 0.5115903942307692 0.18995638221153846 0.5178589687499999 0.19138088701923076 0.5256170480769231 0.18510580288461537 0.5356016442307692 0.18831355048076923 0.5585628846153846 0.18567075721153847 0.5535559999999999 0.18061590625 0.56338553125 0.17691853124999998 0.5727476899038462 0.18194548317307693
2 0.49486481971153845 0.820048375 0.48521465625000004 0.8194433846153846 0.45781692548076924 0.8286768485576924 0.4534528461538461 0.839576233173077 0.46099236057692305 0.8566267524038461 0.47279822355769235 0.8672148389423077 0.4967367091346154 0.8648311201923077 0.5156278100961539 0.8577738028846155 0.5218705625 0.8392661850961538 0.5144737644230769 0.8339421538461539 0.5048859543269231 0.8284253100961538 0.49486481971153845 0.820048375
2 0.22690986298076923 0.2550026706730769 0.30105015384615386 0.23694663221153847 0.3055106634615385 0.23298147596153845 0.30943055048076923 0.22003723076923076 0.28298362740384614 0.22041583173076923 0.24975946634615387 0.21363073317307693 0.23570504086538463 0.21560595432692306 0.23466990384615385 0.21337291346153847 0.23569062980769231 0.21037106490384616 0.23483373798076926 0.2042739591346154 0.23081889423076923 0.2062778389423077 0.22953649759615385 0.20741782211538462 0.22337319230769231 0.2554997163461538 0.22690986298076923 0.2550026706730769
0 0.5366912956730769 0.2304312908653846 0.5126673173076923 0.2353307283653846 0.5016820144230769 0.23816819230769232 0.49789819230769233 0.23913812259615386 0.4882248100961538 0.24416972836538461 0.46149804807692313 0.25549963701923073 0.4563556995192308 0.2581835817307692 0.46410379567307697 0.2646683653846154 0.4842244759615385 0.2668062692307692 0.49996593990384613 0.2583138221153846 0.5287988509615384 0.25058952163461534 0.5518005961538461 0.24756547836538462 0.5657364230769231 0.2518870528846154 0.5632226899038462 0.2433730480769231 0.5488901875 0.23846043509615383 0.5421656225961539 0.2370269903846154 0.5366912956730769 0.2304312908653846
0 0.6316773581730769 0.8163644615384615 0.6425461658653846 0.8167147283653846 0.6476512740384616 0.8159972524038461 0.6656313701923077 0.8062513004807692 0.6791862019230769 0.7987129543269231 0.6901728389423076 0.7896369086538461 0.6842593028846153 0.77790775 0.6703331177884616 0.7761093870192308 0.6692642764423078 0.7818929399038462 0.6745718966346155 0.7792692259615385 0.6635713028846154 0.7949403245192308 0.6432846778846154 0.8050104399038461 0.6302335168269231 0.8096613293269231 0.6316773581730769 0.8163644615384615
0 0.6142918629807692 0.71452853125 0.5939989975961538 0.7258931057692308 0.5555214254807692 0.7337210216346153 0.5276716129807693 0.7388451826923077 0.5196976802884615 0.742803375 0.5216216947115385 0.7477907548076923 0.5384066009615385 0.7502931490384616 0.5702456586538461 0.7474458701923077 0.5994923942307693 0.7433355096153846 0.6178082908653846 0.7350863125 0.624135451923077 0.719633875 0.6251661105769231 0.7053222259615384 0.6260316682692307 0.6983153942307693 0.6204519663461538 0.6934245072115384 0.6030016274038462 0.6946668653846154 0.5958906586538462 0.6960626682692308 0.5942193677884615 0.7015761947115385 0.6079901394230769 0.7000372596153847 0.6174734158653846 0.7023557091346154 0.6197574639423077 0.705665079326923 0.6142918629807692 0.71452853125
0 0.558354141826923 0.3846820264423077 0.5562634423076923 0.3730415288461538 0.5613861225961538 0.3637463942307692 0.5515389519230769 0.36575624999999995 0.5214300961538462 0.3675257980769231 0.5158013317307693 0.37321995673076924 0.5360323870192307 0.37313074519230766 0.5357515072115384 0.3973518341346154 0.5382417115384615 0.4019049447115384 0.5569329278846153 0.3974420168269231 0.56044484375 0.3963225216346154 0.5570656586538462 0.3919152139423077 0.558354141826923 0.3846820264423077
0 0.46503659855769236 0 0.42853056971153847 0.005130586538461538 0.45419653365384616 0.016862834134615385 0.4333549471153846 0.034989415865384614 0.4281854951923077 0.04368397596153846 0.42293415384615385 0.044052709134615384 0.41201590384615383 0.049576403846153846 0.41251336057692306 0.053116000000000003 0.43118083653846156 0.05049245673076923 0.44435508653846156 0.03779154807692308 0.4498483125 0.047868913461538466 0.4978547836538461 0.04112204567307692 0.49293490625 0.025528975961538462 0.5091755432692308 0.02505125721153846 0.46461732692307695 0.0077995432692307696 0.4735850913461539 0 0.46503659855769236 0
0 0 0.14364201201923077 0.1271665216346154 0.12167765865384615 0.14963795673076924 0.13491876923076923 0.15650712500000002 0.1340785576923077 0.16087367548076925 0.14153932692307694 0.1833451105769231 0.15478043749999998 0.18748629567307692 0.1646096706730769 0.19382771875 0.17045757932692307 0.2308243798076923 0.16525803846153847 0.24287943509615387 0.15285004086538462 0.2370371466346154 0.14402664423076922 0.23694572596153846 0.13562182692307692 0.25493449038461535 0.14044204567307692 0.2528300625 0.13216261538461538 0.26010034615384614 0.11828849038461538 0.2617604519230769 0.10399270192307693 0.25445620192307694 0.08482269711538462 0.2569928701923077 0.08323520432692308 0.23512617067307692 0.09121145673076923 0.2223167596153846 0.09178071394230769 0.21097921634615385 0.08296286298076924 0.21601850721153845 0.07307438461538461 0.23250948557692308 0.07259277884615384 0.22697652884615385 0.0660261875 0.19991330288461537 0.06982967548076922 0.08451337980769232 0.07993486298076924 0.008532641826923077 0.08266399759615385 0.003237353365384615 0.11706216586538462 0 0.12699880528846152 0 0.14364201201923077
0 0.6583741995192308 0.7401093509615385 0.6544726947115385 0.7344401346153846 0.6423046201923076 0.7366718509615384 0.6122503990384616 0.7388301418269231 0.6106569927884615 0.7442284038461539 0.6308804206730769 0.7439733485576923 0.6583741995192308 0.7401093509615385
0 0.5432150625 0.6155857043269232 0.5617036274038462 0.6107965649038462 0.5638842283653847 0.605336641826923 0.5620649591346154 0.5977473822115384 0.5423332403846154 0.6015011129807692 0.5354061274038462 0.5968413197115384 0.515404110576923 0.5986718028846154 0.5103988028846154 0.6050085865384616 0.5116448653846154 0.6111970456730769 0.5178022572115385 0.6157355120192308 0.5066146177884615 0.6278442548076922 0.5261124423076923 0.625104014423077 0.5366636875 0.6214095288461539 0.5432150625 0.6155857043269232
1 0.30604795913461535 0.5983008052884615 0.3019233533653846 0.6008625793269231 0.2957937668269231 0.6043320625 0.2969524423076923 0.6103450240384615 0.30512783173076924 0.6151840769230769 0.31230696875 0.6191825240384615 0.31266426442307693 0.6197165072115385 0.3278388317307692 0.6187939831730769 0.33934705528846154 0.6129829038461538 0.3644171153846154 0.601468545673077 0.37241741826923075 0.5963591129807692 0.3708929591346154 0.5919832355769231 0.3795105432692308 0.5807781586538462 0.3815542475961538 0.5738978461538461 0.38309428125 0.5699049879807693 0.38259408653846155 0.5685773822115384 0.3746596418269231 0.5696924975961538 0.3759368125 0.5723088076923077 0.3771859639423077 0.5727174471153846 0.3750652235576923 0.5748098173076923 0.3538337572115384 0.5879754399038462 0.3479290528846154 0.5888052932692308 0.34013262980769227 0.5909024903846154 0.32025001442307693 0.5946982908653846 0.32024927884615384 0.5967013557692308 0.31209142307692306 0.59644996875 0.30604795913461535 0.5983008052884615
0 0.5760103245192307 0.8790608149038461 0.5889131923076923 0.8700075552884615 0.5951245216346154 0.8637725096153847 0.594372375 0.8550735216346154 0.5918501899038462 0.8538631754807693 0.5691934711538461 0.8542098389423077 0.5653144783653846 0.8500396826923077 0.5637272788461538 0.8490108990384615 0.5231669375 0.8732595625 0.5325741538461538 0.8864172211538462 0.5551577572115385 0.8888975048076924 0.5760103245192307 0.8790608149038461
0 0.34996304567307696 0.5691365841346154 0.36151551923076924 0.5631941009615384 0.36919212259615386 0.5524342307692307 0.3733535168269231 0.5360760456730769 0.37266810576923076 0.5236121225961539 0.35776475 0.5135219567307693 0.3388643269230769 0.5093556442307693 0.2751722235576923 0.5165126610576923 0.2203266153846154 0.5328376274038461 0.2127477764423077 0.544293139423077 0.20793757451923078 0.5636217692307692 0.21061359134615382 0.5750756826923077 0.22172874278846155 0.5849888653846154 0.2381132235576923 0.5866503750000001 0.2508633701923077 0.5852131490384616 0.27388650240384615 0.5841264735576923 0.2984110600961538 0.5821194014423077 0.3192705360576923 0.5770179158653846 0.3311738173076923 0.5735715625 0.3433215168269231 0.5718643149038461 0.34996304567307696 0.5691365841346154
1 0.605872548076923 0.5316686274038461 0.5745482740384615 0.53014553125 0.5578777572115384 0.52756446875 0.5308351826923077 0.5353083894230769 0.5359498269230769 0.5400142668269231 0.5788586947115385 0.5344845576923076 0.6012418918269231 0.5357620168269231 0.6062779903846154 0.5345535 0.605872548076923 0.5316686274038461