0 0.7848865841346153 0.3251680985576923 0.790780923076923 0.3238072836538462 0.80027584375 0.32468778605769233 0.8084551153846153 0.3243515793269231 0.8192413533653846 0.32186137980769225 0.8238130961538462 0.31925378365384616 0.8280628100961539 0.3198247860576923 0.8349395360576923 0.31823716826923076 0.83786665625 0.31756138942307693 0.8388490456730769 0.3173345865384615 0.8385088413461539 0.3158610024038462 0.8427473245192308 0.31180989423076927 0.8258130841346154 0.2831881658653846 0.8135000408653846 0.26122850721153845 0.7976759615384614 0.2462879423076923 0.7834363605769231 0.22942944230769233 0.7682031394230768 0.2081756346153846 0.7658217115384616 0.19786054567307693 0.7605583317307693 0.19289886298076922 0.75746521875 0.17501912259615388 0.7486720288461538 0.14141362740384616 0.7445583028846153 0.11911313461538461 0.7257739495192308 0.10488767788461538 0.7062640264423077 0.08303742307692308 0.6876004975961538 0.08268985817307692 0.6562241802884615 0.08993365384615384 0.6366547067307693 0.099108 0.6118713052884616 0.11259033173076924 0.5942596682692307 0.12128100240384615 0.5830736826923076 0.15332222115384614 0.5806257668269231 0.17400165865384618 0.5838648221153846 0.21044155048076923 0.5876001201923077 0.22662090625 0.5965875721153846 0.24313983173076922 0.6052147692307692 0.2581898028846154 0.6149208485576924 0.28230345192307693 0.6241902307692307 0.29565303846153845 0.6515705048076923 0.32031098317307694 0.6627282235576922 0.32391185336538464 0.67201765625 0.3372568052884616 0.6845744110576923 0.3513995673076923 0.7024597596153845 0.3751770096153846 0.7086360336538462 0.3706468533653846 0.7254243269230769 0.3807084326923077 0.7414426682692308 0.3785624350961539 0.7587654278846153 0.3730110336538462 0.7751934711538462 0.38160365625 0.7820006971153847 0.3707510024038462 0.7824386706730769 0.3458475408653846 0.76640028125 0.3479981658653846 0.74386546875 0.35320073798076923 0.7395644254807692 0.3480168822115385 0.752899358173077 0.33872976442307695 0.7704928221153846 0.3253869086538461 0.7734199423076924 0.3247111298076923 0.7776897019230768 0.3252775024038461 0.7848865841346153 0.3251680985576923
1 0.6977900048076923 0.41797247115384617 0.7377655192307693 0.5217001995192307 0.7456871201923078 0.5282971850961539 0.8563321418269231 0.48352540384615383 0.8423944423076922 0.36415685096153844 0.8083853389423077 0.3696010913461538 0.7072689519230769 0.3965567211538461 0.6977900048076923 0.41797247115384617
2 0.5941957091346154 0.5156943004807693 0.5868302307692308 0.5351966971153846 0.5922873774038462 0.5588341947115384 0.6130893653846153 0.6181123317307692 0.6314503365384615 0.6565726850961539 0.6527871129807692 0.6872505865384616 0.6650006923076923 0.7093282379807693 0.68700071875 0.7327259014423078 0.7087579254807692 0.7241551370192307 0.7176855624999999 0.7114191971153846 0.7213176778846153 0.6963264375 0.7222418389423078 0.5359589543269231 0.7371483028846153 0.5182949783653846 0.7446080889423077 0.5094456370192307 0.7225880120192307 0.48605260096153846 0.7003993701923077 0.4413488221153846 0.6965917475961538 0.43510076923076924 0.6748615336538462 0.44369697836538463 0.663594125 0.4462982644230769 0.6479100528846153 0.46059404807692306 0.6374202548076924 0.4665635288461539 0.624860502403846 0.49439222836538466 0.6159328653846153 0.5071281658653846 0.5941957091346154 0.5156943004807693
2 0.5834330336538461 0.5145363149038462 0.5566783870192308 0.5171020408653846 0.5328720625 0.5394815000000001 0.529870826923077 0.5474282067307692 0.5302697596153846 0.5666268221153846 0.5427045528846154 0.6204878341346153 0.5563859086538462 0.637855326923077 0.5879399927884615 0.6595540793269231 0.6275182764423076 0.6636889783653845 0.6117722379807693 0.6093887379807692 0.5984834447115385 0.5762509711538462 0.6058841129807692 0.5455588028846153 0.6086543822115384 0.5087135072115385 0.6188423533653846 0.5075651177884615 0.6105436586538462 0.4925660120192308 0.5834330336538461 0.5145363149038462
0 0.2219215985576923 1 0.22455351442307692 0.9539991826923077 0.2278161778846154 0.92980565625 0.24674184615384617 0.8968961995192307 0.2552040576923077 0.904096923076923 0.26706637019230767 0.9054445048076923 0.2648626490384615 0.8988261610576923 0.2643863990384615 0.8938362668269231 0.27570373798076925 0.8810237644230768 0.2829294951923077 0.8681422451923078 0.27440347596153847 0.8548110961538461 0.25762265865384615 0.8586852524038461 0.24585402644230767 0.8695430024038462 0.24159713221153847 0.8746119951923077 0.23205392548076925 0.8686744735576923 0.22453727403846152 0.8714234615384615 0.21661309374999999 0.8783527451923077 0.21082391346153845 0.8827301850961539 0.209190125 0.8933070649038461 0.20363006009615384 0.8986769158653847 0.1801963269230769 0.9061142884615384 0.17898192548076922 0.9155807115384615 0.17409242067307693 0.9503811874999999 0.1726660432692308 0.9853640913461538 0.17404291586538462 1 0.2219215985576923 1
0 0.33333836057692307 0.5210233653846154 0.33068334615384615 0.5124502692307693 0.31490458413461536 0.5119751971153846 0.3093104879807692 0.5408882139423077 0.3144302379807692 0.5601372788461538 0.3135984110576923 0.5623882644230769 0.3143086899038462 0.5714103389423077 0.3173712331730769 0.575803141826923 0.3283898605769231 0.5763318677884615 0.3392431802884615 0.5819986033653847 0.3492327668269231 0.5868511129807692 0.35894822596153847 0.5876806995192307 0.37343692548076923 0.5884219302884616 0.40513402644230767 0.5811040769230769 0.39532980048076927 0.5711089302884615 0.38605956490384613 0.5487001923076923 0.38141606490384616 0.5344410192307693 0.37247556971153845 0.5252600937499999 0.3649707764423077 0.5310789230769231 0.35766319230769233 0.5348249567307692 0.34141511778846156 0.5293900649038462 0.33333836057692307 0.5210233653846154
2 0.20656271875 0.8994886346153846 0.21719193509615384 0.8754632932692308 0.22130609615384617 0.836755610576923 0.21782068509615385 0.7964130889423077 0.21964770192307695 0.7906063605769231 0.20493994471153845 0.7892821802884615 0.16577736057692308 0.8104555048076924 0.16179232451923076 0.8282271826923077 0.18580459855769232 0.9049778966346154 0.20656271875 0.8994886346153846
2 0.03475500240384615 0.23534335576923077 0.020710343750000002 0.22509182211538462 0.035936199519230765 0.2910422403846154 0.06608131009615384 0.3359997451923077 0.10464055048076923 0.32776283894230773 0.11032348076923076 0.32512043749999997 0.08934214182692307 0.26927304326923074 0.0780423798076923 0.24758626682692306 0.06974695432692307 0.24275441826923078 0.06220097115384615 0.24519341826923077 0.03475500240384615 0.23534335576923077
0 0 0.18251667548076922 0.02331787980769231 0.18799901201923078 0.046120105769230764 0.19740071634615383 0.056425173076923074 0.1950216033653846 0.07378070913461539 0.16903158173076924 0.07508388701923077 0.16058997596153846 0.06569428846153846 0.14809172115384614 0.02190779567307692 0.14191913942307693 0.004145153846153846 0.11922202644230769 0 0.10729226201923077 0 0.18251667548076922
2 0.7091003942307693 0.6184364350961539 0.712333689903846 0.6427774038461538 0.7223565697115385 0.6655191971153845 0.7286329831730769 0.692705326923077 0.7370937043269231 0.7086806586538461 0.7863092067307692 0.7098304062499999 0.8024391538461538 0.7383527379807693 0.8120357139423077 0.7540341658653846 0.8618969951923077 0.7425227836538462 0.9705628846153846 0.7013438485576924 0.9386105889423076 0.6352955288461538 0.9369533413461538 0.6177811634615384 0.9286545120192307 0.5767126971153846 0.9231613605769231 0.5063613365384616 0.9027141971153847 0.5056970072115384 0.8593850144230769 0.4834857908653846 0.8446491706730769 0.4868878269230769 0.8196709879807693 0.4872695673076923 0.7910038990384615 0.4974672788461539 0.7255353677884616 0.5448281009615384 0.71167221875 0.5623462379807692 0.7036391105769231 0.5999947668269231 0.7091003942307693 0.6184364350961539
2 0.22235756490384617 0.7838672596153846 0.21885825721153845 0.7597460841346154 0.20299649038461537 0.7540636274038461 0.17572219230769232 0.7821851947115385 0.1762091201923077 0.8023137764423077 0.2123269423076923 0.7854227884615385 0.22235756490384617 0.7838672596153846
0 0.1303074951923077 0.22224764903846153 0.11128660336538461 0.21833984134615386 0.09248492788461539 0.20852135336538463 0.08355463942307692 0.21767850961538462 0.05632069951923077 0.21569850961538461 0.06343019711538461 0.22938836298076926 0.042604146634615384 0.2176615360576923 0.023971992788461537 0.19833277163461538 0.01836615144230769 0.18429577163461539 0.007123086538461539 0.18334372115384617 0.014820622596153845 0.20991667307692305 0.029274591346153844 0.23492977884615385 0.06065346394230769 0.2548634471153846 0.07985268990384616 0.2527749831730769 0.10051095913461539 0.24328591586538462 0.1034266201923077 0.2355173485576923 0.11543153605769231 0.23629350961538462 0.12569166346153846 0.2398481971153846 0.13142241346153846 0.2373214591346154 0.1303074951923077 0.22224764903846153
1 0.45569731009615383 0.18681558413461538 0.4572455841346154 0.1935218966346154 0.46631305528846156 0.23279743028846156 0.4744972451923077 0.22736024278846154 0.5046153341346155 0.21448351442307695 0.5415082644230769 0.2071697980769231 0.5430652211538461 0.18318001201923076 0.5439511682692307 0.10853675240384615 0.5358535264423077 0.0666932860576923 0.5104491875 0.0453802860576923 0.48199546875000004 0.04488558413461538 0.44024731490384617 0.04150504807692308 0.43396259374999996 0.0654143125 0.43704858894230775 0.10603910096153846 0.44145040865384616 0.1251054783653846 0.44975602884615384 0.16455690144230767 0.45569731009615383 0.18681558413461538
0 0.8604156177884617 0.4793517019230769 0.8357612355769231 0.4051249350961538 0.8226804134615384 0.3777358701923077 0.7784022163461538 0.3744642980769231 0.73538825 0.3832545168269231 0.7197513004807692 0.3902539278846154 0.6970112355769231 0.4022508846153846 0.7047942500000001 0.4522443798076923 0.7279500769230769 0.49080144711538465 0.7530780288461538 0.5086305384615385 0.7649998629807692 0.5115165024038462 0.8482861129807693 0.4821520192307692 0.8604156177884617 0.4793517019230769