2 0.3031425528846154 0.5349648341346154 0.2995092139423077 0.5141186418269231 0.29671023076923075 0.49542711298076925 0.28942212259615385 0.46393827884615385 0.2823224495192308 0.4619024783653846 0.253654625 0.4597622427884615 0.23051758653846152 0.46015685576923077 0.2291626826923077 0.46488197355769234 0.23889496394230772 0.5296513125 0.23737243990384613 0.5349609855769231 0.24178428846153846 0.5397405865384616 0.25901376682692306 0.5465964759615385 0.31594955288461535 0.5488644495192307 0.3164570625 0.5470945576923077 0.31113840625000005 0.5455694591346154 0.3031425528846154 0.5349648341346154
2 0.4432323317307692 0.5374767956730769 0.4403741658653846 0.4887893966346154 0.4173164855769231 0.4747269206730769 0.3461541682692308 0.4624048605769231 0.34899190384615386 0.4688066658653846 0.3566770336538462 0.5331647163461539 0.36848206971153846 0.5408901947115384 0.41975037019230765 0.5444149543269231 0.4432323317307692 0.5374767956730769
2 0.14725808894230769 0.8015295985576922 0.14356119471153847 0.8144221995192308 0.15353939903846153 0.8180214519230768 0.17005688701923075 0.8220197163461538 0.19184460336538461 0.8267911442307692 0.2997083894230769 0.8621313125000001 0.32967175721153846 0.8230134927884615 0.3281256009615384 0.8130282043269231 0.3084796586538462 0.8007875120192308 0.17318321875 0.7495153197115385 0.16197580288461538 0.7617128389423077 0.15803177403846155 0.7715999423076922 0.15317087019230768 0.7885519206730769 0.14725808894230769 0.8015295985576922
1 0.41848353125 0.8365831923076923 0.40232531490384615 0.8275567403846154 0.37502487740384616 0.8189904182692308 0.3595320889423077 0.8152859807692308 0.3426525528846154 0.8126424302884616 0.3396300480769231 0.8154484206730769 0.33424768749999995 0.8227089375 0.33230146394230775 0.8294962259615384 0.33628811778846157 0.8387052139423077 0.3489539591346154 0.8445336658653846 0.36608063221153847 0.8501827091346155 0.3816883389423077 0.8495269399038462 0.40281062740384616 0.8489763533653847 0.41786072596153845 0.8503572692307693 0.42634901442307693 0.8476424687499999 0.45225804567307687 0.8572859158653846 0.4603552283653846 0.8559350649038462 0.4632337596153846 0.8574985216346154 0.4626001730769231 0.8558407427884615 0.45581096875000005 0.8487627620192307 0.4450308076923077 0.8478681778846154 0.4313918533653846 0.845433375 0.41848353125 0.8365831923076923
2 0.3039422788461538 0.2565801730769231 0.27346299278846153 0.31867563221153844 0.3419201490384615 0.34503571875000005 0.3568670697115385 0.3459477379807692 0.39511255288461544 0.30971438221153846 0.37194779807692313 0.28451530048076923 0.3150941826923077 0.2530476153846154 0.3039422788461538 0.2565801730769231
2 0.4517296826923077 0.583440766826923 0.45452089182692307 0.5669848125 0.44063837259615385 0.5384199615384616 0.42169676923076926 0.5441647331730769 0.3895952283653846 0.5423051225961538 0.3776315096153846 0.5404736899038461 0.38462182451923077 0.5680287307692308 0.38801212500000004 0.5846580913461539 0.41108975480769233 0.58456275 0.4517296826923077 0.583440766826923
2 0.4501239567307692 0.5534056009615385 0.4914043629807692 0.5541015240384616 0.5050060793269231 0.5497601899038462 0.508835764423077 0.5339183245192308 0.5037283173076923 0.523737764423077 0.4937253629807692 0.5047553653846154 0.44175047355769226 0.4968808557692308 0.44129956249999996 0.5130941009615385 0.43963285817307696 0.5392562836538461 0.4501239567307692 0.5534056009615385
2 0.4623751923076923 0.4486184951923077 0.45281751682692306 0.4452101177884616 0.44419753125 0.4647744471153846 0.4319646850961538 0.4689459711538462 0.4310552620192307 0.47736607692307687 0.43599863942307693 0.48112072596153843 0.43904180288461536 0.4880031754807692 0.44069430528846154 0.4944868629807692 0.46380824759615386 0.49610648076923075 0.4725379278846154 0.4779091225961538 0.4690064350961538 0.47622872355769236 0.47658962259615384 0.45503157692307694 0.4623751923076923 0.4486184951923077
2 0.42540844951923074 0.47680123557692305 0.4253235192307692 0.4793073413461538 0.4291719951923077 0.4791456442307692 0.4351009855769231 0.46399360576923077 0.4421118557692308 0.44175371874999997 0.4444963052884615 0.4323331875 0.44501480769230767 0.42721007932692306 0.43992148798076924 0.43502794230769226 0.42676265865384616 0.43671979326923077 0.4174074230769231 0.43509158173076923 0.3852137067307692 0.42480582211538465 0.3754518557692308 0.46437425721153847 0.39256232932692303 0.46759363461538467 0.39797075000000004 0.4708314471153846 0.42540844951923074 0.47680123557692305
2 0.48963703125 0.35207187740384616 0.46758821394230765 0.33973964423076924 0.4492796298076923 0.3528531346153846 0.4372590745192308 0.3737795288461539 0.45008395673076923 0.38678806730769233 0.46563949278846156 0.4042698605769231 0.49559348076923077 0.41352678846153845 0.5166189639423077 0.3838481754807692 0.5077368125 0.3589313076923077 0.48963703125 0.35207187740384616
2 0.3139954831730769 0.4380007596153846 0.2751362043269231 0.4357673605769231 0.25921654807692307 0.4352090336538461 0.24679225240384614 0.4365491850961538 0.2425111346153846 0.4397850408653846 0.23916232932692308 0.44906962740384615 0.24526151682692307 0.4534895793269231 0.2513374278846154 0.4556887091346154 0.314757733173077 0.4609407355769231 0.31775268028846154 0.4528902019230769 0.3153432932692307 0.4472965576923077 0.3139954831730769 0.4380007596153846
0 0.5186628149038461 0.4849145144230769 0.5186456923076923 0.47742366346153847 0.5134272427884615 0.4684589326923077 0.5128746682692308 0.4674394254807692 0.5132393413461538 0.45861710096153846 0.510433625 0.45781257451923074 0.4793584519230769 0.4621340985576923 0.47760312499999996 0.4682556466346154 0.47711386298076924 0.47300054326923074 0.47569880048076923 0.4795008221153846 0.47395669471153845 0.4870495456730769 0.4767795384615384 0.4907408918269231 0.48195180288461537 0.4968280408653846 0.48434275961538464 0.4975136370192308 0.49303814182692307 0.4988647764423077 0.5007794158653847 0.5005046538461538 0.5175062403846155 0.49953717548076926 0.5181992427884615 0.4985936706730769 0.5184346706730769 0.48571015144230767 0.5186628149038461 0.4849145144230769
2 0.36576928365384614 0.5447339158653846 0.35136628125 0.4724045625 0.2924818677884615 0.4633044014423077 0.3092001947115385 0.5480010336538462 0.36576928365384614 0.5447339158653846
2 0.41728483413461537 0.33063988701923075 0.3902123677884616 0.3147408557692308 0.38515462740384615 0.3188435216346154 0.3773911802884615 0.32658106730769226 0.3612211826923077 0.35000787980769227 0.3590974783653846 0.3516130673076923 0.42496924759615384 0.3734536947115385 0.44064085096153843 0.3613413245192308 0.44348103365384617 0.3514364302884615 0.4368987475961538 0.3395853125 0.41728483413461537 0.33063988701923075