0 1 0.1761702235576923 0.9430770192307693 0.1489481081730769 0.8857474567307692 0.12717356971153845 0.8580183725961539 0.12355812019230769 0.8152962379807692 0.1241100408653846 0.7682738629807692 0.1344733125 0.7267407860576923 0.16539066105769232 0.7345923846153847 0.16159323798076922 0.7077023966346154 0.20245506971153848 0.7232052427884615 0.24445907932692307 0.76938675 0.28710279807692307 0.8169933221153846 0.2981311153846154 0.9597495673076923 0.33120373557692306 0.99298553125 0.3429713365384615 0.9963031442307693 0.3259036899038461 1 0.3170916850961539 1 0.1761702235576923
2 0.3867736298076923 0.5293869230769231 0.4496514615384615 0.5488223052884615 0.46968296875 0.5491176682692308 0.4977281730769231 0.4337525889423077 0.4987406899038461 0.42854363221153846 0.48881066826923075 0.4217991730769231 0.48614500240384617 0.42308842067307695 0.4143977764423077 0.40794271634615387 0.40195897355769233 0.4223501129807692 0.37365118269230774 0.514217235576923 0.3867736298076923 0.5293869230769231
2 0.491406923076923 0.48061714903846153 0.4883319495192308 0.5010674374999999 0.4871003365384615 0.5165524206730769 0.4775867548076923 0.5334179783653846 0.48308362740384614 0.5418475120192308 0.4930321754807692 0.5457858870192308 0.5090747403846154 0.5505637668269231 0.5130596274038461 0.5553639254807693 0.5201302379807692 0.5580692163461538 0.52653509375 0.5573096225961538 0.5294776586538462 0.55821021875 0.5593107019230769 0.5656851274038461 0.5577872788461539 0.5573707163461539 0.5608125528846154 0.5579587692307693 0.5657252740384615 0.5602446105769231 0.5728195048076923 0.5559384951923076 0.5773111586538462 0.5350899134615384 0.56767234375 0.5271861730769231 0.5660915504807693 0.5215388485576923 0.566289 0.5158921346153846 0.5767460336538461 0.5035477235576923 0.5733730961538461 0.5002302836538461 0.5789946322115385 0.4896077572115385 0.5763798774038462 0.4847617403846154 0.5774544326923077 0.47460270432692303 0.57935578125 0.47397000480769236 0.5819533461538462 0.4560887259615385 0.58135221875 0.4522913533653846 0.5864619783653846 0.43289382451923075 0.5789609951923077 0.4277716875 0.5401155985576923 0.41854495432692307 0.5152610072115384 0.41538966346153844 0.49870597596153843 0.41550716826923073 0.4984988052884616 0.4258348052884615 0.49930710336538464 0.4193045408653846 0.4945061298076923 0.4601551418269231 0.491406923076923 0.48061714903846153
2 0.5643745480769231 0.6048055913461539 0.5680984014423077 0.5856480264423077 0.5358659495192307 0.5758335961538461 0.5222893533653846 0.5724880456730769 0.49968607932692305 0.5716434903846154 0.4933457403846154 0.5945480649038462 0.4742641201923077 0.6731742884615385 0.47173743990384615 0.6861729326923077 0.5312554158653846 0.7019976610576923 0.5410594591346154 0.7003542956730769 0.5528713197115385 0.649414125 0.5643745480769231 0.6048055913461539
2 0.39707468269230767 0.6477365504807693 0.41925152403846155 0.659359048076923 0.47038932932692307 0.66441925 0.48819611778846156 0.5728112668269231 0.4236125625 0.5614733846153845 0.41595978605769235 0.5672975913461539 0.39707468269230767 0.6477365504807693
1 0.6509763269230769 0.23405043028846156 0.6603583557692307 0.23469108653846152 0.6339724903846153 0.2129834014423077 0.6286642307692307 0.215895 0.6448927620192308 0.2301075120192308 0.6509763269230769 0.23405043028846156
1 0.6992900528846153 0.2551076153846154 0.6985100192307693 0.25324717788461537 0.6985908894230769 0.24899086057692307 0.692903514423077 0.24504280048076924 0.6859828533653847 0.24540637259615383 0.6822024543269231 0.24723476201923075 0.6784784735576923 0.25475921153846154 0.6756126658653846 0.2615960673076923 0.6812604591346154 0.26382761778846153 0.6921356610576923 0.26650019471153846 0.6990959038461538 0.2678531298076923 0.7120209326923077 0.2698068485576923 0.7134454182692308 0.2643986442307692 0.7105460552884615 0.25785421153846155 0.7053102307692308 0.25542341346153846 0.6992900528846153 0.2551076153846154
2 0.5264880721153846 0.7876290408653847 0.5294660216346154 0.7887994086538461 0.5326655528846154 0.7888298221153847 0.5369894591346154 0.7872549591346154 0.5413365384615385 0.7814947163461539 0.5406727379807692 0.7765514302884615 0.5374154423076922 0.7272334783653847 0.5027863822115385 0.7277154399038461 0.4866526322115385 0.7239714134615384 0.4715283197115384 0.7150342620192307 0.4629777860576923 0.7548438317307693 0.46709071634615384 0.7790902211538462 0.4893123125 0.7846091201923078 0.5264880721153846 0.7876290408653847
2 0.40914426923076924 0.7007391490384615 0.46710107932692313 0.710476735576923 0.47491809375 0.6702616899038462 0.47370184134615384 0.6695159158653846 0.40002915144230766 0.649592454326923 0.40914426923076924 0.7007391490384615
2 1 0.46652440384615385 0.959388610576923 0.45990264903846156 0.9285608028846154 0.5071300600961538 0.94055471875 0.5727204639423077 0.9926999230769231 0.5857001634615384 1 0.5481445240384615 1 0.46652440384615385
2 0.55860321875 0.36183712740384616 0.5527107884615384 0.3595087283653846 0.5360391778846154 0.36101663221153846 0.5317685649038462 0.35305549038461537 0.5230296249999999 0.3545279807692308 0.5158169807692308 0.3562807211538462 0.49056882451923073 0.3909550480769231 0.483404375 0.4223913870192308 0.4934202019230769 0.4279037740384615 0.5015986947115384 0.42671668990384615 0.4991436634615385 0.4175475240384615 0.5116795096153847 0.4156300552884616 0.5512008100961538 0.4217184182692308 0.5431389951923077 0.416996625 0.5459855048076923 0.41319573798076925 0.5526196250000001 0.4117084567307692 0.5725680384615385 0.412431298076923 0.5747467115384615 0.41206610817307693 0.5711474278846154 0.38167581490384617 0.5709051081730769 0.36383403125 0.5650772475961539 0.36388423798076924 0.55860321875 0.36183712740384616
2 0.5525631875 0.3548465216346154 0.5448907788461539 0.30904098076923076 0.5879065504807692 0.3191769375 0.5860914783653846 0.27983356490384614 0.5182961995192308 0.26310642067307694 0.5065590985576923 0.36008411298076926 0.5525631875 0.3548465216346154
1 1 0.4648861875 0.9537184615384615 0.4598191995192308 0.9117103629807691 0.5069601129807693 0.9157426514423077 0.5425774471153846 0.9487825625 0.5838168629807693 0.9921061754807692 0.5887547307692308 1 0.5481445216346154 1 0.4648861875
2 0.922387514423077 0.4903207283653846 0.9319925360576923 0.49568753846153846 0.9494785120192308 0.4741772019230769 0.8323511875 0.4603812355769231 0.8218885288461538 0.46631649519230767 0.8158787331730769 0.4835673629807692 0.8436471105769231 0.48449578125 0.8966157884615384 0.4927872764423077 0.922387514423077 0.4903207283653846
2 0.4058208581730769 0.7015719254807693 0.402689125 0.7316889879807692 0.46221283173076927 0.7494043870192308 0.4675831826923077 0.7217763317307693 0.4058208581730769 0.7015719254807693