0 1 0.14980800721153847 0.9653135673076924 0.12330825961538462 0.9239652043269231 0.10660495673076922 0.8858112307692309 0.09566448076923077 0.82390584375 0.09976643990384616 0.7857518677884615 0.08882596394230768 0.7206794471153847 0.07016674759615385 0.6856963677884615 0.09899474999999999 0.6513649086538462 0.10858842307692308 0.6407547139423078 0.1371096298076923 0.6019055552884616 0.17942026201923078 0.5649821682692308 0.2319768028846154 0.5980093293269231 0.22687286298076922 0.6759591298076923 0.2176440889423077 0.7461583653846154 0.2523477211538462 0.7692034639423077 0.2905363149038461 0.7749981129807693 0.27032797115384616 0.8881713437500001 0.3076436105769231 0.9112784086538461 0.29484828125 0.9477950024038461 0.3368828774038462 1 0.33772719230769227 1 0.14980800721153847
1 0.5551457475961539 1 0.5591191322115384 0.99780353125 0.57291196875 0.9920479759615385 0.5351228942307692 0.9374891586538462 0.53127303125 0.9339533605769231 0.5188035096153846 0.9012291346153846 0.5152677091346154 0.9050789975961538 0.5001979254807692 0.8983259350961539 0.46493540384615384 0.885782701923077 0.4162013798076923 0.8693934639423078 0.37354592548076926 0.8741515168269232 0.34917304086538464 0.8744583100961538 0.34788881971153846 0.8789369158653847 0.35427697836538463 0.9074854711538461 0.35617092788461535 0.9347453341346154 0.34651467067307695 0.9684207019230769 0.34130084615384615 0.97464346875 0.42972958173076925 1 0.5551457475961539 1
1 0.5908356274038462 0.5312313076923076 0.6892679230769231 0.5232484879807692 0.6943878245192308 0.5184680432692308 0.7001738317307692 0.5026480985576923 0.7331650192307693 0.4843547259615385 0.7662883822115384 0.48539831730769234 0.7823729086538461 0.4815586971153846 0.7788210408653846 0.4939908389423077 0.8383342788461537 0.4823295336538462 0.8545860432692307 0.4713851610576923 0.8547532788461538 0.46428040625 0.7904151706730769 0.47963888701923074 0.7248841778846155 0.48409382932692313 0.6834799759615385 0.4827893413461538 0.6797386947115385 0.48680762259615384 0.6751991346153846 0.48252844471153844 0.6691880745192308 0.48440713461538465 0.6669182932692308 0.48226754807692307 0.6248455697115385 0.4822977764423077 0.6113268149038462 0.4859195985576923 0.5994442067307693 0.49249311057692313 0.5928540264423077 0.4981016682692308 0.5872377451923076 0.5089714423076923 0.5832687475961539 0.5228129855769231 0.5908356274038462 0.5312313076923076
2 0.1650517764423077 0.35273390625 0.22744959615384616 0.37241631971153843 0.2487159903846154 0.3794094206730769 0.25628108894230767 0.37799842788461535 0.2562870600961538 0.37173469951923077 0.30142258653846155 0.3828869783653846 0.30884821394230766 0.40381256009615385 0.3290623317307692 0.39886811298076924 0.35569375961538463 0.3778456538461539 0.3723624807692308 0.3727796418269231 0.37024599278846154 0.3614319927884615 0.36776481009615386 0.36072052644230773 0.37807212500000004 0.3341390264423077 0.39772021634615384 0.3030754519230769 0.40647706009615386 0.2912654302884615 0.40851228125000005 0.26856050000000004 0.40783066105769233 0.23972303846153847 0.4070155384615385 0.22695842548076922 0.4102201225961538 0.21266125721153847 0.405969233173077 0.2087571466346154 0.4035119326923077 0.18299076682692308 0.3746827451923077 0.158613 0.35744053124999997 0.15007173317307693 0.25002874038461537 0.11569164903846155 0.19154466826923075 0.09802654807692307 0.16163335576923077 0.09302986778846155 0.13374004086538463 0.09041885336538462 0.1285509735576923 0.08354364663461539 0.11638820432692308 0.07289552884615384 0.09965756009615385 0.08218236778846154 0.09950646153846154 0.08270931009615384 0.10360120913461539 0.0925174375 0.11752772115384615 0.11262193028846154 0.07400819471153847 0.26127110576923074 0.07246369951923076 0.2697788533653846 0.06797565144230769 0.2667018028846154 0.05687112740384615 0.2617275072115385 0.04883460576923077 0.25942306971153845 0.04334664182692308 0.2785618774038462 0.045742728365384615 0.28180812259615384 0.05813668269230769 0.29789291105769233 0.10101177403846154 0.3200497235576923 0.119101125 0.3288170144230769 0.15997979326923076 0.3423289110576923 0.1650517764423077 0.35273390625
2 0 0.841607798076923 0.02464046394230769 0.8560111754807692 0.09771364182692308 0.8723879302884616 0.22351387500000003 0.8684360625 0.24509996634615383 0.8769056490384616 0.27459003605769233 0.8419090240384615 0.30758140865384614 0.7667266009615384 0.5169958701923076 0.8302034927884615 0.5440625841346154 0.7876385745192308 0.3198559711538461 0.7279250048076923 0.30083360096153844 0.7224704278846155 0.28815984375 0.7028264831730768 0.07797679086538462 0.6619955240384615 0.027519021634615386 0.6784151033653847 0 0.6736822692307692 0 0.841607798076923
2 0.1464797764423077 0.8621033725961538 0.12935279807692307 0.8683552427884614 0.13285141826923078 0.87076015625 0.17189174759615386 0.8805530913461539 0.20300615384615384 0.8936632211538461 0.22621063701923075 0.900317 0.23836196875000001 0.9065878533653847 0.26469407451923077 0.9071637283653846 0.2788789254807692 0.9112311706730769 0.28458543509615386 0.9156540024038461 0.32813286778846157 0.9225679927884615 0.3194961610576923 0.9089285048076923 0.3009115360576923 0.8910516826923077 0.29816276201923075 0.8763140144230769 0.29844893028846153 0.8638314158653846 0.3909908317307692 0.8503034663461538 0.3931498725961538 0.8449498461538462 0.4019852331730769 0.8498082572115385 0.4078166298076923 0.8478438365384615 0.41082059134615384 0.8546666682692308 0.41622953125 0.8466140264423078 0.42464243269230767 0.8453842115384614 0.4196559495192308 0.8595250769230769 0.43382519471153846 0.8635880432692308 0.4445291538461538 0.8489925288461537 0.44146823076923075 0.8429245841346155 0.45245593749999996 0.8424330865384615 0.44988112980769235 0.8416947716346154 0.45006976923076925 0.8342168221153846 0.44052509375000004 0.8013517788461539 0.4311923221153846 0.7982084158653847 0.41252678365384615 0.7919216923076923 0.30111677403846154 0.7669501201923077 0.3007338485576923 0.7780032716346154 0.3032112379807692 0.796146266826923 0.29501988701923076 0.7931008052884615 0.2745291923076923 0.8402365552884615 0.26549395673076925 0.8376457427884615 0.25884858653846154 0.8496896850961538 0.24817795913461538 0.8480316322115384 0.23857837740384616 0.8620149831730769 0.22697240865384616 0.8684482740384615 0.21739588461538462 0.862915735576923 0.16269815144230768 0.8639673990384615 0.1464797764423077 0.8621033725961538
1 0.24289438221153845 0.3998295769230769 0.2027908798076923 0.3591138822115385 0.17912366826923076 0.35366156730769227 0.09708270913461538 0.334105375 0.08183702163461538 0.3270823317307692 0.0425484639423077 0.33441018509615383 0.01741192548076923 0.38962036298076924 0.011363024038461539 0.49411124999999995 0.02185891346153846 0.5223515360576922 0.12476356971153847 0.5385850216346154 0.18664777163461538 0.5496930552884616 0.2054260721153846 0.5351498341346154 0.22335832211538462 0.49116469471153845 0.22973861298076922 0.41331673557692306 0.24289438221153845 0.3998295769230769
1 0.6548311105769231 0.6410470024038462 0.649363108173077 0.6601161899038461 0.645879735576923 0.6697905504807693 0.646821079326923 0.6764610192307692 0.6526345264423077 0.6809820673076923 0.6581729134615385 0.683988764423077 0.66767775 0.6781689158653846 0.6765255120192308 0.6622136346153845 0.6768170600961538 0.6487699639423077 0.67814628125 0.6391872043269231 0.6815380528846154 0.6273586923076924 0.6855925096153845 0.60573940625 0.6858767764423077 0.6022744447115385 0.6863626586538462 0.59315915625 0.6700130985576924 0.5955808341346154 0.6666168533653847 0.607424951923077 0.6510235048076923 0.6072094014423077 0.5857274615384616 0.5892122451923076 0.5579280649038462 0.5769682379807692 0.52712196875 0.5702626177884615 0.5348053028846154 0.5781570264423077 0.5636515793269231 0.5892826322115384 0.583188235576923 0.5955939735576923 0.6068608653846154 0.6023819903846154 0.6259300504807693 0.6078499903846154 0.65617234375 0.6165218269230769 0.6598380408653846 0.6261182668269231 0.6548311105769231 0.6410470024038462
1 0.630234170673077 0.3991328389423077 0.6438395961538461 0.3654077163461539 0.6454113581730769 0.3353080576923077 0.6373414038461539 0.33064660817307695 0.4687182283653846 0.28345995913461536 0.45162853124999996 0.3020676346153846 0.4444646442307692 0.32705107451923077 0.4432005673076923 0.34783235576923077 0.5971901875 0.3938120697115384 0.6074245120192308 0.3923389543269231 0.630234170673077 0.3991328389423077
2 0.3834136802884615 0.5272985793269231 0.39347641346153844 0.5163527668269231 0.4127299903846154 0.5155237620192308 0.4188403317307693 0.5103518028846155 0.4111475961538461 0.5029613389423078 0.39949799759615384 0.5013603317307692 0.38915590384615384 0.5012657403846154 0.3927202403846154 0.4955494927884615 0.3665172620192308 0.49752695432692307 0.32501250480769234 0.4998622211538462 0.3152208509615385 0.5141620312499999 0.30376676442307693 0.5507501418269231 0.27715529567307695 0.590608420673077 0.28470271153846155 0.5820149615384616 0.28699272115384616 0.5820974206730769 0.3095964350961538 0.5897273149038461 0.28942273076923075 0.5897013990384615 0.2811076658653846 0.5965548173076923 0.28621442067307695 0.6008901105769231 0.3060765480769231 0.5979388389423077 0.3197157091346154 0.5966651971153847 0.3334914038461539 0.5948565144230769 0.3509352932692308 0.5883239783653846 0.3753014591346154 0.5716676971153846 0.3827050625 0.5478507115384615 0.3834136802884615 0.5272985793269231
2 0.5025077163461538 0.8753113124999999 0.4957144158653846 0.8600725264423077 0.49452094471153846 0.851218764423077 0.48862939182692305 0.8420817908653846 0.4839454951923077 0.8269074495192308 0.45978577644230767 0.8258230024038462 0.44741757451923075 0.8318519615384615 0.44031267788461537 0.8510935168269231 0.43131310576923076 0.8602163004807692 0.4406377379807692 0.8703376947115384 0.4681061153846154 0.8766097644230769 0.4815103028846154 0.8762144711538462 0.49527382451923074 0.8801610985576923 0.5016562259615385 0.8819912211538461 0.5025077163461538 0.8753113124999999