2 0.69172584375 0.45953084375 0.6953044639423077 0.4710094519230769 0.7123252067307693 0.4730257091346154 0.7251750985576924 0.5094988918269231 0.748286497596154 0.51412075 0.8681429927884616 0.5056581322115384 0.8667334639423078 0.4598275072115384 0.8266995528846154 0.39782785096153844 0.8176175024038461 0.39537901923076924 0.7544354038461538 0.4037962596153846 0.6990555024038462 0.4096068725961538 0.6913828942307692 0.4340518293269231 0.7013026658653847 0.4524853221153846 0.6943527427884616 0.45284955288461537 0.69172584375 0.45953084375
2 0.6880815360576923 0.48725131250000003 0.6944262259615385 0.5132089567307692 0.7083729639423078 0.5701808798076923 0.8533207620192308 0.5589326177884616 0.8675841442307692 0.5457753605769231 0.8635969014423076 0.5079949663461538 0.7304781778846153 0.5164420865384616 0.7093708389423077 0.47517998076923074 0.6972593990384616 0.47216284375 0.6899052620192307 0.4652445192307692 0.690248985576923 0.4718031754807692 0.6880815360576923 0.48725131250000003
2 0.7132835216346154 0.5945943028846153 0.7340907331730769 0.6352937884615385 0.7540014567307692 0.659317670673077 0.8785663629807693 0.6421478509615385 0.8789705072115385 0.5904717235576923 0.8618233221153846 0.5602220721153846 0.7286464350961539 0.5710021610576923 0.7151964254807692 0.5717070480769231 0.71002334375 0.57197815625 0.7073564927884616 0.5804792163461538 0.7132835216346154 0.5945943028846153
2 0.7361383100961538 0 0.7358788846153845 0.03637610817307692 0.7103791153846154 0.14067538461538462 0.7405411586538461 0.17052386778846154 0.8805035817307693 0.15968559855769232 0.884702641826923 0.14900565625 0.9297671249999999 0.008765199519230769 0.9206328581730769 0 0.7361383100961538 0
2 0.8122850168269231 0.31858916586538466 0.7907258149038461 0.2708566923076923 0.7517239663461539 0.20832374278846155 0.7117167596153846 0.21741020913461537 0.7042090024038461 0.2561896129807692 0.7392864206730769 0.33464284134615385 0.8510256826923077 0.3305218846153846 0.8504790048076922 0.32009065384615387 0.843531375 0.32394139182692305 0.8122850168269231 0.31858916586538466
2 0.7435692596153847 0.33545941586538464 0.7015568245192308 0.2550727620192308 0.67284609375 0.25808113701923074 0.6688881658653846 0.2613125120192308 0.6635643533653847 0.30389371875 0.66839109375 0.3172402548076923 0.68684190625 0.3676308028846154 0.7024609014423077 0.40357880288461534 0.7627835216346154 0.4004174278846154 0.7867562091346154 0.3986653461538462 0.8612100841346154 0.38972347115384615 0.8686860024038462 0.3490454423076923 0.8573277764423076 0.32898533173076927 0.8518665865384616 0.32978379326923074 0.7868318293269231 0.3346958317307692 0.7435692596153847 0.33545941586538464
2 0.7865398197115384 0.7689365889423077 0.7635483365384614 0.7480981129807692 0.7476651850961538 0.7058186249999999 0.7538715504807693 0.6809382548076923 0.7115613293269232 0.6826599134615384 0.7073207379807692 0.6934081298076923 0.7374932403846154 0.8121072067307692 0.8314075408653847 0.8026742355769231 0.8343849206730769 0.7945039134615384 0.8339752427884615 0.7604357596153846 0.7865398197115384 0.7689365889423077
2 0.6401539254807692 0.6847497860576923 0.6465826009615385 0.6899319879807693 0.6731902307692308 0.6885375408653847 0.67961225 0.6806824230769231 0.6886311418269231 0.6832171850961538 0.702179079326923 0.6805077283653845 0.7252107956730769 0.676293264423077 0.7262157451923077 0.6692177716346154 0.7264716346153846 0.661190076923077 0.7142573100961538 0.5976828870192308 0.710654625 0.5943520192307692 0.7046197668269231 0.5966842572115385 0.6381934230769232 0.608179798076923 0.6322622019230769 0.6124895192307692 0.6296494927884615 0.6151381370192308 0.630225533653846 0.6261296538461539 0.6401539254807692 0.6847497860576923
2 0.6662499951923077 0.507481016826923 0.6582581274038461 0.4926975 0.6572030072115385 0.4897784254807692 0.6551964038461539 0.4859177548076923 0.6142390985576923 0.488064235576923 0.6161758653846154 0.49919925721153846 0.6148781826923077 0.5002587235576923 0.6183724687500001 0.5066853125 0.6200846923076924 0.5135357836538461 0.6231127331730769 0.5196728461538462 0.6238389278846154 0.5249225649038461 0.6212608365384615 0.5273710769230769 0.6252395 0.5344332548076923 0.6254640432692308 0.5387178052884616 0.6255331346153846 0.5400361274038462 0.6244248245192308 0.5619228052884615 0.6586000865384616 0.5594707836538462 0.6583755408653846 0.5551862331730769 0.6614725576923076 0.55403246875 0.6637044495192307 0.553585014423077 0.6686698870192308 0.5536552740384615 0.6713688870192308 0.5535138245192308 0.6717337283653847 0.5260478485576923 0.6687238245192308 0.52025684375 0.6676514326923078 0.5170081875 0.6660773894230769 0.5127943629807692 0.6662499951923077 0.507481016826923
2 0.7179255721153847 0.8720913942307693 0.7183755240384616 0.8806769711538462 0.7233294711538462 0.8835404375 0.7310402091346154 0.8882258173076922 0.7436945985576924 0.8848195961538461 0.7536733437500001 0.8815701250000001 0.7611180817307692 0.8811799615384615 0.7675282043269231 0.8808440216346154 0.7845768798076923 0.8799505384615384 0.8022447716346155 0.8809744711538462 0.7964453557692307 0.8417522884615385 0.726320389423077 0.8489470576923076 0.7167389447115385 0.8494491995192307 0.716334704326923 0.8623923846153846 0.7179255721153847 0.8720913942307693
2 0.7093693125 0.7419648197115385 0.7117580745192308 0.7281575120192307 0.7142660192307692 0.7166243149038463 0.7030467283653846 0.7005062283653847 0.7094953653846154 0.6849824423076923 0.7290114014423076 0.681679295673077 0.7224461610576923 0.6751823076923077 0.6856991923076923 0.6862295456730769 0.6792134086538462 0.6812486274038462 0.667178048076923 0.6887204326923076 0.6837414038461538 0.7478521033653845 0.6760431466346154 0.7588971995192307 0.678469920673077 0.765611076923077 0.68911140625 0.7711343197115385 0.7070099615384616 0.8355168389423077 0.8223833653846153 0.8211256057692308 0.8175695432692307 0.808455889423077 0.7315030216346153 0.8084057379807692 0.7186808581730768 0.7414768245192308 0.7093693125 0.7419648197115385
2 0.6537777740384616 0.7841895504807692 0.6499190552884616 0.8005029639423077 0.6592005240384615 0.7977196682692308 0.6608250120192308 0.8287167331730768 0.7064015552884615 0.8286415673076923 0.6779534759615384 0.7656546658653846 0.6875354879807692 0.7686060721153846 0.6831827548076923 0.7457993197115385 0.6566726802884616 0.7494855288461538 0.6616048677884615 0.7837793485576923 0.6537777740384616 0.7841895504807692
2 0.6313582980769231 0.6813110120192308 0.6337808028846154 0.6474910120192308 0.6265465985576923 0.6441521754807693 0.60884725 0.656729389423077 0.6071895889423077 0.6590966153846154 0.6148904663461539 0.6876931682692308 0.6313582980769231 0.6813110120192308
1 0.7502434951923077 0.6908942548076923 0.7484229158653846 0.7065059807692309 0.7345522572115384 0.7198409495192308 0.7351861610576923 0.7319365600961538 0.7446582307692308 0.7358025649038461 0.7566607788461539 0.7376026105769231 0.7673421466346154 0.7520634086538462 0.7776443822115385 0.7592899086538462 0.803302110576923 0.7686034158653846 0.8239249350961538 0.770926625 0.8356735745192307 0.7678818317307693 0.8430234879807692 0.743734701923077 0.826450139423077 0.6801089471153846 0.8057454903846154 0.663744375 0.7775130192307693 0.6681322524038461 0.7602566658653847 0.6796947908653846 0.7502434951923077 0.6908942548076923
2 0.734375 0.4987980769230769 0.43990384615384615 0.9975961538461539