0 0.5105043245192308 0.15684191346153845 0.4985873100961538 0.16715819951923078 0.48761941586538465 0.18353012500000002 0.4848064831730769 0.2204507860576923 0.5024050889423077 0.2322663918269231 0.5204550673076923 0.23825257692307694 0.5385869663461539 0.24528624999999998 0.5768449639423077 0.2605315096153846 0.5953952475961539 0.2654043365384615 0.6118928677884615 0.26734361778846155 0.6214356394230769 0.269737125 0.6293536682692308 0.2640758125 0.6181963822115384 0.25366865625 0.614512375 0.24341400240384617 0.6168436225961538 0.22368906249999998 0.6146010072115384 0.21238908653846153 0.6092890096153846 0.20479453846153847 0.5957851177884615 0.18803315625 0.578121451923077 0.17519563942307695 0.5504943004807692 0.16448131490384615 0.5135971850961538 0.15314644951923076 0.5105043245192308 0.15684191346153845
2 0 0.6931754158653847 0.06119986538461538 0.7206468004807692 0.10293134134615384 0.7348254855769232 0.12049365625 0.7246591129807692 0.26345159615384617 0.7941609302884616 0.28028877403846153 0.7607627115384615 0.13669506971153847 0.6927586610576923 0.15860512980769229 0.6474094807692308 0 0.5622974807692308 0 0.6931754158653847
2 0.27572919471153845 0.6090016153846154 0.2827507475961539 0.6049299543269231 0.32051340144230767 0.5909830673076922 0.3161194783653846 0.5450559158653846 0.295547625 0.5310391850961539 0.2426462403846154 0.5244373774038462 0.19739556009615383 0.5122817355769231 0.19732226201923078 0.5686677115384615 0.27572919471153845 0.6090016153846154
0 0.6815103389423077 0.2732155072115385 0.69100046875 0.2508581610576923 0.697148204326923 0.2417939471153846 0.7071972475961539 0.24149311778846153 0.7168244471153845 0.24760503846153847 0.7167408605769231 0.23337322115384615 0.7122087836538462 0.23144946875 0.6983427716346153 0.22455098798076925 0.6958173293269231 0.21789989663461537 0.6939092788461539 0.20084981009615385 0.6974371105769231 0.1871198269230769 0.6888049182692307 0.1733101754807692 0.6543796129807693 0.1500802716346154 0.6222064807692308 0.1359080264423077 0.6090956923076922 0.13441207451923076 0.5897861826923078 0.1475193846153846 0.5746846225961538 0.17408663701923077 0.5937535865384616 0.1867473269230769 0.599297298076923 0.19164147115384617 0.6085869951923077 0.2057302139423077 0.6170438701923077 0.21642731971153847 0.6419037091346154 0.2081985480769231 0.6627805072115385 0.21300938942307693 0.6935542836538461 0.22505937259615386 0.6923228629807692 0.2387330048076923 0.6848259975961538 0.25280364903846153 0.674169670673077 0.2599540769230769 0.6711546586538462 0.26881978125 0.66150321875 0.2753656370192308 0.6815103389423077 0.2732155072115385
1 0.31222968028846154 0.7112382692307692 0.3073515120192308 0.7126108173076923 0.30466937499999996 0.7189295360576923 0.3026219375 0.7278008701923077 0.30475376682692307 0.7390354062500001 0.3127271177884615 0.7487171033653847 0.32901777163461543 0.7550612764423076 0.3933436730769231 0.7519847331730769 0.4534546466346154 0.7425158413461539 0.38969591586538466 0.7280646971153846 0.34456913942307693 0.7123527259615384 0.31222968028846154 0.7112382692307692
1 0.5534156658653846 0.12926384375 0.5293937644230768 0.1148874278846154 0.5355432163461539 0.10333820432692307 0.5239976514423077 0.09508625721153846 0.4569511586538461 0.05495293990384616 0.43520022596153846 0.07074332932692308 0.4272634903846154 0.09237908653846152 0.4261097716346154 0.10691427884615384 0.4522376466346154 0.11632933173076923 0.45339879567307695 0.10765259134615385 0.46478089663461536 0.10747570192307693 0.4823780889423077 0.11328810817307693 0.49880670192307697 0.12191879807692309 0.5534156658653846 0.12926384375
2 0.3022142740384615 0.5020147139423077 0.2801560817307692 0.49515571875000003 0.2305106514423077 0.48251558653846155 0.22151418990384614 0.46884592067307695 0.22791312980769232 0.4462628004807693 0.1371373341346154 0.4084304519230769 0.12987074519230768 0.4130793822115385 0.11880274038461539 0.4765642163461538 0.24885810096153846 0.5240360264423077 0.2880813269230769 0.52381909375 0.4021750120192307 0.5715493004807692 0.41559706249999995 0.57231196875 0.4063423245192308 0.5592507740384616 0.3978754134615385 0.5542574014423077 0.2849656201923077 0.5112462812499999 0.3085931586538461 0.5086627451923077 0.39111057932692306 0.5303031442307693 0.39136885817307693 0.5296946754807692 0.3022142740384615 0.5020147139423077
1 0.23159454326923076 0.2784821394230769 0.20821639663461539 0.33629971875 0.23316029086538462 0.3730524879807692 0.24399423317307692 0.38304619951923075 0.2530930961538461 0.3807401201923077 0.26410226442307694 0.3738683533653846 0.2836071033653846 0.38524103365384615 0.3069837019230769 0.3520408269230769 0.3549486057692308 0.3454626658653846 0.3561656658653846 0.3344343966346154 0.3378630576923077 0.3270520721153846 0.33553572115384617 0.3224478846153846 0.3241900985576923 0.3224082548076923 0.32555875 0.31428728605769235 0.27567390625 0.27348428365384614 0.25244233653846154 0.24575520432692308 0.24040818990384613 0.2468153293269231 0.2337184206730769 0.2516722764423077 0.23402866826923077 0.2564256057692308 0.25571996634615385 0.2571630841346154 0.2656969350961539 0.26532368269230766 0.2556088701923077 0.2655858581730769 0.2556705528846154 0.29055045192307694 0.23159454326923076 0.2784821394230769
1 0.2253203653846154 0.3910651754807692 0.23940972596153848 0.3970457548076923 0.24469323557692307 0.39928847115384614 0.24591221875 0.3915200985576923 0.23969751201923076 0.3791969302884616 0.22694762740384616 0.36757978365384614 0.2155545144230769 0.34545399278846156 0.2019123028846154 0.33345807451923076 0.19412589663461538 0.33221518509615383 0.18672850240384614 0.3325368004807692 0.17717687740384613 0.33538720913461534 0.16866156009615382 0.3407581586538461 0.16441692788461537 0.34586125240384613 0.1624235360576923 0.3505573870192308 0.15963285576923078 0.3694060360576923 0.16518745913461538 0.37590672596153846 0.1879361153846154 0.378658125 0.19974817788461538 0.3802104254807693 0.21386102163461537 0.38620097115384616 0.2253203653846154 0.3910651754807692
1 0.4285012019230769 0.5355134591346153 0.5296686706730769 0.5048601899038462 0.5251498125 0.5021871201923077 0.4060866081730769 0.5297552572115385 0.4285012019230769 0.5355134591346153
2 0.4892865865384615 0.614031423076923 0.49333390624999995 0.6139633557692308 0.4993475721153846 0.5934630721153846 0.42310140625000003 0.5655360024038462 0.4180020360576923 0.5775493701923077 0.4892865865384615 0.614031423076923
2 0.2315483076923077 0.2895128774038462 0.22268284615384618 0.28974881490384613 0.2263633485576923 0.2965421105769231 0.21933813942307692 0.30017469471153846 0.2211783942307692 0.30357134375 0.2159934326923077 0.31060057692307697 0.2060253389423077 0.33597729567307694 0.21415750240384618 0.3587995528846154 0.2484503798076923 0.3830596057692308 0.26661003846153847 0.37461982211538464 0.2832976129807692 0.38492553125 0.2971946177884615 0.38274120432692305 0.30357442067307694 0.3639246057692308 0.3517909326923077 0.3553173485576923 0.343422625 0.34637023798076927 0.3498734014423077 0.34266391826923076 0.3562500889423077 0.3467055961538461 0.3607092451923077 0.3380938413461539 0.3313840889423077 0.32511207932692304 0.31879561057692307 0.3232670360576923 0.31967780769230775 0.32002439663461535 0.3062071298076923 0.3214219903846154 0.3079715264423077 0.3149367139423077 0.23773383413461538 0.2844106153846154 0.25228814182692305 0.2613959447115385 0.25583763221153843 0.2472884855769231 0.23399088461538461 0.24339165384615385 0.23325918990384614 0.25654088942307696 0.2471031826923077 0.2684251778846154 0.23673326682692306 0.2824836442307692 0.22602755048076922 0.27932293509615386 0.2315483076923077 0.2895128774038462
2 0.47111547115384617 0.41475055769230773 0.43664623798076924 0.3921464567307692 0.41249709134615387 0.4008119230769231 0.4147041923076923 0.41239143269230766 0.41191005528846153 0.41268456009615384 0.4004225168269231 0.40514465865384613 0.38298536778846154 0.4305547956730769 0.4085113485576923 0.44582743509615386 0.4073392139423077 0.43291960817307695 0.42111217307692306 0.4303419855769231 0.42339759374999997 0.42022446153846155 0.42898586778846154 0.41963820673076924 0.43488513221153846 0.4277643629807692 0.4432675408653846 0.42688498076923076 0.47111547115384617 0.41475055769230773