2 0.30253640625 0.4397182524038462 0.30189813701923074 0.43805550240384616 0.24730822355769233 0.44500870913461543 0.23131137259615386 0.4530570841346154 0.22747137740384618 0.45803159375 0.2293861875 0.46301984375 0.2255098221153846 0.5262386971153846 0.2272138269230769 0.5306777788461539 0.24950909375 0.529120375 0.27691115865384613 0.5246575264423077 0.28356978365384616 0.5221015216346154 0.2879142211538462 0.4911523846153846 0.28902363221153843 0.4729091105769231 0.2907532740384615 0.4525199927884615 0.29754815865384615 0.4416330600961539 0.30253640625 0.4397182524038462
2 0.4021494711538462 0.4336497331730769 0.3531191442307692 0.44133920432692303 0.3424152259615385 0.44977114182692307 0.34047373076923076 0.5124222908653846 0.3382857475961538 0.5188279302884615 0.4057121826923077 0.5009964399038462 0.4267061730769231 0.48551659375 0.42533104086538465 0.43836800721153846 0.4021494711538462 0.4336497331730769
2 0.14753148798076923 0.25668873557692307 0.27336587259615386 0.19595875721153846 0.2912315360576923 0.1825198798076923 0.29187317307692306 0.17276979326923078 0.25972885817307695 0.13758990865384615 0.15893954326923077 0.18067239663461537 0.1383802644230769 0.18709416586538463 0.12282635096153846 0.19232965384615383 0.11353054807692307 0.1966330793269231 0.11817996153846154 0.20874521634615384 0.12496865625 0.2207537596153846 0.13108199038461538 0.23667954086538462 0.13571454326923077 0.24587525721153847 0.14753148798076923 0.25668873557692307
1 0.3020957475961538 0.17922462019230767 0.3052416610576923 0.18167501201923075 0.3212587163461539 0.1777144375 0.33585158894230766 0.1728478581730769 0.3613935216346154 0.16230812980769233 0.3761757283653846 0.15225817788461538 0.38784590865384616 0.14265022115384615 0.40076264423076924 0.1391621514423077 0.4110592283653846 0.13739745913461537 0.41699191105769234 0.13000942307692306 0.41746107451923076 0.12835912980769232 0.4148238966346154 0.13010654567307692 0.4069185528846154 0.12948312740384615 0.38280665384615387 0.14094411778846155 0.3744094326923077 0.13903931490384616 0.36004563701923076 0.14163016586538463 0.33967569230769235 0.14286856490384617 0.3246028173076923 0.14354380528846153 0.308602625 0.1504208028846154 0.2969097307692308 0.15709707932692307 0.2938541394230769 0.16630359855769233 0.29630181490384616 0.17268001682692308 0.3020957475961538 0.17922462019230767
2 0.3983293389423077 0.6618418341346154 0.3584605913461539 0.6301346490384615 0.34415634134615386 0.6322650817307692 0.28052215384615387 0.6633953653846153 0.3151097235576923 0.7206704903846154 0.32613908894230764 0.7231401225961539 0.37817590384615385 0.6880605144230769 0.3983293389423077 0.6618418341346154
2 0.43369243028846155 0.4089923269230769 0.4296125240384615 0.39337112740384617 0.39041481971153846 0.39569349519230773 0.3682020745192308 0.3975342668269231 0.36634899038461544 0.4138402067307692 0.3619577788461538 0.44097428125 0.3733137716346154 0.43820783894230775 0.40404344471153847 0.4337278125 0.4227552884615384 0.4376765168269231 0.43369243028846155 0.4089923269230769
2 0.47027228605769233 0.41831629807692305 0.4306123581730769 0.42244381490384614 0.4217169495192307 0.43695494711538463 0.42553727403846153 0.4620220504807693 0.42734484615384616 0.4776053942307692 0.47668648798076924 0.46566585817307693 0.48470272115384616 0.44653904567307695 0.48875438701923074 0.43630257932692307 0.4837273197115385 0.4213600072115385 0.47027228605769233 0.41831629807692305
2 0.42653146634615385 0.4800004038461539 0.4254908245192308 0.4863856778846154 0.4231459110576923 0.49327161778846157 0.41870765144230765 0.49730312019230766 0.42029609375 0.5053395456730769 0.43241965144230765 0.50833428125 0.44237121153846154 0.5264622067307692 0.45127856490384616 0.5223779038461539 0.46441193750000004 0.5150086610576923 0.45531960817307693 0.49522072596153843 0.45857513701923075 0.49330595673076927 0.4486338509615385 0.4765042692307692 0.42653146634615385 0.4800004038461539
2 0.3663083269230769 0.5144769375 0.37905347115384613 0.5517827475961539 0.40915790384615386 0.5391765961538462 0.41802130288461536 0.5368243990384616 0.43082572115384615 0.5373524807692308 0.4363887644230769 0.5444582788461538 0.43545580528846156 0.5395656971153846 0.43236337019230764 0.5306889086538461 0.42373335817307695 0.5098483918269231 0.41674484375000004 0.49574625961538465 0.41302824278846156 0.49591275480769226 0.41332229807692306 0.4983202211538461 0.38742829567307696 0.5063697403846154 0.38249879326923075 0.5099422283653846 0.3663083269230769 0.5144769375
2 0.4655194807692308 0.6268437091346153 0.4856893725961538 0.6131154038461538 0.5025233052884616 0.6049907379807692 0.5089583149038461 0.5802400528846154 0.4862135528846154 0.5534061346153846 0.45817695673076925 0.5648334663461538 0.44469104086538463 0.5829794783653847 0.4334534735576923 0.5965869350961538 0.44679237499999996 0.6157423966346154 0.4655194807692308 0.6268437091346153
2 0.23647096394230768 0.5406361274038461 0.24047975721153847 0.5493011754807692 0.24487309855769232 0.5520603317307692 0.2569409711538462 0.5523110721153845 0.2722111274038462 0.5504399471153846 0.3094112403846154 0.5450338629807692 0.30992045432692306 0.5359646947115384 0.31176476201923076 0.5303735673076923 0.3082010024038461 0.5228678677884615 0.24762468990384615 0.5332391899038462 0.2419649423076923 0.535866826923077 0.23647096394230768 0.5406361274038461
0 0.4987184278846154 0.49898674759615386 0.5029799134615385 0.48991240865384617 0.5023617067307693 0.4826937067307692 0.5020747764423077 0.48194623317307694 0.5007566610576923 0.4695529639423077 0.5000099326923076 0.4687019519230769 0.4838338605769231 0.4691705865384615 0.4765243605769231 0.47139886057692304 0.46827237740384614 0.47342884855769235 0.46602995192307695 0.4742896346153846 0.46156909134615387 0.48058761778846154 0.45916578846153844 0.4843805504807692 0.4614815841346154 0.4915076826923077 0.463393875 0.49765205528846157 0.46426665384615384 0.5021826850961538 0.46647424759615386 0.5079336610576923 0.49674009375 0.5094949783653846 0.4993715096153846 0.5084848725961538 0.49827313701923076 0.5000152932692308 0.4987184278846154 0.49898674759615386
2 0.29547724278846155 0.4394526057692308 0.28656749759615385 0.5224560120192308 0.3424534471153846 0.508756954326923 0.35018330769230765 0.43786304567307693 0.29547724278846155 0.4394526057692308
2 0.3798492307692308 0.6470752235576923 0.38797460096153846 0.65388003125 0.3931886298076923 0.6574093004807692 0.4178899326923077 0.6398237620192307 0.43600398076923075 0.6295624807692307 0.44133315625 0.6175929615384615 0.4377611875 0.6082876634615384 0.42165614182692307 0.5979300745192307 0.3601266177884615 0.6244894447115384 0.36230599038461536 0.6258581586538461 0.3798492307692308 0.6470752235576923