0 0.5519123125 0.7084992524038461 0.5965738413461539 0.7238107956730769 0.6427467548076924 0.7173386418269231 0.6790567788461538 0.7032962475961538 0.6977229519230769 0.6878942331730769 0.6987944230769231 0.6711248100961539 0.6751310793269231 0.6707185817307693 0.6264511971153847 0.6693131658653846 0.5805856754807692 0.6699343004807693 0.55717959375 0.67115234375 0.5207397379807692 0.6686323990384615 0.49128959375000003 0.6708077259615385 0.5308317259615385 0.6852819038461538 0.5519123125 0.7084992524038461
0 0.6051399399038462 0.9311866947115385 0.6311426250000001 0.9225105 0.6532593942307692 0.9037701153846154 0.653186295673077 0.8816823701923078 0.6470917427884615 0.8719848124999999 0.6180331322115384 0.8613666322115384 0.5944327620192308 0.8780546995192308 0.5607131274038462 0.8955718557692307 0.5249471875 0.9073248701923077 0.4859096778846154 0.8914253004807692 0.47753234615384615 0.8744705841346154 0.47087561538461536 0.890005514423077 0.49273561538461536 0.9055816105769231 0.5125247379807693 0.9153974543269231 0.49360633173076923 0.9183938365384615 0.4784981322115385 0.9093502572115385 0.4756296418269231 0.9128655216346153 0.48160466105769234 0.9218083677884615 0.5105943341346154 0.9248355697115385 0.5383614519230769 0.9272995817307692 0.5564796466346154 0.9335623076923076 0.6051399399038462 0.9311866947115385
2 0.43320148076923076 0.21834406490384614 0.4423400889423077 0.218797125 0.4529786466346154 0.21361392548076924 0.4604213100961539 0.20638051442307692 0.4630228701923077 0.19863566346153846 0.45852342067307694 0.19137640384615384 0.4536580048076923 0.18769014663461536 0.42876274759615385 0.17219114663461538 0.3929160480769231 0.1778687043269231 0.3872667115384615 0.18449853125000001 0.4100990600961539 0.20510068028846154 0.42464644471153845 0.20949030528846152 0.43320148076923076 0.21834406490384614
0 0.50139825 0.6660952764423077 0.518716125 0.6603082740384616 0.54234159375 0.6725606225961538 0.6016160673076923 0.6723216562500001 0.6515688942307692 0.6636362620192308 0.6593573822115384 0.662402685096154 0.6909362740384615 0.6673070937500001 0.7591502572115385 0.6587903557692307 0.8084224038461538 0.6601187836538462 0.8148468269230769 0.6575876009615385 0.8132708629807692 0.6547930865384616 0.6721112644230769 0.6565817187499999 0.6722031009615385 0.6283796057692308 0.6626486153846154 0.6039926201923077 0.6519185360576922 0.5866537139423077 0.6005520817307692 0.5864138197115385 0.5710910336538462 0.5948809423076923 0.5349017139423077 0.6112756057692308 0.5109035721153846 0.6181374783653847 0.49257347596153844 0.6103778413461538 0.48993625721153844 0.6153533100961538 0.48556073798076926 0.6236650408653847 0.48544433173076923 0.651871045673077 0.48236290625 0.6683533533653846 0.48862239423076925 0.6719365408653846 0.50139825 0.6660952764423077
0 0.6808242139423076 0.53333590625 0.6739383701923077 0.5415406802884616 0.6714199831730769 0.546312326923077 0.6552564230769231 0.5477791923076923 0.63100009375 0.5499896370192308 0.6103833221153846 0.5543482043269231 0.6012585889423077 0.5640007788461538 0.5998056514423077 0.5702518725961538 0.6026707668269231 0.5780054423076924 0.6025965264423078 0.5878727572115385 0.6260174975961538 0.5857946225961539 0.6435843245192309 0.5879400889423076 0.6549074543269231 0.5921676538461539 0.6896672139423077 0.5839208557692308 0.7152439182692307 0.5798699038461538 0.7261097307692308 0.5759625408653846 0.7272248533653846 0.5675785649038462 0.7219181899038462 0.554745733173077 0.717152 0.5505728461538462 0.7067591610576923 0.5522189086538462 0.7031415745192308 0.550050485576923 0.7047879903846154 0.5448619399038461 0.7155434807692308 0.5404170456730769 0.7175797139423078 0.5324421850961538 0.7381470817307693 0.5330192211538461 0.7421767235576924 0.5274532091346154 0.739234766826923 0.529550548076923 0.730186875 0.5293522139423077 0.7031211514423077 0.5292494110576923 0.6932870384615384 0.5291756009615385 0.6808242139423076 0.53333590625
2 0.44597824999999996 0.25607901923076926 0.473430375 0.2716607860576923 0.49050158413461536 0.26988198076923076 0.5016660120192308 0.2657927764423077 0.500959985576923 0.24829577884615384 0.47909095673076924 0.24156756971153845 0.4629689591346154 0.24504605048076922 0.44597824999999996 0.25607901923076926
0 0.4657720889423077 0.6903390120192309 0.45063328365384614 0.7030464158653846 0.45336421875 0.709475766826923 0.46141515144230766 0.7116483870192307 0.4593201754807692 0.7065310504807693 0.4649407139423077 0.6959030168269231 0.47304933894230766 0.6903300552884615 0.48149176201923083 0.686705610576923 0.4978058197115385 0.6841217163461538 0.4941039086538461 0.6798307163461538 0.4899633245192308 0.6699077740384615 0.48101934375 0.6756130456730769 0.46800652884615385 0.6828204879807692 0.4574582091346154 0.6893685024038461 0.4456145528846154 0.69839215625 0.44315476201923076 0.7019435985576923 0.4456412283653846 0.7012638701923077 0.45027329326923077 0.6953669855769231 0.45684373076923074 0.6908953870192308 0.4647158509615385 0.6890767403846154 0.4657720889423077 0.6903390120192309
0 0.55802875 0.3476681081730769 0.55257240625 0.3194197307692308 0.5527647764423077 0.3083900552884616 0.5477730096153846 0.29818146875 0.5662943677884615 0.2828192091346154 0.557227625 0.2745510456730769 0.5288721634615384 0.2880903870192308 0.5150958221153846 0.29286237259615383 0.5015541009615384 0.29307306009615386 0.4836335456730769 0.30236964423076923 0.4633416706730769 0.2965352860576923 0.43902177403846154 0.30200174038461536 0.44027923076923076 0.3131213341346154 0.4311287668269231 0.31943113221153846 0.4345372524038461 0.3256858966346154 0.41749342067307693 0.3312949495192308 0.39139768990384616 0.3347721923076923 0.3889307451923077 0.34972761538461533 0.40411525961538464 0.35702681490384613 0.42073451923076927 0.35796007692307696 0.4131992644230769 0.36238266826923077 0.4194084230769231 0.36787430048076925 0.41284151201923075 0.37538946634615383 0.4319080408653846 0.3733282692307692 0.4722052764423077 0.37698637500000004 0.46571925240384615 0.3695876634615385 0.4769642451923077 0.36425795913461534 0.4850132716346154 0.36912181730769233 0.4862233581730769 0.36149644471153847 0.49234843749999996 0.3634359038461538 0.494198625 0.37511753124999997 0.5026502500000001 0.37345937980769234 0.5134010240384616 0.3678715841346154 0.5238051730769231 0.3710674134615385 0.5389892740384615 0.36898203605769225 0.5411998100961538 0.3676732740384615 0.553144045673077 0.3688256201923077 0.5577279110576924 0.3642145649038462 0.5701460456730769 0.3661327668269231 0.56515428125 0.3559241778846154 0.55802875 0.3476681081730769
1 0.6776053100961538 0.5087191033653846 0.6751728894230768 0.5178499086538462 0.6914859567307693 0.5227335216346154 0.7159218076923076 0.5237237692307692 0.7361173028846154 0.5286315649038461 0.745601076923077 0.527129483173077 0.7489063557692308 0.48963922836538465 0.748055766826923 0.4690032764423077 0.7427718533653846 0.4448649038461538 0.726555608173077 0.44679420913461537 0.6925520817307693 0.4528189350961539 0.6854021610576922 0.45363182451923073 0.6708256923076923 0.4536700288461538 0.6736321586538462 0.47138935576923074 0.6781450384615385 0.4846170048076923 0.6828851778846154 0.4991204903846154 0.6776053100961538 0.5087191033653846
2 0.49082000961538463 0.2367498389423077 0.5049184663461539 0.23210342788461538 0.5092852524038461 0.24186440625 0.5225772764423077 0.23975915625 0.5286334278846154 0.23235852403846155 0.519100079326923 0.22798203365384614 0.50489625 0.21415334855769233 0.5259857740384615 0.2054648605769231 0.5203999807692308 0.17528605769230768 0.46943367548076925 0.18282013701923078 0.4544291754807693 0.2146623798076923 0.47285139182692304 0.22459381250000002 0.47262459134615387 0.22570610817307693 0.49082000961538463 0.2367498389423077
2 0.5075974663461539 0.17475738461538462 0.5179381009615385 0.17246367067307694 0.5163714134615385 0.15939167307692306 0.4555622427884615 0.16902289903846152 0.4552709471153846 0.17036405048076922 0.45952682451923077 0.1787887139423077 0.4686798341346154 0.18124088221153847 0.4876471442307692 0.1779172043269231 0.5075974663461539 0.17475738461538462