2 0.42120509375 0.4843243365384616 0.3490333317307692 0.26386899278846154 0.34450423557692306 0.22935482932692308 0.34457406249999994 0.19830289423076924 0.31475345432692303 0.2068538173076923 0.2997571971153846 0.19205225721153846 0.2730175360576923 0.19257043990384615 0.2522024230769231 0.2200090889423077 0.24060893028846156 0.22333346874999999 0.23808127884615382 0.21451849278846155 0.18367236538461537 0.23729142307692308 0.1544792692307692 0.24803075240384614 0.15827954567307692 0.2612838918269231 0.14892336778846155 0.29738911778846155 0.15367297596153845 0.3389893413461538 0.15124662740384615 0.3492469879807692 0.16136897115384616 0.3845477908653846 0.17090654326923077 0.38657175240384617 0.20254032692307694 0.4968918701923077 0.2169032043269231 0.5094845745192308 0.2617686802884615 0.48466723076923074 0.34049677403846157 0.47165421153846154 0.3862688389423077 0.506272389423077 0.41991533894230765 0.5610787091346153 0.47008092548076924 0.7735235024038462 0.4876593100961539 0.7660925072115384 0.47191224759615386 0.6798805144230768 0.4463551682692308 0.5845512524038461 0.4373591610576923 0.5656386730769231 0.4238340552884615 0.5122119302884616 0.4237327475961538 0.4931393100961538 0.42120509375 0.4843243365384616
2 0.351329375 0.24689783173076923 0.47286992307692305 0.7707317067307693 0.5761633245192308 0.824668766826923 0.6130798028846154 0.8284038557692307 0.7738469447115384 0.8014062884615385 0.7716955817307691 0.7877024615384615 0.8154014711538462 0.7775604759615384 0.8501990793269231 0.686394798076923 0.761401516826923 0.3704618028846154 0.6938678004807692 0.12242556009615384 0.6662530240384614 0.11363277644230768 0.3560372524038462 0.18826500000000002 0.351329375 0.24689783173076923
2 0.8870761298076922 0.7207082884615384 0.8358394399038461 0.47937584134615385 0.9970125865384615 0.41931123076923077 0.9148073677884615 0.13262756730769232 0.7615300360576923 0.15132018269230768 0.7312923052884616 0.21503804326923076 0.8082491923076923 0.4896776923076923 0.8188784543269231 0.5392645240384616 0.8477339110576924 0.6649897764423076 0.8870761298076922 0.7207082884615384
2 0.8201179615384616 0.5216224230769231 0.7623103197115384 0.33520730528846154 0.7468745264423077 0.3193365408653846 0.7404351923076924 0.2892878533653846 0.7437839495192308 0.2781902259615385 0.7294801682692308 0.2131229230769231 0.7570230817307693 0.1573934807692308 0.775357204326923 0.14923669711538462 0.828949766826923 0.14256794951923077 0.8889641514423077 0.135518625 0.8664850865384615 0.04194070673076923 0.8547392716346154 0.03517137980769231 0.8371980408653846 0.02714216826923077 0.7031152524038462 0.04531501682692308 0.694846170673077 0.0012932091346153846 0.6918364711538462 0.0021562283653846154 0.6198393125 0.054696218750000004 0.6185021370192308 0.06521703365384615 0.6010301346153846 0.0687883389423077 0.5575588653846154 0.08415308173076924 0.5383801370192308 0.12732461298076922 0.5376423028846153 0.12857648317307693 0.5492367668269231 0.13105094230769232 0.6475439158653846 0.10576137740384615 0.6756181322115384 0.1049711875 0.7017709086538461 0.12790629086538463 0.7085914471153847 0.15928438221153846 0.7176229302884616 0.20596499999999998 0.7307468100961538 0.2630925072115385 0.7422249519230769 0.3221306298076923 0.7659414735576923 0.4124320192307692 0.8141076730769231 0.5652234326923077 0.8255133389423077 0.5708065216346154 0.8201179615384616 0.5216224230769231
2 0.005904120192307692 0.5693014326923077 0.03675980048076923 0.5697500024038461 0.09551538942307693 0.5603391442307692 0.11650539903846154 0.5896684014423077 0.13539293509615385 0.6214597932692307 0.15131883653846154 0.6429227331730769 0.14491466826923077 0.6205887379807693 0.14968139663461538 0.5689997860576923 0.1839533894230769 0.5424169879807692 0.17030261538461539 0.5240201826923078 0.13728254326923078 0.5111552980769231 0.01548053125 0.5442222067307692 0.005904120192307692 0.5693014326923077
2 0.20441334134615385 1 0.20257722115384616 0.9775217644230769 0.21192614903846152 0.9415071538461538 0.2340361730769231 0.9375355480769231 0.21857991346153846 0.9086115745192308 0.19620115625 0.8554880360576923 0.18711194471153847 0.8175890504807692 0.17284822115384615 0.7740466730769231 0.16262689663461538 0.6697824831730769 0.14410504567307691 0.64888684375 0.09762654807692309 0.5740766298076923 0.05684251682692308 0.5690822043269231 0.002494425480769231 0.5789695096153846 0.11509155528846154 0.9716423677884615 0.14478932211538462 0.9631266706730769 0.12742370432692307 1 0.14914418990384615 1 0.16652305048076924 0.9640439134615384 0.18241231971153848 0.9570972668269231 0.1877653125 1 0.20441334134615385 1
2 0 0.5702704182692307 0.00021860576923076922 0.5710327860576924 0.017418733173076923 0.5639633389423077 0.023956918269230767 0.5430090120192308 0.051244012019230775 0.5256226634615385 0.07774781009615385 0.5180228221153846 0.07292836778846154 0.5074745288461538 0.03120958173076923 0.41199861778846153 0.0057852884615384615 0.38586652884615386 0 0.3824136394230769 0 0.5702704182692307
2 0.46204569471153845 0.8065274687499999 0.43467564903846156 0.7015142788461539 0.4288814014423077 0.6813073317307693 0.42580074038461535 0.665811514423077 0.42146091826923077 0.6506767572115385 0.4161534326923077 0.6321673557692308 0.4110353485576923 0.61907075 0.40542101201923075 0.6043014543269231 0.40048646153846157 0.5965971899038461 0.39399176923076923 0.5930145456730769 0.3874912067307692 0.5894114447115385 0.38195831009615383 0.5891829879807692 0.3694799615384615 0.5599805961538462 0.35660215865384615 0.5436419495192307 0.33847346153846153 0.523364 0.32090124038461537 0.5192835336538462 0.30634946153846154 0.51617409375 0.20181401923076925 0.5425191658653846 0.20656865625 0.5447857788461539 0.17758191105769233 0.5676617860576922 0.15725646634615384 0.5826092331730769 0.14826179326923078 0.6179467788461538 0.15489452403846155 0.6506403629807692 0.1634720745192308 0.6900583774038461 0.22997534134615386 0.9076680600961539 0.24195743509615383 0.9351977596153845 0.27698218509615385 0.9524458341346154 0.4419580721153846 0.9033247692307692 0.45958165865384615 0.8837070937499999 0.46471154326923075 0.8348914326923077 0.46204569471153845 0.8065274687499999
2 0.39994823798076923 0.5346213004807692 0.3851659230769231 0.5051499326923077 0.36644498798076924 0.4840236394230769 0.33428607932692306 0.472771079326923 0.26020272115384613 0.48558107692307695 0.21474078365384616 0.5130705985576923 0.20034923076923078 0.5448869831730769 0.24431814423076922 0.531083860576923 0.307925 0.5164527379807692 0.3373428389423077 0.5212755913461539 0.3565704254807692 0.5410392331730769 0.3837797644230769 0.5886385600961538 0.3976037908653846 0.5894998004807692 0.4100249543269231 0.6076073052884615 0.4190107884615385 0.6483912259615384 0.46116331009615386 0.80489909375 0.4667825625 0.7551241490384615 0.4437721730769231 0.6653728365384615 0.41731796634615387 0.5573524182692308 0.39994823798076923 0.5346213004807692
2 0.13900649038461538 0.49392763701923076 0.122695125 0.5094283870192308 0.12230934134615384 0.51434209375 0.1204456201923077 0.5172891177884615 0.1419165721153846 0.5135228966346154 0.16605001442307693 0.5222293677884615 0.18395667067307692 0.5375022932692308 0.1886037451923077 0.5505790192307692 0.20194777644230769 0.5467526802884616 0.20375972596153843 0.53423646875 0.2085121971153846 0.5256580240384615 0.21712470432692307 0.5147774975961539 0.20882877403846153 0.5015518245192307 0.18635374038461539 0.4923698125 0.17508460817307692 0.4907980985576923 0.16078464182692306 0.4912906995192308 0.15182851682692308 0.4914683509615384 0.13900649038461538 0.49392763701923076
2 1 0.8626751538461538 0.9797163173076923 0.8440136634615385 0.7149597163461539 0.903375141826923 0.7312356346153847 0.9538439663461538 1 0.8767770240384615 1 0.8626751538461538