0 0.38166908653846154 0.8068356706730769 0.4284983918269231 0.7811059278846154 0.4803617379807692 0.7602017932692308 0.5174253100961539 0.7465851225961538 0.5569075865384615 0.7480781201923077 0.5715729423076923 0.753501733173077 0.5743383774038462 0.7643435432692307 0.5810281274038461 0.7597675432692307 0.5775015192307692 0.7441198677884615 0.5644929254807692 0.7355969086538461 0.5391762668269231 0.7297538245192308 0.5233780625000001 0.7237961538461538 0.501327673076923 0.7117788509615385 0.47045334855769233 0.697642670673077 0.42632839423076924 0.6870151634615385 0.39839377403846155 0.6914395721153846 0.35163485096153846 0.6974354831730769 0.3076849375 0.7079299014423076 0.30365037980769227 0.7226516899038462 0.3099673653846154 0.7491372283653847 0.3331699591346154 0.8018443749999999 0.34824608173076926 0.8100228822115384 0.3619741322115385 0.8163084302884616 0.38166908653846154 0.8068356706730769
1 0.3438378918269231 0.1067860048076923 0.33911230288461536 0.10277791826923077 0.2993884206730769 0.10298797596153847 0.29352973798076926 0.10457842067307693 0.2894970817307692 0.13706901201923077 0.2948361971153846 0.14503148557692308 0.30766212740384613 0.1423120576923077 0.30017531490384614 0.1529939591346154 0.31765766586538463 0.16038365384615386 0.3149242548076923 0.16895367548076923 0.32332290865384616 0.1703245 0.3316239158653846 0.1626846754807692 0.3328906129807692 0.15357118269230768 0.33992492067307695 0.15504484615384614 0.34822592788461537 0.14740502163461539 0.34408907451923076 0.12774298317307692 0.3460319110576923 0.12709551442307693 0.3438378918269231 0.1067860048076923
1 0.43496915384615387 0.16108434375 0.4314682235576923 0.15948140144230769 0.3952855625 0.1710729182692308 0.3664773533653846 0.15900476201923078 0.35452559375 0.14795313221153844 0.34070620673076923 0.16030053365384617 0.3284924447115385 0.16809575 0.3162710480769231 0.1700314278846154 0.30763625 0.16523252163461538 0.3192154134615385 0.20314971153846154 0.3656485264423077 0.20349084134615386 0.3943019951923077 0.17955265865384615 0.43496915384615387 0.16108434375
1 0.46239610096153844 0.5332890336538462 0.48669573317307696 0.53125803125 0.5052378990384615 0.5274208942307692 0.5175744663461539 0.5018371225961539 0.5356940504807692 0.4953319014423077 0.5672971177884615 0.5048679134615385 0.5873003028846153 0.5016997211538462 0.588003125 0.48886463942307695 0.5600530865384615 0.4851204206730769 0.4619775552884615 0.49610136298076923 0.4393879495192307 0.5087676105769231 0.450764375 0.5287779278846154 0.46239610096153844 0.5332890336538462
2 0.16298928846153846 0.7010850432692308 0.16817248798076923 0.7178293557692308 0.1771507235576923 0.7348049903846154 0.21409317067307693 0.7297862764423078 0.24316076923076924 0.7226682451923078 0.2689504086538462 0.7185835673076924 0.30537578605769233 0.7103001802884615 0.3767498004807692 0.6923194927884615 0.4111193605769231 0.6868758894230769 0.40112206971153846 0.6474850432692307 0.3819159110576923 0.645515639423077 0.19698810096153846 0.6773195 0.17894207692307693 0.6826748966346153 0.16416713701923077 0.6925405552884616 0.16298928846153846 0.7010850432692308
2 0.42987570432692307 0.5496006586538461 0.31791531009615387 0.5689642572115384 0.3078757331730769 0.5364091538461538 0.13996103846153846 0.5581117788461538 0.08757902163461538 0.5826824639423077 0.12966180528846152 0.6475692716346154 0.3116383942307692 0.6219916562500001 0.3186791586538461 0.6046193076923078 0.4361593293269231 0.5892739086538461 0.42987570432692307 0.5496006586538461
2 0.16952858894230768 0.23468909134615384 0.14048681490384615 0.2523014110576923 0.11737098076923076 0.26083806009615385 0.09236470192307691 0.27293575961538463 0.07262359374999999 0.2874441826923077 0.10039635096153846 0.29281331971153846 0.1629773798076923 0.2861461057692308 0.2970732764423077 0.25189484375000004 0.2936736057692308 0.24592702403846156 0.26628731971153846 0.22750110817307692 0.23687609375 0.22728392548076923 0.19529079326923077 0.22736411298076925 0.16952858894230768 0.23468909134615384
2 0.44000249519230766 0.4396833485576923 0.4360120721153846 0.43450558653846155 0.4334840408653846 0.42855259855769234 0.44136051442307694 0.42307515625000003 0.4434965673076923 0.4163834495192308 0.43449649278846153 0.41993238221153845 0.42889385817307696 0.41974952884615385 0.3882261610576923 0.41932763942307694 0.38039864663461537 0.4152672427884615 0.3764513293269231 0.41536581971153846 0.35989540625 0.41640816826923077 0.3617115144230769 0.43304024278846154 0.35689216105769234 0.4428070192307692 0.3469535384615385 0.44543437740384617 0.3275489519230769 0.44850776201923076 0.30166223798076924 0.4510109735576923 0.2884889038461539 0.4583975769230769 0.2963137956730769 0.46244140384615384 0.3684708389423077 0.46054293028846155 0.41335751923076924 0.4624200576923077 0.42095162980769235 0.4601640336538461 0.4338808629807692 0.4512362379807692 0.45104724278846153 0.44904396874999997 0.4570949735576923 0.4470328653846154 0.4609858677884615 0.4464166081730769 0.4552662283653846 0.4504992043269231 0.4557570552884615 0.4535981610576923 0.45840209374999996 0.45528569711538464 0.46392336057692307 0.45495481971153845 0.4685799783653846 0.4441605865384615 0.45785000240384616 0.4416301153846154 0.4546865697115384 0.43683100240384615 0.44000249519230766 0.4396833485576923
2 0.36087033173076927 0.4265992451923077 0.35978631490384616 0.41975503124999997 0.3591604903846154 0.41144525240384616 0.35540638942307695 0.4054995913461538 0.3498249254807692 0.40125333173076927 0.34744261057692305 0.39509040144230767 0.3369504831730769 0.3864746490384615 0.31906811778846156 0.4023874447115385 0.3099721658653846 0.4071067235576923 0.2934621418269231 0.40924600000000005 0.2874209807692308 0.41113714663461537 0.2762314375 0.41151640624999997 0.27187477884615385 0.40612484615384614 0.2557037019230769 0.40168717548076927 0.23474215865384615 0.4068758004807692 0.2195081153846154 0.40835431490384616 0.18528425 0.41423350961538463 0.18535606490384618 0.42356535336538464 0.19147072115384617 0.42213821875 0.20376676923076922 0.42438667067307695 0.2150046923076923 0.42867135576923077 0.2320186682692308 0.42971389663461534 0.25416003846153845 0.4318129783653846 0.27666211778846156 0.44087083894230766 0.28647819711538464 0.4495766778846154 0.2889814326923077 0.4519831658653847 0.3415175697115385 0.4464652259615385 0.35157828846153844 0.44347877644230765 0.3607242956730769 0.4345556153846154 0.36087033173076927 0.4265992451923077
1 0.5382159783653846 0.4579842860576923 0.5402611923076923 0.45766035576923075 0.5649992596153847 0.45581472836538467 0.5793485432692308 0.45423851682692307 0.5474288822115384 0.4502906298076923 0.5473212668269231 0.44961118028846153 0.5182541995192308 0.4438184975961538 0.5037406009615385 0.45097570192307695 0.5043466514423077 0.46125917788461535 0.5382159783653846 0.4579842860576923
1 0.4687376442307692 0.5370072043269231 0.41388755528846155 0.533888173076923 0.3993316442307692 0.5806503365384615 0.4475838725961539 0.5882798485576923 0.45836062259615384 0.5706045697115385 0.4936783317307692 0.5559733557692308 0.4921769807692308 0.5464941971153846 0.46127570432692305 0.5492989951923077 0.4687376442307692 0.5370072043269231
1 0.1430098798076923 0.5402335168269231 0.12149434375 0.5461214423076923 0.11477932451923077 0.5587705889423077 0.11537219711538461 0.5702622764423076 0.11588402163461538 0.5734938076923076 0.122912375 0.5707328221153847 0.13314026442307692 0.5566948966346155 0.22481372596153845 0.54548784375 0.21879784615384615 0.5389830769230769 0.19007186298076922 0.5385724254807692 0.16742900721153847 0.5371813149038461 0.1430098798076923 0.5402335168269231
1 0.5584625600961538 0.8907491033653846 0.479250875 0.896211141826923 0.48918592307692305 0.9168064951923077 0.5241288509615385 0.9183729254807692 0.5584625600961538 0.8907491033653846
2 0 0.31048899278846154 0.0869988076923077 0.2937801201923077 0.0739154951923077 0.2826868701923077 0.12591700240384615 0.25377664663461535 0.1751499903846154 0.22530491346153847 0 0.20518291586538462 0 0.31048899278846154
2 0.27853031971153847 0.028844788461538463 0.13238000961538463 0.05199272355769231 0.14403630288461539 0.061630211538461536 0.24802774759615384 0.09413503846153846 0.24696311778846153 0.09467738701923077 0.2672169855769231 0.09260766346153847 0.2972879831730769 0.07342235336538462 0.27853031971153847 0.028844788461538463
2 0.3514598413461538 0.61142065625 0.3427442932692308 0.6230616129807692 0.3541296730769231 0.6487783725961538 0.40426732692307693 0.647326639423077 0.47851598557692304 0.6339359903846155 0.4950341442307692 0.6253910721153846 0.4916172091346154 0.6243184326923077 0.48660090865384614 0.6029780024038461 0.47526345673076925 0.5928992980769231 0.4331412355769231 0.5936251177884615 0.3514598413461538 0.61142065625
2 0.4232532235576923 0.5142449783653846 0.40480840865384615 0.5128854567307692 0.3835489134615385 0.5173228533653846 0.38013965384615384 0.48901776442307693 0.40724320673076925 0.48757891105769235 0.43820941346153847 0.46984865625 0.43520760817307697 0.4610658149038462 0.42953153846153846 0.459127875 0.4288149831730769 0.4546037331730769 0.42158962740384615 0.45967226923076926 0.41290332211538466 0.4624580216346154 0.40145953605769236 0.468455875 0.39903924278846153 0.4624163557692308 0.3158547860576923 0.4621663653846154 0.31978781971153847 0.4903884975961538 0.35292848798076926 0.4897771658653846 0.3556844086538461 0.4924472908653846 0.33279684375 0.504443 0.33596609615384615 0.5113370480769232 0.3213530625 0.5104408533653846 0.32228746875 0.5163404687500001 0.3268275793269231 0.5190698822115385 0.33766637259615384 0.535631920673077 0.3493572403846154 0.5384179014423076 0.42983862740384615 0.5253141610576922 0.4364850889423077 0.5199805745192307 0.43888638461538465 0.5114121875 0.4232532235576923 0.5142449783653846
2 0.5228984110576923 0.6079312764423077 0.5181875312499999 0.59739759375 0.50838821875 0.5960617475961538 0.4832996875 0.5971474759615385 0.49370366586538467 0.610533735576923 0.49187594951923075 0.6209478677884616 0.49446701923076924 0.62633028125 0.5217426298076924 0.622587829326923 0.5191266201923077 0.6172093677884616 0.5118294735576924 0.6123005240384616 0.5306224158653846 0.6073024831730769 0.5569383485576923 0.6057335600961539 0.5531869230769231 0.5985134014423077 0.537328625 0.601458295673077 0.5228984110576923 0.6079312764423077