0 0.5722899663461539 0.46997123798076923 0.5591420168269231 0.4706070072115385 0.55970975 0.47297486778846154 0.5618990432692308 0.4850337259615385 0.5699225336538462 0.506879264423077 0.572629375 0.5118662163461538 0.5834476177884615 0.5246519326923077 0.5886613076923077 0.5314448846153846 0.5922093485576924 0.5295405168269232 0.5911882067307692 0.5195590072115385 0.586642298076923 0.5049778990384616 0.5790659615384615 0.4868294399038462 0.5760912043269231 0.4774162475961538 0.5759969254807692 0.46897015625000005 0.5722899663461539 0.46997123798076923
1 0.17901179086538463 0.8412000264423077 0.17015084375 0.846235170673077 0.14312116105769232 0.7661299447115385 0.1427606706730769 0.7487345216346154 0.13591863221153846 0.7462844182692308 0.13182970192307691 0.7601644807692308 0.16658953846153846 0.8631735072115384 0.19975450240384618 0.8988721009615385 0.17901179086538463 0.8412000264423077
2 0.9304881947115384 0.4816207956730769 0.9318382043269231 0.48547249278846155 0.9317969879807693 0.49537039663461535 0.9320894014423077 0.50266146875 0.9322497596153846 0.5080168725961538 0.939645014423077 0.5071825841346154 0.9527261033653847 0.505811266826923 0.9694122283653847 0.48256556009615387 0.99076540625 0.4449040961538462 0.9867238918269231 0.43582670673076923 0.9674244831730768 0.4182362115384616 0.96069578125 0.4172894783653846 0.9382149735576923 0.4099977596153846 0.9258604711538462 0.4130400456730769 0.9158474254807693 0.4179851586538461 0.9021469014423077 0.4379071298076923 0.9110671322115385 0.44381514182692305 0.9218168533653847 0.4563298774038461 0.9276363317307692 0.4710396971153846 0.9304881947115384 0.4816207956730769
0 0.75434525 0.5769744447115385 0.7641558942307692 0.5978387572115385 0.7664580528846153 0.5735063677884615 0.7474491826923076 0.5532122644230769 0.7221243413461539 0.5104979230769231 0.7162211875 0.4948977019230769 0.7077436947115385 0.46641282211538465 0.7050186947115384 0.4697364927884615 0.6970935961538461 0.4802687884615385 0.6965137932692307 0.4966449903846154 0.7101191033653845 0.5130368365384615 0.7149578701923077 0.5250756442307692 0.7139188125 0.5451814182692307 0.7232307716346154 0.5613743629807693 0.75434525 0.5769744447115385
2 0.6282841899038462 0.6963435192307692 0.638407608173077 0.6767386514423077 0.6218252355769232 0.6564310120192308 0.6126266033653847 0.6781520072115386 0.6282841899038462 0.6963435192307692
0 0.41146906490384616 0.5437765024038461 0.40393754326923076 0.5268604278846154 0.39780015625000004 0.5241197860576923 0.3944349855769231 0.5267080576923078 0.40003203846153845 0.5291326754807693 0.4076988798076923 0.5454550985576924 0.41146906490384616 0.5437765024038461
0 0.6238301298076923 0.4149966923076923 0.61737275 0.4037713028846154 0.60678425 0.4076970985576923 0.6186109423076923 0.4388652764423077 0.6308652379807692 0.4314612307692308 0.6238301298076923 0.4149966923076923
0 0.11773645673076924 0.6770361706730769 0.11797649278846153 0.6779265312499999 0.12108922596153845 0.6795323509615384 0.12007761298076923 0.6765968004807692 0.12177710576923076 0.6750284350961538 0.12472580528846154 0.6739243125 0.1287701466346154 0.6749298221153845 0.13165882932692308 0.6760324158653847 0.1350405360576923 0.6769155024038462 0.13578350721153848 0.6731987572115384 0.13305860096153846 0.6684053798076923 0.1294580264423077 0.6704259038461539 0.12802691586538462 0.6722458413461538 0.12623387980769232 0.673252875 0.12202057932692309 0.6725313149038462 0.11918141105769231 0.6745839014423077 0.11773645673076924 0.6770361706730769
0 0.1840929591346154 0.8291973365384616 0.1613306730769231 0.8147952115384616 0.16266149759615384 0.8223892692307693 0.13619165384615387 0.7468586057692307 0.13914863701923078 0.7741835096153846 0.17359920432692308 0.8584292019230768 0.19733516586538463 0.8887941730769231 0.1840929591346154 0.8291973365384616
1 0.4376404086538462 0.5441374399038461 0.4425695072115384 0.5552083725961539 0.44775831971153846 0.5705700456730769 0.44616194711538465 0.575687170673077 0.45083797596153846 0.5806090865384615 0.45536086057692304 0.5870602451923077 0.4585718341346154 0.5911501923076923 0.46609713461538466 0.5944324663461539 0.47484106971153844 0.5905394158653846 0.46618787740384615 0.5723138076923078 0.4673173990384616 0.5754751610576924 0.46244568509615386 0.5750699375 0.4524566033653846 0.5644197331730769 0.44944174519230773 0.5613556586538462 0.44609212740384613 0.5587885024038461 0.44322256490384615 0.552343360576923 0.4409470528846154 0.5441494807692308 0.4398163317307692 0.5372780312500001 0.44218095673076924 0.5351352331730769 0.4384461802884615 0.5342006201923077 0.4366913052884615 0.5382983173076923 0.4376404086538462 0.5441374399038461
1 0.28013103125 0.7970137307692308 0.2911635096153846 0.8065732187500001 0.29806033653846153 0.8074682908653846 0.3004782475961539 0.7977181682692307 0.29534168028846153 0.7855568413461539 0.2884268485576923 0.7864555288461539 0.27755963461538463 0.7735988485576922 0.2708596105769231 0.7646382980769231 0.26441742067307694 0.7653497403846153 0.2502667307692308 0.7694700360576923 0.2539082668269231 0.7721855216346154 0.28013103125 0.7970137307692308