0 0.5034577692307692 0.5292558413461539 0.5047772884615385 0.5272445096153846 0.5062283918269231 0.5258522572115385 0.5020464711538462 0.5226162019230769 0.4985464254807692 0.5224866394230769 0.4945986634615384 0.5228890024038462 0.4894749567307692 0.5220207524038462 0.48809234134615387 0.5223146370192308 0.4830948269230769 0.5259974471153847 0.4812181394230769 0.5281272091346154 0.47603968509615385 0.5309587860576923 0.4701297043269231 0.5330885096153846 0.46488784855769233 0.5357232716346154 0.4595350408653846 0.5377345649038461 0.45955537259615387 0.5392508125 0.4615923341346154 0.54467365625 0.4618312788461539 0.5485375240384616 0.4630087235576923 0.5500181129807692 0.46532084375000005 0.5527780865384615 0.4703129639423077 0.5530272572115384 0.47441294951923074 0.5532395889423077 0.4817943653846154 0.5512338605769231 0.48705655288461536 0.5501153485576923 0.49187282451923076 0.5482180985576923 0.4931289375 0.5460099519230769 0.49640528125 0.5450870745192308 0.5003994014423078 0.5433807548076923 0.5043971225961539 0.5390531153846154 0.503689826923077 0.5357255576923077 0.5063049326923077 0.5316918004807692 0.5060620841346154 0.5319698870192308 0.5036781826923077 0.5302928028846154 0.5034577692307692 0.5292558413461539
0 0.40088184375 0.45002201442307693 0.38963490384615385 0.4539331947115385 0.37770338221153843 0.45949428124999997 0.3638527091346154 0.4654632956730769 0.34662850480769236 0.4698685216346154 0.3332871610576923 0.4734645961538462 0.3267996514423077 0.4808934855769231 0.32448031490384616 0.4889569759615385 0.3274470793269231 0.4981453677884616 0.3335062740384615 0.5029073725961538 0.3430978221153846 0.5054141610576923 0.3530126610576923 0.5093404471153846 0.36196089903846157 0.5134883677884615 0.37190715865384616 0.5128947932692308 0.3814101995192308 0.5101145745192308 0.3901260985576923 0.5037325961538461 0.39193939423076923 0.4980575264423077 0.39824415865384616 0.4944365528846154 0.4060960120192308 0.49352787499999995 0.40872458653846155 0.48691922836538465 0.4130928509615384 0.48372604567307687 0.41876508653846156 0.4772307331730769 0.4279588942307692 0.4729956730769231 0.43363112740384613 0.4665003605769231 0.4364143173076923 0.46061913221153844 0.43950345673076924 0.45617726923076923 0.44451503365384615 0.45134295192307694 0.44182608173076926 0.44812925961538463 0.43786129326923073 0.44368235817307694 0.4314473894230769 0.4420207139423077 0.42727921874999997 0.44138611538461536 0.4235748966346154 0.4429337788461538 0.4119980889423077 0.44539450480769227 0.40088184375 0.45002201442307693
0 0.4334254278846154 0.5311844783653846 0.4471692596153846 0.5446011778846154 0.4670148533653846 0.5354814543269231 0.4851084735576923 0.5283679278846154 0.4966335745192308 0.517749173076923 0.49853449519230775 0.5129937019230769 0.4844763076923077 0.5083466610576923 0.45098227163461535 0.5078470120192308 0.4389374158653846 0.5093234134615384 0.43226178365384615 0.5189113846153846 0.4334254278846154 0.5311844783653846
1 0.5107865048076923 0.6214719399038462 0.5604391778846154 0.6099150072115385 0.560494826923077 0.6038856057692308 0.5573982283653847 0.6050452716346154 0.5054648076923077 0.6216001706730769 0.4998219471153846 0.6107806250000001 0.4970869399038461 0.6073502524038461 0.49501947596153845 0.600769204326923 0.4983478653846154 0.5975544086538462 0.5047450336538462 0.5961946490384615 0.5250655264423076 0.59438271875 0.49783795673076925 0.5951554711538461 0.4882906634615385 0.5941760240384615 0.4753976370192308 0.596431233173077 0.4648457427884616 0.6001623269230769 0.4603120769230769 0.6071435600961539 0.46278746875 0.6156437620192308 0.4679482451923077 0.6210496682692307 0.4785338653846154 0.6363508822115385 0.4903825360576923 0.6323279759615384 0.5053350024038461 0.6241350865384615 0.5107865048076923 0.6214719399038462
1 0.3699601875 0.35193411298076926 0.35712430288461533 0.34836989423076925 0.35050043990384616 0.3493734326923077 0.3459622740384616 0.36018940144230766 0.3718996490384615 0.3586232524038462 0.4117797475961539 0.3682639038461539 0.4126090793269231 0.3672949879807692 0.3791916466346154 0.35589242307692304 0.3699601875 0.35193411298076926
1 0.13113906490384616 0.10335513701923077 0.14155160096153846 0.09724340384615385 0.16889433413461538 0.09143152644230769 0.19103976201923079 0.09160960336538461 0.1778034110576923 0.09052459615384614 0.1750268701923077 0.07746199038461538 0.18120668028846154 0.05762659615384616 0.17614818028846152 0.05766653125 0.09874899038461539 0.07411823798076923 0.09168760096153845 0.0766544639423077 0.0907290216346154 0.09051099278846153 0.09723739423076923 0.10276419471153846 0.10850431971153846 0.11305153605769232 0.12075045673076924 0.10947796153846154 0.13113906490384616 0.10335513701923077
2 0 0.40817925 0.020416161057692308 0.41663945913461536 0.1022950625 0.41575153846153845 0.12579627403846153 0.39176525240384613 0.15511429807692306 0.32776803846153846 0.11901639182692307 0.2850841394230769 0.17685911778846153 0.20510775240384616 0.16690899278846152 0.19979780769230768 0.10281805288461537 0.27615235096153845 0.0916019375 0.27523644951923076 0.15205287019230768 0.19718064423076923 0.16776320432692307 0.1831164375 0.15412400721153846 0.18104942067307692 0.14814493509615384 0.18397029326923078 0.10452318749999999 0.24277413701923076 0.07817629086538462 0.26899909375 0.058179983173076925 0.27324943990384615 0.04080498317307692 0.2951085673076923 0.002915012019230769 0.33947806730769237 0 0.3447835649038461 0 0.40817925
2 0.2846408918269231 0.2335415264423077 0.2814139134615385 0.22911574038461538 0.27694128125 0.22948408173076923 0.22840524278846155 0.2688209711538462 0.21951531971153845 0.2661650504807692 0.2140031298076923 0.26164265384615387 0.2674134735576923 0.21672416346153847 0.2704664182692308 0.2132282139423077 0.2644449038461538 0.20996259374999998 0.20558125961538462 0.25773872836538464 0.18994756009615385 0.2519707091346154 0.18233496634615387 0.2518741298076923 0.18291396153846154 0.2545980841346154 0.12915490384615386 0.29787600961538463 0.15351635576923076 0.32684593990384614 0.13030901682692309 0.3818443846153846 0.1444733605769231 0.3913540985576923 0.14190910336538462 0.39359765625 0.14791327403846155 0.3968831394230769 0.1511965 0.3944705841346154 0.17856671153846154 0.3983262764423077 0.23738881250000002 0.34315024038461533 0.24456568028846154 0.33764538701923075 0.2599563293269231 0.3173080336538462 0.24096380288461539 0.2957379759615385 0.23917056730769232 0.2944044543269231 0.2363351346153846 0.27396181009615383 0.2846408918269231 0.2335415264423077
2 0.330004625 0.28724546153846153 0.3251967596153846 0.2800498581730769 0.26881513221153847 0.32407934134615385 0.21310132451923075 0.3712506634615385 0.19073599038461536 0.39489845192307693 0.24531158173076922 0.41451826201923075 0.3158765240384615 0.3444713581730769 0.32473750240384613 0.32943658413461535 0.29997794951923074 0.3108717379807692 0.330004625 0.28724546153846153
2 0.44756510817307693 0.82378425 0.44052374278846157 0.8235339014423076 0.4159875096153846 0.8287492403846154 0.3375454975961538 0.8436755673076923 0.33512621875000004 0.8651704278846153 0.33543828846153845 0.9105756057692307 0.36390665865384614 0.9237580576923077 0.44055157451923077 0.9004785288461539 0.46001349278846154 0.8823492908653846 0.45048179326923077 0.8703828389423076 0.4494159158653846 0.8653682860576922 0.44756510817307693 0.82378425
2 0.4430952692307692 0.7959567524038461 0.4815524975961539 0.7745502235576923 0.47391421875 0.7645915769230769 0.4312298966346154 0.7869127788461537 0.41346496875 0.7915138197115384 0.35823212740384613 0.8222772211538462 0.3706041201923077 0.83370465625 0.44126065625 0.8236522644230769 0.45092100721153844 0.8224238822115384 0.4480992475961539 0.8246736442307692 0.4528581033653846 0.8211871490384616 0.45763759615384614 0.8176962668269231 0.45851896634615386 0.8166677596153846 0.4430952692307692 0.7959567524038461
1 0.5173860120192308 0.6565790240384615 0.5191472740384616 0.6498473798076922 0.5213714951923077 0.6453952427884615 0.5207557235576923 0.6399614903846154 0.5144279471153846 0.6401256322115384 0.5067193365384616 0.6437376538461539 0.4985803581730769 0.6478617355769232 0.48408101442307694 0.649358391826923 0.48295529807692306 0.6515711754807693 0.4849285528846154 0.6583178365384617 0.4829121778846154 0.6662845769230769 0.4933378413461539 0.6680478966346153 0.5166066153846154 0.6603196466346154 0.5223012788461538 0.6547416153846153 0.5592126129807693 0.6290049086538462 0.5608335961538462 0.6266868533653847 0.5589724615384616 0.6278750841346153 0.5173860120192308 0.6565790240384615