2 0.47806359375 0.6763642644230768 0.40121315865384616 0.6803111610576923 0.3329087956730769 0.6815071057692308 0.3142750432692308 0.6787647115384616 0.2988629783653846 0.7392918461538461 0.29047200721153843 0.7888285048076923 0.30111417307692306 0.8126620024038461 0.5198911153846154 0.8961771875 0.5356153245192308 0.8955086177884616 0.5558984158653846 0.8857202091346154 0.5743438052884615 0.8416673581730769 0.5965102620192307 0.7440898677884615 0.6137184543269231 0.684077766826923 0.6084480456730769 0.66178459375 0.5768400769230769 0.65012040625 0.5079812307692307 0.6329761971153847 0.4961262331730769 0.660761733173077 0.47806359375 0.6763642644230768
2 0.39601687259615387 0.24914376923076925 0.4008419783653846 0.23451347836538464 0.41001252884615386 0.22450056009615385 0.4252510817307692 0.2263416418269231 0.43903796153846153 0.2243951201923077 0.45003445913461537 0.19043948557692308 0.4620596730769231 0.15509315865384615 0.4600828485576923 0.14441229326923077 0.44736498798076924 0.138237 0.44757287740384616 0.10455912259615384 0.44248512259615386 0.07610542307692308 0.40703501442307694 0.041498048076923075 0.3705295408653846 0.02594918028846154 0.29937177163461537 0.008097605769230768 0.2818691033653846 0.009821475961538463 0.26359924759615383 0.02733923076923077 0.24808883173076923 0.07264304807692308 0.19789025 0.22354085817307692 0.16879228846153846 0.3206237932692308 0.16702028846153846 0.34877207451923076 0.17944448076923078 0.3692154423076923 0.2867396009615385 0.41262434855769226 0.3170243341346154 0.42130835576923076 0.3307802716346154 0.4151387860576923 0.33649775961538464 0.38641210096153844 0.3303015793269231 0.38379254086538467 0.3323517379807692 0.3700522139423077 0.3376949495192308 0.3690558509615384 0.3500065649038462 0.3084825144230769 0.3526863725961539 0.2991369158653846 0.36953482932692305 0.2887730168269231 0.37423176201923075 0.28337715865384616 0.3852839903846154 0.2755894783653846 0.39864086538461535 0.2752053221153846 0.39190290625 0.2656877283653846 0.39238984374999997 0.2573990048076923 0.39601687259615387 0.24914376923076925
2 0.28295076201923075 0 0.2795622139423077 0.012531326923076923 0.29953451201923076 0.010480127403846155 0.39510246153846157 0.035283048076923076 0.44455975000000003 0.0857547716346154 0.4452097764423077 0.1382210264423077 0.46180216826923076 0.1525389783653846 0.44405661778846156 0.22195715384615383 0.4650934375 0.2107955264423077 0.4883312475961539 0.2069595456730769 0.5101681274038461 0.2179892067307692 0.5184766466346153 0.19648327884615385 0.5180250480769231 0.20791266826923077 0.5825975817307693 0.016490338942307694 0.570160358173077 0 0.28295076201923075 0
2 0 0.8673831274038462 0.04424832451923077 0.8775449302884616 0.08182678846153846 0.840832639423077 0.15335505528846155 0.5707334639423076 0.14822137259615384 0.5443857283653846 0.029297552884615385 0.5170516322115385 0.022026711538461537 0.5217575961538462 0.00881870673076923 0.5383187091346154 0 0.5489332211538461 0 0.8673831274038462
2 0 0.4965394326923077 0.08966102644230768 0.5208270552884615 0.10856593028846154 0.515844954326923 0.15028481490384615 0.37713280048076925 0.14530218990384616 0.3471199038461539 0.0818150985576923 0.33151602163461535 0.03223860817307692 0.3173001923076923 0 0.42972958173076925 0 0.4965394326923077
2 0.7170416706730769 0.3450250288461539 0.7069506899038461 0.3519083725961538 0.6919311298076922 0.35627074759615385 0.6914116682692307 0.3637313918269231 0.700778889423077 0.4130382259615385 0.8883334206730769 0.4375361177884616 0.9046318509615384 0.4174784278846154 0.91267765625 0.38941937740384613 0.9249236947115385 0.3495368990384616 0.943443951923077 0.31036987980769226 0.9587683533653847 0.2738745336538461 0.9619848966346154 0.2541835216346154 0.9646790096153846 0.22784083413461537 0.9620566201923076 0.19455543990384616 0.9660827115384615 0.1805147860576923 0.9778646947115385 0.11687577884615384 0.7700141177884615 0.057275584134615386 0.7644739302884616 0.07497584615384616 0.7260817307692308 0.2597697163461538 0.7162490649038461 0.2742885673076923 0.7249455528846155 0.2919773605769231 0.7210584182692308 0.3168943100961539 0.7170416706730769 0.3450250288461539
2 0.3087474350961538 0.677516829326923 0.29004753365384617 0.66182396875 0.3009920216346154 0.5899499182692307 0.25413443509615385 0.5713363076923077 0.15713585576923078 0.5590546610576923 0.10520756490384617 0.7536451274038461 0.14161329086538463 0.7615076322115384 0.13682153846153847 0.7782184567307693 0.0960420048076923 0.7923881129807693 0.06861758173076923 0.8964528004807693 0.2812220096153846 0.957416139423077 0.2840598798076923 0.9523541177884615 0.30958885096153843 0.9105251009615384 0.32809228365384613 0.8459959591346154 0.30429564423076927 0.8210875504807693 0.28862075721153846 0.7881290985576922 0.3087474350961538 0.677516829326923
2 1 0.4377113966346154 0.8905826009615385 0.42881355048076925 0.8797172379807693 0.4464317043269231 0.840386045673077 0.7254501875 0.9562113990384616 0.7229794134615385 1 0.5702704158653846 1 0.4377113966346154
2 1 0.12322297596153847 0.977665 0.11681851682692307 0.9641540673076924 0.20004531490384617 0.9608803341346154 0.25885156249999997 0.9337542620192308 0.32639867067307693 0.9289306081730769 0.34322075240384614 0.9343023653846154 0.3447610769230769 0.9978246442307692 0.3941366201923077 1 0.39380800721153847 1 0.12322297596153847
2 0.557717891826923 0 0.5729829447115384 0.02033158173076923 0.5267179423076923 0.16811906971153848 0.6801950336538461 0.23551057451923077 0.7380040240384615 0.2235269639423077 0.7609423605769231 0.06902657932692308 0.7686037620192308 0.056871170673076926 0.5702704158653846 0 0.557717891826923 0
0 0.09574619711538462 0.20183703846153847 0.06352431971153846 0.28470740865384614 0.08302061057692309 0.3016400336538462 0.10319986298076923 0.3088471201923077 0.10757112740384615 0.3157595985576923 0.10797259134615385 0.33287590384615384 0.13702974278846153 0.3497325841346154 0.15984413701923075 0.34774982932692305 0.1687052644230769 0.3205506778846154 0.19168118028846154 0.24776792307692308 0.20857673076923078 0.18884613942307693 0.21329929086538463 0.1391726610576923 0.2204942403846154 0.1029710625 0.18608460817307693 0.07892054807692307 0.1657040576923077 0.10568219951923076 0.12372316346153847 0.15599009375 0.09574619711538462 0.20183703846153847
1 0.5652152548076923 0.3577427331730769 0.5906823317307692 0.3537272283653846 0.61620271875 0.35680682451923074 0.6107232499999999 0.3722127211538462 0.613813170673077 0.3872342908653846 0.6321448509615385 0.3896492572115384 0.641885997596154 0.3740686802884615 0.6475726418269231 0.34318994230769234 0.6848177596153846 0.3496315504807692 0.7130471057692307 0.35067044711538464 0.7209142548076923 0.3232344375 0.730646375 0.27090365625 0.7257587764423078 0.25110427403846153 0.7042717500000001 0.24494296634615387 0.6804624687499999 0.23953654567307694 0.676473389423077 0.21296315144230768 0.6540980961538462 0.213602875 0.6258623725961538 0.21258622836538463 0.6022178509615385 0.20296471153846152 0.5636868725961539 0.18625709375 0.5445368653846153 0.1977430264423077 0.5303481298076923 0.19933350721153847 0.5220198245192308 0.20258036057692308 0.5253887259615385 0.19083160817307693 0.519534673076923 0.18915298557692306 0.5165358413461538 0.19961115625 0.5097217187499999 0.21603104326923078 0.5158804134615385 0.22769431490384615 0.5182238125 0.24531930048076925 0.5137319447115385 0.2609843076923077 0.5067530600961538 0.2816192908653846 0.5009246706730769 0.31669563942307694 0.5203120264423077 0.3448669399038462 0.537819 0.36120505528846153 0.5507430216346154 0.3677284375 0.5652152548076923 0.3577427331730769
1 0.7004458389423077 0.41614549999999995 0.6993472067307693 0.42782281009615386 0.6519849182692308 0.7647890913461539 0.8349813149038462 0.751328670673077 0.8761610384615385 0.45155263461538464 0.7004458389423077 0.41614549999999995
1 0.6309406995192308 1 0.6293076442307692 0.9869837956730769 0.6293272139423076 0.9412836586538462 0.6292894326923076 0.9016836514423077 0.6250712596153847 0.8806795240384615 0.613184826923077 0.8765005528846154 0.5837701658653847 0.8817922043269231 0.5503750913461538 0.8851478245192308 0.5350955745192307 0.89675628125 0.5298508100961539 0.9150469543269231 0.5241739302884615 0.9606419879807693 0.5204507379807692 1 0.6309406995192308 1
2 0.6595843533653846 0.7483294927884615 0.664637766826923 0.7616504735576922 0.8198027163461539 0.766602295673077 0.8327168990384616 0.752509516826923 0.86716196875 0.4520545625 0.8654809134615384 0.4476232427884615 0.7152203918269231 0.42035795192307696 0.7068155216346154 0.42387182211538466 0.6896209134615384 0.44266113701923077 0.681703653846154 0.5372447043269231 0.6735319399038461 0.5605959350961538 0.6687116826923076 0.5671123197115384 0.6582349110576923 0.6036491634615385 0.6618028942307692 0.6066469086538462 0.6470669951923077 0.6992752620192307 0.6492819014423077 0.7275794519230769 0.6543353173076922 0.7409004326923078 0.6595843533653846 0.7483294927884615
2 0.810104079326923 0.7729961201923078 0.7837952091346154 0.8866518725961539 0.767926798076923 0.9013183221153847 0.7635539350961539 0.9228450552884616 0.7721616250000001 0.9397137091346154 0.8848022043269231 0.9720128774038461 0.9499789519230769 0.7447145384615385 0.9467359423076923 0.7437846201923077 0.8711959975961538 0.7257119615384616 0.8384274951923077 0.7211078629807692 0.8343672740384616 0.7415442764423077 0.8283863918269231 0.7530497548076922 0.810104079326923 0.7729961201923078
2 0.30143110576923077 0.592435764423077 0.3007106875 0.671022235576923 0.4578596153846154 0.6781563822115384 0.49458732451923076 0.6565879038461537 0.506784391826923 0.5987991947115385 0.5189110865384615 0.42720756009615385 0.5411676826923076 0.3343998774038462 0.48396725240384614 0.32091171875 0.43964610336538457 0.30820283413461536 0.41095534375000004 0.2941482860576923 0.3875525432692308 0.2844997596153846 0.34543080528846154 0.32494221875 0.30143110576923077 0.592435764423077
2 0.4987980769230769 0.4987980769230769 0.9975961538461539 0.9975961538461539