1 0.5309902331730769 0.11260352163461539 0.5373656538461539 0.10046719230769231 0.5466722908653846 0.07995013701923076 0.5532486274038462 0.08044207451923077 0.5634649230769231 0.0932719951923077 0.5647538221153846 0.09816084374999999 0.5702215072115384 0.1132265673076923 0.5756833533653846 0.12487107451923077 0.5740620408653846 0.13474954807692308 0.5695408509615384 0.14620045913461538 0.5631389254807693 0.16174994471153845 0.5543976153846154 0.17669272836538463 0.5435794951923077 0.17971068990384614 0.5272630288461538 0.1813577596153846 0.5112101394230769 0.1785030528846154 0.4975344735576923 0.17624105769230772 0.4856968677884615 0.17328961057692308 0.47518015865384616 0.17179180528846152 0.4717469543269231 0.17550330288461538 0.46774841586538457 0.18478906971153847 0.47065896874999996 0.18324271634615386 0.47040538701923074 0.18088403605769232 0.4814505841346154 0.18363791346153846 0.49854362740384617 0.1856276514423077 0.5082734254807693 0.18690583413461537 0.5209034399038461 0.19005485096153846 0.5332902067307692 0.18742799759615383 0.5472297860576923 0.18863149038461538 0.5570019182692307 0.18305727644230768 0.5638683317307692 0.17563428365384615 0.5697049278846154 0.16565906490384613 0.5744958725961539 0.1565708701923077 0.5792809783653846 0.14406145432692308 0.5830362644230769 0.1289998173076923 0.5854603197115384 0.11590172596153846 0.5844566634615385 0.10649307932692308 0.5774100024038462 0.0944534375 0.5637973365384615 0.07850466826923076 0.5535707091346154 0.06909193269230769 0.5435873293269231 0.06545506971153846 0.5328060456730769 0.0616426875 0.5136946947115384 0.04087975961538462 0.49953253365384614 0.027066021634615387 0.48768459134615383 0.027531762019230768 0.4768826418269231 0.030553754807692308 0.46895440625 0.038859737980769235 0.4668307644230769 0.04062571153846154 0.46708984374999996 0.04296234134615384 0.4749185841346154 0.05861674038461539 0.4817061634615385 0.06831975480769231 0.48879516346153845 0.07350700240384615 0.4903376442307692 0.08075453605769231 0.49554625 0.0934836298076923 0.5026455793269231 0.0952536923076923 0.50131984375 0.0971951826923077 0.4948814230769231 0.12301828125 0.49619682451923075 0.12449397836538462 0.5054459615384616 0.11764163701923078 0.5309902331730769 0.11260352163461539
2 0.4405088990384615 0.6132209471153847 0.45492859375 0.5781213221153846 0.4608190673076923 0.41223238461538464 0.4412133413461538 0.3570080192307692 0.12909263221153847 0.24243684375000002 0.1217465 0.23566298557692308 0.10373534855769231 0.2560944110576923 0.10401164182692307 0.2722783485576923 0.10601823317307693 0.27718218028846153 0.040412528846153845 0.3634645889423077 0.01829773798076923 0.3960834567307692 0.023431052884615385 0.4873077956730769 0.04299422115384615 0.5693643509615385 0.15737941586538462 0.586570454326923 0.3025952980769231 0.6484953341346155 0.3215137139423077 0.7006204519230769 0.37074617067307697 0.7080469134615384 0.4405088990384615 0.6132209471153847
2 0.42811927403846156 0.8192995865384615 0.42917968990384614 0.7964454423076923 0.42466547836538465 0.7805868293269231 0.41868868990384617 0.7612248725961539 0.4139360985576923 0.7432221778846154 0.38089062019230774 0.7118644759615385 0.35211002403846153 0.7036346322115385 0.3189395216346154 0.7006110576923077 0.3403666634615385 0.7259332932692307 0.3388259447115385 0.7476136514423076 0.3058701081730769 0.8550597932692308 0.31010428125 0.8813421033653845 0.2861550600961538 0.9279321875 0.27397114423076924 0.942766173076923 0.27809005528846154 0.9448471706730769 0.34219910576923074 0.9597773149038461 0.3738670096153846 0.9750278413461538 0.376545014423077 0.9735874711538461 0.38338745432692306 0.9584757427884616 0.40186631490384617 0.9431266129807692 0.39099736778846156 0.9372545697115384 0.3961821947115384 0.9164593677884615 0.41075144711538464 0.9074902956730769 0.41979158894230767 0.8897644062500001 0.41503899759615387 0.8717617139423077 0.42811927403846156 0.8192995865384615
2 0 0.8842794855769232 0.04547265625 0.9019804206730769 0.26079784615384616 0.9556670192307692 0.3026540096153846 0.8760882019230769 0.33892654567307695 0.7503792283653846 0.31756962499999997 0.6675943677884616 0.2796707596153846 0.6413039543269231 0.21533949038461536 0.6218914495192307 0.0007154375 0.5414197475961539 0 0.5414945408653846 0 0.8842794855769232
1 0.30038037259615386 0 0.2656945 0.033715733173076926 0.27456406971153846 0.05539170913461538 0.3112826682692308 0.06843490865384615 0.3639792980769231 0.12052616586538462 0.4157525552884615 0.176252 0.4351613894230769 0.2472846658653846 0.43875857692307696 0.24429332451923078 0.4700064350961538 0.08465642067307691 0.46753679807692305 0.03731171153846154 0.4397843605769231 0.02261580528846154 0.35731120432692304 0.009829384615384617 0.32723571634615384 0 0.30038037259615386 0
1 0.45431617067307695 0.2223965168269231 0.44785785096153846 0.22755657451923075 0.4497144399038462 0.2328461826923077 0.44387498317307694 0.23976944230769232 0.44511270913461537 0.24329584615384617 0.43989211538461537 0.25198231009615385 0.4405109783653846 0.2537455144230769 0.4376631802884615 0.25716053365384617 0.43590924519230767 0.2641951778846154 0.43344245192307695 0.2678197067307692 0.43779850000000003 0.28169476923076925 0.4789752451923077 0.2887757524038462 0.48705717788461544 0.29397633653846156 0.4961769182692307 0.2824071298076923 0.49772737019230767 0.2668191899038461 0.49286162259615385 0.25815749759615386 0.5048348485576923 0.21640475721153846 0.510043485576923 0.20333338221153846 0.5063775432692308 0.18890192548076923 0.5131998942307692 0.17909284615384616 0.5152521201923077 0.19026200721153846 0.5221686586538461 0.18132901201923077 0.5202345360576923 0.1483707403846154 0.5183004110576923 0.11541246875 0.5040513341346153 0.11930829807692309 0.4912189350961539 0.13316079326923075 0.48396291105769235 0.1654321826923077 0.47732482692307693 0.1701481875 0.47975380528846157 0.18482167548076925 0.4727230961538461 0.18059785576923076 0.46812136298076923 0.19104751923076924 0.46335140625000004 0.19329621875 0.4635196322115384 0.20149718509615383 0.4558235889423077 0.2031308389423077 0.4589179014423077 0.2119468485576923 0.45184071875000004 0.21534370673076925 0.45431617067307695 0.2223965168269231
1 0.48057241105769233 0.4940084278846154 0.4773889375 0.5067766394230769 0.49569101201923077 0.5181091177884615 0.5069691177884615 0.5277137451923077 0.5171009543269232 0.5319263533653846 0.5441093581730769 0.518329108173077 0.56577646875 0.4762762548076923 0.573266420673077 0.46118543028846154 0.575508451923077 0.3973545 0.5619717451923077 0.37193834375 0.5331600480769231 0.3528793004807692 0.5117914543269231 0.3289067740384616 0.5024694495192308 0.3164169399038462 0.4623615576923077 0.2928549807692308 0.44365102403846157 0.2881899206730769 0.4443025504807692 0.31547624038461536 0.4488178413461539 0.3522050456730769 0.47945091826923075 0.3988186634615385 0.4849903461538462 0.4662996081730769 0.49000587259615386 0.4811120576923077 0.484477516826923 0.4932956225961539 0.48057241105769233 0.4940084278846154
2 0.541778264423077 1 0.5857852572115385 0.8026993413461538 0.5116502043269231 0.7335982139423076 0.44410794711538465 0.7868631875 0.5047078149038462 0.8759423822115384 0.47561847596153844 0.9582358677884616 0.36610691105769233 0.9737723004807692 0.36499610576923075 0.9816465625 0.43860772115384616 1 0.541778264423077 1
2 0.44947633653846153 0.9301921274038462 0.46002529086538463 0.9129595432692308 0.46813853365384617 0.9054960721153846 0.47493637740384614 0.8977280552884616 0.47322571394230767 0.8906728197115386 0.46649537980769235 0.8814291201923077 0.4713626298076923 0.8674879567307693 0.4761830408653846 0.8648952884615385 0.48362775 0.8572885552884616 0.4810709615384615 0.8452909038461538 0.46978798798076926 0.8320544903846153 0.46629814903846156 0.82931053125 0.4336861153846154 0.80696165625 0.4319308581730769 0.8084212860576923 0.4174346826923077 0.8777228990384616 0.4234573894230769 0.8953161538461539 0.4175240889423077 0.9051969903846153 0.40305610817307697 0.9214758774038461 0.39494836538461536 0.9289172956730769 0.4012171706730769 0.9399431923076923 0.39045896153846155 0.9580839471153847 0.3821073677884615 0.9692591009615386 0.3923472115384615 0.9699383389423077 0.44298232692307693 0.9645741971153845 0.44476150240384615 0.9602629182692308 0.44947633653846153 0.9301921274038462
1 0.5237298100961538 0.17045176923076924 0.5188123942307692 0.1777048581730769 0.5116297548076922 0.20341267307692307 0.49978261778846156 0.23535917548076923 0.49605645673076926 0.2534730673076923 0.49597276682692304 0.26930959615384614 0.5103244326923077 0.2771274375 0.5733284230769231 0.24840259615384616 0.5707033942307692 0.23716089182692307 0.5751879903846153 0.21607398798076924 0.58022040625 0.18032031009615385 0.52688425 0.17336975721153847 0.5237298100961538 0.17045176923076924
1 0.6301685264423077 0.6208297764423077 0.6290695793269231 0.5711565961538462 0.63774565625 0.5762476634615384 0.6505144735576922 0.589105 0.6537478173076923 0.5889508197115385 0.6527852403846153 0.579997451923077 0.6483638918269231 0.57210240625 0.6478001466346155 0.5714699639423076 0.6398391298076922 0.5564150048076922 0.6336124014423077 0.5514895889423077 0.6431214663461537 0.52334025 0.6442809182692308 0.5129718509615384 0.6394918629807692 0.5122696899038461 0.63111240625 0.5130849110576923 0.6278023725961539 0.5064507139423077 0.6246103774038462 0.4964496081730769 0.6307949831730769 0.48590531490384614 0.6322927500000001 0.4770734975961538 0.630951795673077 0.47528693028846153 0.625071454326923 0.4689722283653846 0.6217439639423077 0.4637859086538461 0.6140271177884615 0.4449270240384615 0.60170140625 0.43311708894230766 0.5973512475961539 0.43203247115384613 0.5904440264423078 0.4283896201923077 0.5813478004807693 0.42078122355769226 0.5717548076923077 0.41792096153846153 0.5798811610576923 0.44512685336538466 0.5780441418269231 0.45965957451923073 0.5618387475961538 0.48759156249999996 0.5289821778846154 0.52540234375 0.5208310721153846 0.5281951923076923 0.507776735576923 0.5292970649038462 0.5179283966346154 0.5526512379807692 0.52164921875 0.5661805360576924 0.5223262764423077 0.5890931153846154 0.5207270673076922 0.621135295673077 0.5246949903846153 0.6337424350961538 0.5261450480769231 0.6563792836538462 0.5286966105769231 0.6589595721153846 0.5398572740384615 0.6612503557692307 0.5703387115384616 0.65287571875 0.5818841826923077 0.6407401610576924 0.5995341370192308 0.6354670745192308 0.6019092716346154 0.6060309278846154 0.6218167451923077 0.5945280240384615 0.618798608173077 0.6194471658653846 0.6241326610576923 0.6236815504807692 0.6301685264423077 0.6208297764423077