1 0.6474608197115385 0.6946121129807692 0.6349324831730769 0.7040166899038461 0.6302390240384615 0.7046763125000001 0.6245943629807692 0.7086720793269231 0.618000908653846 0.7127778173076924 0.6172465 0.7141461274038462 0.6113585769230769 0.7232719711538462 0.6067 0.7309160072115385 0.6026218653846154 0.7359538990384615 0.5910911971153846 0.7388600889423077 0.5747070745192308 0.7411627283653845 0.5619634447115385 0.7422992091346153 0.5517174471153846 0.737381016826923 0.54050496875 0.7255859639423077 0.5321036418269232 0.7235642283653847 0.5457132692307692 0.7490477692307693 0.5559312980769231 0.7673641322115384 0.563334954326923 0.7758842548076923 0.5770386225961539 0.7815787860576923 0.5821353365384615 0.7770522596153846 0.5869678774038461 0.7706460600961538 0.5919083149038461 0.7718685288461539 0.6013910721153846 0.7679878701923077 0.6080943389423077 0.7612953798076922 0.6133650168269231 0.7580066923076922 0.6154161514423078 0.7590040817307693 0.6245649471153847 0.7526224134615384 0.6280105600961539 0.7432086706730769 0.6299747115384615 0.7435871442307692 0.635709579326923 0.7402332163461539 0.6374495793269231 0.7355239278846154 0.6291645072115385 0.7309612884615385 0.6220427115384616 0.7313076730769231 0.6236785360576923 0.7259818846153846 0.65636121875 0.7035530216346154 0.6569384399038461 0.700923954326923 0.651060795673077 0.689664798076923 0.6474608197115385 0.6946121129807692
1 0.7086247115384615 0.7822769663461538 0.6662571706730769 0.7836964639423076 0.6434160793269231 0.8028020024038462 0.6314163701923078 0.8385467548076923 0.6356398894230769 0.8685986418269231 0.6665135745192308 0.9187482403846154 0.6745988389423078 0.9096642139423078 0.7014700841346154 0.9070097379807692 0.7312163461538461 0.8823988653846153 0.7462491586538461 0.8621232692307692 0.7533407956730769 0.7975682451923076 0.7501702475961539 0.7809963725961538 0.7319464735576923 0.7846795865384616 0.7086247115384615 0.7822769663461538
1 0.4652959158653846 0.39552610576923075 0.3827773557692308 0.4004145240384615 0.30583016346153846 0.3910555721153846 0.2909902524038462 0.3393538413461539 0.3069110216346154 0.3270180480769231 0.3384340144230769 0.28224142788461537 0.33798743750000004 0.2251741298076923 0.35853778365384614 0.19201451682692308 0.40150042067307695 0.19270869471153845 0.39346426923076927 0.15349174999999998 0.3432511538461539 0.13700947596153845 0.32283973317307696 0.15331910576923077 0.3103255384615385 0.22569566586538461 0.2894532908653846 0.2924913125 0.2800176033653846 0.35097084615384616 0.2741447451923077 0.3988747572115384 0.3756721081730769 0.4215862764423077 0.5217099567307693 0.4380422548076923 0.5833736033653846 0.446183079326923 0.6213848990384616 0.44757312259615384 0.6686803509615384 0.2997139519230769 0.666520278846154 0.21261601923076923 0.6192436586538462 0.14529979326923076 0.5296135480769231 0.1175501346153846 0.4688666947115384 0.2235873341346154 0.44151244711538457 0.29802614903846153 0.44445202884615387 0.3009791105769231 0.5013126466346154 0.4005625600961539 0.4652959158653846 0.39552610576923075
2 0.26986319951923077 1 0.2720841514423077 0.9942146033653846 0.2974438269230769 0.9234221971153846 0.3159965264423077 0.8401220841346154 0.3756453293269231 0.7981248221153846 0.4130442620192308 0.7592311995192307 0.43808526201923076 0.7220977500000001 0.39775455048076924 0.6504392499999999 0.36747497355769226 0.6143717932692307 0.33208149519230773 0.5958067524038462 0.28742578125 0.5651024447115385 0.20645184615384615 0.5630182211538461 0.18883799759615386 0.5453438846153846 0.16488093990384614 0.5722267235576923 0.11897091346153846 0.6761787427884615 0.07754524038461538 0.7223470961538462 0.06595256009615384 0.7475156081730769 0.02980779326923077 0.7055168870192308 0.022369319711538462 0.6941293774038461 0.06535663221153845 1 0.26986319951923077 1
2 0.7272666514423077 0.26861881009615385 0.7040652932692308 0.26545124759615385 0.6808894975961538 0.27805864903846156 0.6603738389423076 0.28152632692307694 0.6579704495192308 0.3174418245192308 0.6552158677884615 0.3382592620192308 0.6581128557692307 0.34951656009615384 0.7082908365384615 0.3360595817307692 0.7208192692307692 0.32553296153846156 0.7254852403846154 0.2933668389423077 0.7272666514423077 0.26861881009615385
2 0.6370366201923077 0.8179109663461539 0.6111767860576923 0.7777393822115385 0.5111361995192307 0.7850669855769231 0.5300057644230769 0.9374188990384614 0.6385916875 0.9187920504807692 0.6565553774038461 0.9027796754807693 0.6297677259615385 0.8560063028846153 0.6370366201923077 0.8179109663461539
0 0.8460302884615385 0 0.82747653125 0.05878763461538462 0.7678739375 0.07466781490384615 0.6702911153846153 0.09025223557692308 0.7339423389423078 0.023218177884615384 0.7337681201923077 0.011998978365384615 0.6543512307692307 0.0868589110576923 0.6080080697115384 0.12710306490384615 0.6085267475961539 0.13079364663461537 0.6456410360576924 0.19490971634615384 0.6567519110576924 0.21396549759615385 0.6689844086538461 0.2609611610576923 0.6740579254807693 0.27710196153846156 0.7402133317307692 0.2678044254807692 0.7718249591346154 0.2427443870192308 0.8029211298076924 0.21401669230769232 0.8254066346153847 0.19400272355769232 0.8466837884615385 0.15541131730769228 0.8866555456730769 0.14979365384615384 0.8869895889423076 0.11225218269230769 0.853312920673077 0.12261866105769231 0.8390193533653847 0.09089644230769231 0.8576292740384616 0.043306262019230775 0.8702424206730769 0 0.8460302884615385 0
2 0.6279199519230769 0.9427792307692309 0.5963694927884615 0.9297283798076923 0.5826099158653846 0.9374826947115384 0.5760704038461538 0.9780234711538461 0.5988314543269231 0.9783075817307693 0.6134968605769231 0.9832358125 0.6172599663461539 0.9884339735576924 0.7237413557692308 0.9734689903846154 0.7247237451923076 0.9664351105769231 0.7219870625 0.9656743197115384 0.7035208317307693 0.9647632331730769 0.6884124230769231 0.9505703846153846 0.6754120264423077 0.9512520673076923 0.6279199519230769 0.9427792307692309
2 0 0.2726160240384615 0.0033473052884615386 0.2879599158653846 0.02762248076923077 0.31236526923076924 0.07460930048076923 0.34980140625 0.10377910336538461 0.3966841225961538 0.11656316346153847 0.4134243245192308 0.14543121875 0.4580352596153846 0.18665029326923077 0.4545564855769231 0.20253326682692308 0.43147320913461534 0.08686001442307692 0.2020754423076923 0.16547826442307695 0.13076397355769231 0.2169404735576923 0.08877185817307692 0.2044753485576923 0.07430102403846153 0.19158718028846153 0.06916977403846154 0.12746221153846155 0.08281032692307691 0.029133896634615384 0.18702306249999998 0 0.2328479735576923 0 0.2726160240384615
0 0.5349633990384615 1 0.5367202620192308 0.9997530889423077 0.5357341466346154 0.9996345480769231 0.5314173485576923 0.9411008677884615 0.5304692019230769 0.9203830528846153 0.5423002764423077 0.8839373557692307 0.5247978822115384 0.8568269735576923 0.5098487403846154 0.7876322427884616 0.49498483413461536 0.7792956923076922 0.48590544951923076 0.7518664326923077 0.46884618028846153 0.7325246129807692 0.4672988173076923 0.707543141826923 0.45405620432692306 0.6876649278846153 0.4505799519230769 0.6907481778846154 0.4282442548076923 0.7312882764423076 0.3897887692307692 0.78711409375 0.3695260168269231 0.8377883966346154 0.3582456730769231 0.8411035408653846 0.34554568509615385 0.834192670673077 0.31552509855769234 0.8758128100961537 0.28649806971153846 0.9477050192307692 0.27123252644230766 1 0.5349633990384615 1
2 0.4650365913461538 0 0.41651853846153847 0.006818766826923076 0.3608041298076923 0.04597227403846154 0.3491284278846154 0.04859496153846154 0.36942212500000005 0.10467285336538461 0.3778670072115385 0.11274275480769232 0.3737427211538461 0.1172027403846154 0.3835466826923077 0.14018229807692306 0.3948368798076923 0.13469183413461538 0.39728807692307694 0.13142538701923076 0.3998397932692308 0.13398872115384616 0.42256751201923076 0.12156117307692307 0.43169837259615385 0.12415826923076922 0.44914224278846154 0.11829384855769232 0.4547422355769231 0.10874095673076924 0.45927802163461534 0.10471402644230768 0.4686378341346154 0.10632054567307692 0.48059812259615386 0.10559803846153847 0.5032062067307692 0.09755854567307692 0.5220284807692308 0.08079436298076924 0.5220544711538462 0.07835964182692308 0.5387969807692308 0.07246830528846154 0.54591253125 0.06624074519230769 0.547168233173077 0.06952263461538462 0.5500492740384615 0.06710865384615385 0.5639107427884615 0.06363129326923077 0.5648510048076922 0.06065716346153846 0.5722819975961538 0.060685625 0.5776358004807692 0.05544753605769231 0.58065325 0.057739954326923075 0.5890245072115385 0.05479428365384616 0.5885389735576922 0.05244252884615385 0.5973957620192307 0.05184861538461538 0.6042036538461538 0.04439709134615385 0.6057670144230769 0.04890294471153846 0.6141382716346153 0.045957276442307696 0.6195661610576924 0.039316076923076926 0.6225095264423076 0.04301160576923077 0.6295891875 0.03790743269230769 0.63088078125 0.040065937499999996 0.6331563581730768 0.03983716586538462 0.6392520360576923 0.03712026682692308 0.6399315841346154 0.03353194711538461 0.6476232884615385 0.034174593749999996 0.6509283966346153 0.028573603365384614 0.6559945456730769 0.031228925480769228 0.6553460673076923 0.02358149759615385 0.6599879471153846 0.022929124999999998 0.6643657980769231 0.02828325721153846 0.6750119735576923 0.03103278846153846 0.6727370528846154 0.025337586538461538 0.6874460456730769 0.018088362980769233 0.6804281129807692 0.009817915865384616 0.6767860769230769 0 0.6372169110576924 0 0.6157908798076923 0.007214266826923077 0.6121453413461538 0 0.49363020432692306 0 0.4923049519230769 0.0008281995192307692 0.4919871634615385 0 0.4650365913461538 0
2 0 0.5349634110576923 0.02358351923076923 0.7027688725961538 0.060822579326923074 0.7515559182692308 0.1503556201923077 0.6014773677884615 0.15109253125 0.49968977403846154 0.14898408653846154 0.47707797115384615 0.11516598076923076 0.4044808076923077 0.07375576442307692 0.3544562355769231 0 0.29368216346153847 0 0.5349634110576923
0 1 0.8472090576923077 0.9688212043269231 0.8405904519230769 0.9405995528846154 0.8403725048076923 0.940079826923077 0.8493984182692308 0.9338584663461538 0.8496650072115385 0.9334745697115385 0.8532954326923077 0.8953177692307693 0.9493554975961539 1 0.9346433701923077 1 0.8472090576923077
1 0.8630148293269231 0.3015514423076923 0.8572556129807692 0.3004907980769231 0.8509299206730769 0.3020109567307692 0.8433126201923078 0.30432040865384613 0.8746019735576923 0.3173845769230769 0.8945514423076923 0.3261050528846154 0.9250397091346154 0.35929135336538465 0.932061329326923 0.3749479831730769 0.9355495120192308 0.383550875 0.9360307692307692 0.3849792788461538 0.9366528774038462 0.3852892331730769 0.9370909783653846 0.36283380048076924 0.93516740625 0.3525149783653846 0.9142273245192307 0.32988496634615383 0.8772687067307692 0.3064206274038461 0.8630148293269231 0.3015514423076923