1 0.9423626322115385 1 0.9610435024038462 0.847856516826923 0.9370178509615384 0.8449065360576923 0.9154425072115384 0.9010061322115385 0.9123237740384614 0.9862842283653847 0.9124250985576924 1 0.9423626322115385 1
1 0.34448625961538465 0.5854911850961538 0.3420257331730769 0.5832148966346155 0.33466139423076924 0.58428484375 0.33215954567307693 0.6066012451923076 0.34110427644230773 0.6090156346153847 0.34448625961538465 0.5854911850961538
1 0.42236440865384617 0.6245752740384615 0.42480436057692306 0.6187027331730769 0.42163059375 0.6096221346153846 0.4190072163461539 0.6031278942307693 0.4182829951923077 0.5964130048076923 0.41716833413461535 0.5887198173076923 0.41782343509615383 0.5778401778846154 0.4152992548076923 0.574557641826923 0.4132079639423077 0.5763431129807692 0.4111131538461539 0.5918793004807692 0.40936677884615386 0.6019441971153846 0.4153821923076923 0.6228103004807692 0.42236440865384617 0.6245752740384615
2 0.3566195432692308 0.6050435288461539 0.3519301201923077 0.6067822908653846 0.35043481730769227 0.6026049591346154 0.34745960096153844 0.6025800240384616 0.34598731971153845 0.6063929831730769 0.34070315625 0.6351525625 0.33968956009615386 0.635368485576923 0.33187061298076925 0.638061795673077 0.3267708846153846 0.6450827187500001 0.3236173677884615 0.6606477548076923 0.32147470913461534 0.6760192235576923 0.32404780048076925 0.687635608173077 0.3433705192307693 0.6886920240384615 0.34879413461538467 0.679033252403846 0.35416075721153845 0.663739954326923 0.35653501442307695 0.6444031850961539 0.3556922139423077 0.6268725072115384 0.3588010432692308 0.6036322019230769 0.3566195432692308 0.6050435288461539
2 0.5474025 0.6374546322115384 0.5382329927884615 0.6370095072115384 0.5323325793269231 0.6688475625 0.5428951466346154 0.670144483173077 0.5461159855769231 0.6662285384615385 0.5494636129807693 0.6410433774038461 0.5474025 0.6374546322115384
2 0.3613949278846154 0.6465429399038461 0.34529860576923077 0.6889287644230768 0.34564618028846156 0.693305548076923 0.3753342067307692 0.6961565697115385 0.3758086201923077 0.6946490961538461 0.38727896153846153 0.6587523822115385 0.3874225673076923 0.6528701826923077 0.3870251490384616 0.6512556634615384 0.3613949278846154 0.6465429399038461
1 0.5172051153846154 0.5855270745192308 0.5151653125 0.58786346875 0.5147027860576923 0.5948184014423077 0.5244559735576924 0.5913414591346154 0.5244574278846155 0.5817657548076923 0.5207610456730769 0.5802680817307693 0.5172051153846154 0.5855270745192308
1 0.4453101322115385 0.6741601706730769 0.4479638100961539 0.6676558125000001 0.44821953846153845 0.6465839663461538 0.4425974543269231 0.6241777379807693 0.4337002692307692 0.6435531826923077 0.4371954663461538 0.6719157764423076 0.4453101322115385 0.6741601706730769
2 0.4963643389423077 0.6594844350961538 0.49720355528846155 0.6433629399038462 0.4991501057692308 0.6405385697115384 0.5043411634615385 0.6356845721153845 0.5047036899038462 0.6289896586538462 0.5026241826923077 0.6272139879807692 0.5005554447115385 0.6290929927884614 0.49510160576923073 0.6287410288461538 0.4890480456730769 0.6518466850961538 0.4881587283653846 0.6590895889423076 0.4963643389423077 0.6594844350961538
2 0.579671639423077 0.6287094519230769 0.5822986346153847 0.630461579326923 0.5871918533653846 0.6312212355769231 0.5890376514423077 0.6257522620192308 0.5910146610576923 0.6125615432692307 0.58545325 0.6115610048076923 0.5855150528846154 0.6129981682692308 0.58237203125 0.6154487139423076 0.579671639423077 0.6287094519230769
0 0.4674903822115385 0.5675324423076923 0.46366497596153844 0.5619571177884615 0.46179699278846154 0.5662207067307692 0.4569349591346154 0.5746323149038461 0.45174466586538464 0.5875192572115384 0.45277618028846156 0.5993548100961539 0.45758320913461537 0.6041429951923077 0.4668326129807693 0.6040760216346154 0.47115117548076924 0.6000906346153847 0.47145880288461534 0.5938428149038462 0.47440123557692304 0.5698786394230769 0.47443630769230766 0.5641873365384615 0.47062939663461534 0.5658075408653847 0.4674903822115385 0.5675324423076923
0 0.5517457451923077 0.6012501129807692 0.5487652451923076 0.5975257860576924 0.5457623533653846 0.5963401778846154 0.5415056490384615 0.5953863798076923 0.5401634086538462 0.5960611634615385 0.5381819254807693 0.602080766826923 0.5367518653846154 0.60859921875 0.5361480096153847 0.6135172403846154 0.5365129423076923 0.6181684567307693 0.5368806201923078 0.6227973173076923 0.5400315913461539 0.6252718413461539 0.5442388918269231 0.6266280240384615 0.5472716826923076 0.6274315456730769 0.5529752139423076 0.6218689519230769 0.5548086153846155 0.6145604326923076 0.553721923076923 0.6081641033653846 0.5526845 0.6038614591346154 0.5517457451923077 0.6012501129807692
0 0.5116938846153846 0.6190467163461538 0.5051394182692308 0.6161542956730769 0.5033627764423076 0.6277131250000001 0.5009814278846154 0.6322767475961538 0.49741082932692304 0.6436153076923077 0.4946342451923077 0.6565263173076924 0.494580625 0.6613984399038462 0.49779362259615384 0.6666943461538462 0.5057614855769231 0.672074858173077 0.5095056322115384 0.6698569663461539 0.5113969038461538 0.66346321875 0.5139607524038461 0.6606011875 0.5151477836538462 0.6553690120192308 0.5180416610576923 0.6437204447115386 0.5183897259615384 0.6393610024038462 0.5186360096153846 0.6344444567307692 0.5181894663461539 0.6282401875 0.5170782980769231 0.6234292716346155 0.5154774350961538 0.6208047019230769 0.5116938846153846 0.6190467163461538