0 0.8788285865384615 0.6424709326923076 0.8926675360576923 0.6103640432692308 0.8897894014423078 0.5262806105769231 0.8565899399038461 0.5099429927884616 0.8506375649038461 0.48408928125000006 0.8795508125 0.48925821634615385 0.8919827379807692 0.48442926201923076 0.8946973870192308 0.47910796394230765 0.8367529230769232 0.4705907379807692 0.7932144110576923 0.512102108173077 0.7143785769230769 0.5773053822115385 0.7033497524038462 0.6022691466346154 0.7241406658653846 0.6234200288461539 0.747314983173077 0.5990927836538462 0.7687499783653846 0.6075234543269231 0.7473372980769231 0.64471390625 0.7551467932692308 0.6816089975961539 0.8193075721153846 0.7105132836538461 0.8374834086538462 0.642130951923077 0.8788285865384615 0.6424709326923076
2 0.7847989038461538 0.5272229374999999 0.827810579326923 0.46951314903846153 0.8843311826923077 0.44710265625 0.875448545673077 0.3820553870192308 0.49350296634615387 0.33434849278846157 0.4230818822115384 0.44598485096153845 0.4552970649038462 0.5353270865384615 0.6604192596153846 0.5529953509615384 0.7847989038461538 0.5272229374999999
2 0.8241868052884616 1 0.8268529759615385 0.989567639423077 0.8326518822115384 0.927116625 0.833049704326923 0.9195256899038462 0.8665058653846154 0.9098782932692308 0.886052608173077 0.9242148581730769 0.9348670552884616 0.9115664639423078 0.9439606346153847 0.8835073100961538 0.936323579326923 0.8355757139423077 0.9508522283653846 0.8002065288461538 0.9513490673076923 0.7907262980769231 0.865351079326923 0.7386879759615385 0.6907842884615385 0.7314338076923076 0.6393283846153845 0.7458551706730769 0.6212869927884616 0.8000528004807692 0.6419048173076922 0.7935215528846153 0.6501377235576923 0.8300836177884615 0.6758501610576922 0.8713676394230769 0.6665810456730769 0.9032065697115385 0.6382620288461538 0.9112287019230769 0.6449130649038461 0.8811470528846154 0.6222505240384616 0.8780648725961538 0.5947836370192308 0.9184563701923077 0.6342873269230769 0.9870705697115384 0.6446211538461538 1 0.8241868052884616 1
2 0.3962423653846154 0.8522484350961539 0.3893229711538462 0.8547444519230769 0.38248171875 0.8639260192307692 0.38119473317307695 0.8721300432692308 0.3822680985576923 0.8800518028846154 0.38724897115384616 0.8796869831730769 0.3844513269230769 0.8857312812499999 0.39036321875 0.9145091778846154 0.3966951298076923 0.9197802211538462 0.4123268317307692 0.9205994423076922 0.4146709591346154 0.9232088100961539 0.42683460336538465 0.9269417379807692 0.4376705889423077 0.9250231129807692 0.5027678365384616 0.9265909711538461 0.5094722235576923 0.8929092067307691 0.5128524615384615 0.8757484062499999 0.5337877163461539 0.8700457163461538 0.6051608846153846 0.8620302524038461 0.6013778076923078 0.8550321298076924 0.5969595024038461 0.8420804399038461 0.5904319399038461 0.8207467379807691 0.5784895961538461 0.8140821850961538 0.56549365625 0.8111683076923076 0.5361389783653846 0.8131313125 0.5069616057692308 0.8112808076923077 0.4536227860576923 0.8091282115384615 0.418058954326923 0.8082116322115385 0.40390863701923074 0.8109714663461538 0.39589094951923076 0.8185013629807693 0.39432106971153846 0.8321033822115385 0.3962423653846154 0.8522484350961539
2 0.38249692067307695 0.8511559350961538 0.39158334375000003 0.8533574735576923 0.4015065072115384 0.8176454350961537 0.4226280889423077 0.8101087692307692 0.5687798028846154 0.8100042379807693 0.5809719350961539 0.7968405000000001 0.5750822788461538 0.7775362067307692 0.39445075480769226 0.7766963990384615 0.37440240625 0.8300276706730769 0.38249692067307695 0.8511559350961538
2 0.5241905697115384 0.5406291490384615 0.5232234278846154 0.5405784639423077 0.4614359350961538 0.5322319663461539 0.44766837740384613 0.5169296442307693 0.44154779086538465 0.4852483341346154 0.4421807860576923 0.45466522355769234 0.37623525 0.4512091658653846 0.3614015288461539 0.4562505480769231 0.3490916947115385 0.5241622091346154 0.36657437019230765 0.5615304206730769 0.5024255576923077 0.5664680360576922 0.5036596826923077 0.5614243629807693 0.517337076923077 0.5599422043269231 0.5241905697115384 0.5406291490384615
2 0.3597616754807692 0.6230994663461539 0.3611072716346154 0.6189412187500001 0.36775132692307694 0.6066369423076924 0.3491787740384616 0.5960896658653846 0.3023077235576923 0.595324766826923 0.30129208173076927 0.6577389038461539 0.2830347572115385 0.6553781249999999 0.28257113221153846 0.6784259879807693 0.29753554807692306 0.6794977980769231 0.29724115865384615 0.6851150889423077 0.35298382932692307 0.688307079326923 0.3547175817307692 0.6836278918269231 0.35629833653846155 0.6749825576923077 0.3568575048076923 0.6716288461538462 0.36317887740384613 0.6654816634615385 0.36281066346153845 0.6651917235576923 0.3613854471153846 0.6639837235576922 0.35735743269230774 0.6547738028846154 0.3563291538461538 0.645991735576923 0.3558729735576923 0.64006446875 0.35940850240384614 0.6371542980769231 0.3657590480769231 0.6304504471153846 0.36353905528846153 0.6297759038461539 0.3597616754807692 0.6230994663461539
2 0.3781642091346154 0.6833681490384615 0.3726516875 0.6671959975961539 0.3588486778846154 0.6680626274038463 0.3536855793269231 0.7059017019230769 0.2990318677884615 0.6982842884615384 0.2839839399038462 0.7022487932692307 0.2872160408653846 0.7214814711538462 0.34421333173076923 0.7252635793269231 0.3461996346153846 0.7476109999999999 0.34400010817307697 0.7895804302884616 0.38047778605769234 0.8010322451923078 0.3827582043269231 0.7979717235576923 0.39662508653846157 0.775660125 0.5662047788461538 0.7726392091346154 0.5706632836538461 0.7482445216346154 0.5007954423076924 0.7477629375 0.41610902644230774 0.747299752403846 0.39832688942307687 0.743187795673077 0.38133332451923074 0.7240289230769231 0.3798414807692308 0.7120425264423077 0.36933444711538466 0.7106968677884615 0.36340642067307694 0.7024530240384615 0.37644317788461534 0.6959811730769231 0.3781642091346154 0.6833681490384615
2 0.42654704326923076 0.956528048076923 0.43878596153846156 0.9540909182692308 0.45644926923076923 0.9561668389423077 0.4545967572115384 0.9471893365384615 0.45396288221153847 0.9446526875000001 0.44757309134615386 0.9439287668269232 0.4051053653846154 0.9486552211538462 0.39917490624999996 0.9533681971153847 0.3877683052884615 0.9842493533653845 0.3866660048076923 0.985916923076923 0.38696141586538463 0.9901780865384615 0.3903119110576923 0.9949376634615384 0.3991950673076923 0.9954032115384616 0.39962203605769225 0.9943261057692308 0.3985852620192307 0.9938827259615385 0.40841394711538465 0.9737445216346153 0.4159521274038462 0.967187485576923 0.4180644158653846 0.9613102499999999 0.42654704326923076 0.956528048076923
2 1 0.34528175480769235 0.8984672692307692 0.3606970384615385 0.8640805480769231 0.7384014927884616 0.9701078173076922 0.8041758100961538 0.9632024326923077 0.7965066033653846 0.9888345937499999 0.7261415889423077 1 0.5130929543269231 1 0.34528175480769235
2 0.3681605072115385 0.7029728149038461 0.3679527524038461 0.7069369711538461 0.3763265144230769 0.7089658365384615 0.38507096875 0.7237173509615384 0.39769238942307694 0.745827125 0.5776138028846154 0.7473063245192308 0.5918954783653846 0.7377365985576922 0.6130812235576923 0.6769038966346154 0.60595309375 0.6511069735576923 0.5947620192307692 0.6425873052884616 0.5582237331730769 0.6327223293269231 0.5498915240384615 0.6299006298076922 0.3932646009615385 0.6280522307692308 0.3830676466346154 0.6410160576923077 0.37587255048076923 0.6771755360576923 0.37516707692307694 0.6906367932692308 0.37597488221153846 0.6954491802884615 0.37255425480769233 0.7000399639423077 0.3681605072115385 0.7029728149038461
2 0.48489346394230765 0.31960405048076923 0.3664749975961538 0.31253533413461543 0.36106725 0.34944817067307693 0.3635364038461538 0.36860703125000005 0.36762786538461534 0.3783277283653846 0.43968843269230773 0.38990211057692303 0.44855465865384614 0.37478798557692306 0.4729259855769231 0.32762046394230765 0.48489346394230765 0.31960405048076923
2 0.6456625504807693 1 0.5966969663461539 0.9241217019230769 0.6032334326923077 0.8527612668269231 0.5093802163461538 0.873147576923077 0.48880895673076924 0.9437724807692308 0.5284515360576922 1 0.6456625504807693 1
2 0.5661057692307693 0.5288461538461539 0.8629807692307693 0.9375