1 0.6450454615384615 0.18264004807692308 0.6661639399038461 0.17812922596153846 0.7370633846153846 0.14497848076923076 0.7528260889423077 0.14192522836538463 0.7684431562499999 0.13082035576923076 0.7726160624999999 0.11705200480769232 0.7649343701923077 0.09385444711538461 0.7595091706730769 0.07387189182692308 0.7441761009615384 0.06631228365384614 0.7034908846153846 0.038189310096153846 0.5715975024038461 0.005045276442307692 0.5592199567307692 0.0021876947115384614 0.5507742692307692 0.008277237980769231 0.5337749831730769 0.047179456730769224 0.5191063004807692 0.1107165048076923 0.5108909014423078 0.14630131009615385 0.5089791730769231 0.1632643605769231 0.519677375 0.17777192788461538 0.5226176730769231 0.1824704423076923 0.5179933461538462 0.18944221153846152 0.5902126322115385 0.19405627403846154 0.6123484326923078 0.19382139423076922 0.630600014423077 0.18867007932692306 0.6450454615384615 0.18264004807692308
1 0.65720184375 0.20847426923076923 0.7093073966346153 0.18122626923076923 0.7671626490384615 0.14803604086538463 0.7698770096153846 0.12683235576923077 0.6733764663461539 0.17147703125 0.6076434350961539 0.18683391105769231 0.5333858966346153 0.18715875721153846 0.5139552548076923 0.17685711778846153 0.5116452644230769 0.18213953605769231 0.5188839014423077 0.22163429326923076 0.5390445793269231 0.2524595072115385 0.6043051634615385 0.22970251442307693 0.65720184375 0.20847426923076923
1 0.6240790216346154 0.9622166225961538 0.6123677139423077 0.9484159423076922 0.5874231586538461 0.9274762860576923 0.5754120120192308 0.9264351826923077 0.5735483221153846 0.9306874302884616 0.56933003125 0.9413877692307693 0.5722026923076923 0.9554784543269231 0.5803840649038462 0.957965951923077 0.6037043701923077 0.9651031370192308 0.6242327860576923 0.9709970865384616 0.6398048653846153 0.9775214302884615 0.6639625216346154 0.9848519302884615 0.649723391826923 0.9763047620192308 0.6291576658653846 0.968627548076923 0.6289461322115385 0.963917579326923 0.6240790216346154 0.9622166225961538
1 0.8540762572115385 0.43949492067307694 0.847622576923077 0.44674993509615385 0.8541579879807693 0.45463039182692305 0.8700652572115384 0.47102477163461537 0.8541246490384615 0.47290373798076923 0.8420458653846155 0.48125480528846154 0.8373507788461538 0.48096196874999997 0.8319041586538461 0.5019838701923077 0.8088933125 0.5292779350961538 0.8202203653846154 0.5318929903846153 0.8394793990384616 0.5363392884615384 0.8656050192307692 0.5264631490384615 0.8633900120192308 0.5179979182692308 0.8558580793269231 0.4963743918269231 0.85699971875 0.4862893966346154 0.8769519543269231 0.46703416105769235 0.8540762572115385 0.43949492067307694
1 1 0.10228204086538462 0.9714243245192308 0.09568482692307692 0.9330839567307693 0.2148005480769231 0.9241660865384616 0.2730156802884615 0.9567673629807693 0.2962147980769231 0.9878039519230769 0.29493453365384614 1 0.29594846634615385 1 0.10228204086538462
1 0.9706665408653846 0.09625822596153846 0.9649995721153846 0.09420155528846154 0.9540683581730769 0.09167788701923077 0.9037360264423077 0.18007963942307692 0.8889280024038461 0.2308840048076923 0.8948637403846154 0.2517113942307692 0.9229545769230769 0.2663857259615385 0.9244009062499999 0.2667196370192308 0.9706665408653846 0.09625822596153846
1 0.9267995096153846 0.37781490384615385 0.8868330288461539 0.35338578365384615 0.8647422259615385 0.3234192283653846 0.8414987908653846 0.32081125 0.8350675336538462 0.32623264903846155 0.830456454326923 0.3417600120192308 0.8198603221153846 0.38765690384615387 0.8072803149038462 0.4331171610576923 0.8022037788461538 0.4416308966346154 0.8144030552884616 0.44720551442307693 0.8102403846153846 0.4517608701923077 0.8318831586538462 0.43879717548076924 0.8487540192307693 0.43302775721153847 0.8571644663461538 0.42806329086538464 0.8580736418269231 0.42412521153846156 0.8580671322115384 0.40616338701923077 0.8696488317307692 0.3784329735576923 0.8815369759615385 0.36736522355769236 0.9267995096153846 0.37781490384615385
1 0.8804475144230769 0.4328613100961538 0.9209029663461539 0.42592999038461543 0.9090700721153847 0.4098775793269231 0.8977166418269231 0.40133380288461534 0.8677168100961539 0.38700985336538457 0.8566097668269231 0.41108673557692305 0.8504470456730769 0.43778041346153845 0.8804475144230769 0.4328613100961538
1 0.7519112355769231 0.9292527524038461 0.7264395048076923 0.922474125 0.7130694447115384 0.9130799086538463 0.6988478990384616 0.9043871250000001 0.6893786466346155 0.9103258870192307 0.6857331129807692 0.9202818221153847 0.6911038317307692 0.9467517259615386 0.7165603365384615 0.9535268389423077 0.7517086875000001 0.9535379495192308 0.7596928052884616 0.9364587451923078 0.76008646875 0.9347535985576924 0.7519112355769231 0.9292527524038461
1 0.789708201923077 0.46102541586538465 0.7785447740384615 0.474441375 0.7859376442307693 0.4928469759615384 0.7917872716346154 0.507796 0.7963472211538462 0.5129111995192308 0.8020570480769231 0.5075584399038461 0.8186209326923077 0.5032576057692307 0.8199549687500001 0.5021330432692308 0.81773371875 0.49779296875 0.8204172379807692 0.48075152403846155 0.8262808413461538 0.4716070096153846 0.8292082019230769 0.4644145120192308 0.8289352836538462 0.45239933653846154 0.8291656538461538 0.44362203125 0.8057655793269232 0.4628082331730769 0.7968694519230769 0.4641112716346154 0.7925340865384616 0.4619130192307692 0.789708201923077 0.46102541586538465
1 0.7440845312500001 1 0.7354456490384614 0.9842500432692307 0.7361839759615385 0.9663960336538462 0.7237538293269231 0.9500133052884615 0.6885076105769231 0.9445915024038462 0.6844637259615385 0.956272889423077 0.6905332788461538 0.9738812067307693 0.7015319807692308 0.99354690625 0.7184638341346153 0.9992519639423076 0.7217039326923077 1 0.7440845312500001 1
1 0.6045694110576924 1 0.5879555072115384 0.9828913221153847 0.5758975817307692 0.9686471370192307 0.5665899591346154 0.9620082235576923 0.5623270913461538 0.9610240624999999 0.5626026778846154 0.9695546947115384 0.5605439927884615 0.9800694158653845 0.5574021634615385 0.988816 0.5526939759615385 1 0.6045694110576924 1
1 0.7067307692307693 0.5420673076923077 0.5817307692307693 0.9110576923076923