0 0.46452009855769233 0.6695900504807692 0.46799700000000005 0.6757288341346155 0.4726024038461538 0.6803251153846154 0.47461599519230774 0.68691128125 0.47842771153846153 0.6941451875000001 0.48199602403846153 0.7110502620192308 0.48389027163461534 0.7224797211538461 0.47991066346153843 0.7357049975961538 0.4838417235576923 0.7380956105769231 0.5040065504807693 0.7463341634615385 0.5164993990384615 0.7557207932692307 0.5499507620192308 0.7707083485576922 0.56596434375 0.7706024495192308 0.6031798461538462 0.7664263076923077 0.6231571418269231 0.7531168557692307 0.6334694735576923 0.7343630120192307 0.6446462932692308 0.7237441370192308 0.6487499591346153 0.7056909855769231 0.6450575889423077 0.6936137836538462 0.6349131442307693 0.6919084423076923 0.6240990745192309 0.6880128533653846 0.6246064927884615 0.6686642163461538 0.6220426201923076 0.6550445120192308 0.6225453245192308 0.6356804495192308 0.6109655048076923 0.6188129014423077 0.5911354903846153 0.61166946875 0.5685943221153846 0.6113592163461539 0.5453835288461538 0.6088587163461538 0.524883889423077 0.5995250384615385 0.5098747427884616 0.6029163100961539 0.5032278149038462 0.6073434519230769 0.4993675504807692 0.6157254326923076 0.48637199759615385 0.6257028653846154 0.4647914375 0.6443092956730769 0.4632040673076923 0.6495845456730769 0.46068777163461544 0.6623624447115385 0.46452009855769233 0.6695900504807692
0 0.4238175072115385 0.4420309567307692 0.38039138221153845 0.3678068677884615 0.3208836346153846 0.25336601923076923 0.26494146153846154 0.19990193028846154 0.21551102163461539 0.19243076201923076 0.18442987500000002 0.22028342548076923 0.16526999038461537 0.25012463701923077 0.16281779807692306 0.2791080240384615 0.17333962259615385 0.31964157692307693 0.2004300673076923 0.34662599278846157 0.2545054014423077 0.4062940745192308 0.30591048798076925 0.46961201923076923 0.3126161754807692 0.4915453317307692 0.4238175072115385 0.4420309567307692
2 0.6050120769230769 0.15182581971153847 0.582122201923077 0.0769564110576923 0.5671324879807692 0.059697762019230764 0.3892071658653846 0.07407198317307692 0.36099403125 0.07724988701923077 0.39778943749999995 0.1260264831730769 0.3969338389423077 0.20269102884615384 0.4066466298076923 0.21065069471153847 0.6050120769230769 0.15182581971153847
2 0.20360554807692305 0.15083602884615385 0.21513231490384616 0.1964257235576923 0.2171694855769231 0.20308900961538462 0.2515303629807692 0.19621002403846152 0.27179699759615383 0.22276765625 0.2984206971153846 0.23827410336538463 0.39178406971153845 0.20973005528846153 0.3981053028846154 0.13502068509615384 0.35757675 0.08192084375 0.3526156923076923 0.08161606490384615 0.21085404326923077 0.1267784783653846 0.20360554807692305 0.15083602884615385
2 0.5229213918269231 0.20441503365384614 0.4818662403846154 0.21696685336538463 0.47099234134615386 0.22216346394230768 0.47986252163461535 0.25117651682692305 0.5095796370192308 0.3157954855769231 0.6469329735576923 0.27567448076923073 0.6454847379807693 0.2546468389423077 0.6436711610576923 0.26176217548076924 0.6182447812499999 0.1948869014423077 0.5818665240384615 0.19015481490384617 0.5505302475961538 0.19690179086538462 0.5229213918269231 0.20441503365384614
2 0.39382835336538463 0.36929828365384615 0.4143498269230769 0.39528889182692306 0.4163012716346154 0.3987232451923077 0.48893252644230767 0.3778500576923077 0.5164081826923077 0.3472711201923077 0.5062647716346154 0.3140935168269231 0.46267214663461537 0.19502304807692308 0.36557522355769234 0.22403391826923078 0.3447792548076923 0.24115238942307693 0.34255846634615383 0.2720720841346154 0.39382835336538463 0.36929828365384615
2 0.5145877019230769 0.31367405528846154 0.5048267451923076 0.31853040624999995 0.5104725841346154 0.34112506490384614 0.4804904831730769 0.39424430048076925 0.4723163918269231 0.3920546225961538 0.4985751730769231 0.4289237908653846 0.6663499254807692 0.3645418870192308 0.6435361129807693 0.2817390721153846 0.5145877019230769 0.31367405528846154
2 0.5249788149038461 0.5256060889423076 0.7219176658653846 0.4638104375 0.7270185697115384 0.45270477884615384 0.7188933197115385 0.44006011778846155 0.6983033894230769 0.39703892067307694 0.7060733653846154 0.3946634014423077 0.7037239495192308 0.38344056249999997 0.6775441971153846 0.38825684375 0.6305946634615385 0.3946500048076923 0.4970930817307692 0.4378605048076923 0.4740303918269231 0.4528722283653846 0.47011979326923076 0.46440667307692307 0.4723455889423077 0.47168693028846154 0.4768695841346154 0.5108833918269231 0.4888080024038462 0.5255330576923076 0.5249788149038461 0.5256060889423076
2 0.5483692451923077 0.6024813076923077 0.5643750793269231 0.6082471418269231 0.5932539014423077 0.6161659350961538 0.7550653076923077 0.5598476298076923 0.734401125 0.5022094471153846 0.7302811634615385 0.49205076442307694 0.7286964879807692 0.49025834134615387 0.7120350697115385 0.4922995024038462 0.7094052596153847 0.4870148918269231 0.6899160793269231 0.4731726538461538 0.5879958629807692 0.50586759375 0.5582350024038462 0.5149664038461539 0.5349662932692307 0.5220803605769231 0.5154486081730769 0.5280475168269231 0.4932598942307692 0.5287426634615385 0.47454561778846155 0.5207521370192307 0.4883074879807693 0.5690822884615385 0.4978111081730769 0.6034843245192307 0.5197026274038461 0.5952566081730769 0.5307207139423077 0.5979766658653847 0.5483692451923077 0.6024813076923077
2 0.7592498557692308 0.6229963894230769 0.7555435072115385 0.5949513629807692 0.7407077475961539 0.5703089350961539 0.6070311802884615 0.6111779639423077 0.6063172836538462 0.6168776706730769 0.6276104615384616 0.6705287019230769 0.6236473798076924 0.6735618629807691 0.6256892668269232 0.6802405745192307 0.7592498557692308 0.6229963894230769
2 0.6301780817307693 0.7426891346153847 0.5636397692307692 0.7721395769230769 0.5786327235576922 0.8131445576923078 0.6655884038461538 0.8266668774038461 0.7982669975961538 0.7824599062500001 0.8102784038461538 0.7660200913461538 0.7960767980769231 0.695611860576923 0.7606575889423077 0.6754408990384615 0.7270600432692308 0.6929988125000001 0.6430920985576923 0.7132058052884616 0.6301780817307693 0.7426891346153847
2 0.14635950961538463 0.5121680961538462 0.16293865865384616 0.5107423966346154 0.16571949519230772 0.48806761057692305 0.22302129567307694 0.4687271658653846 0.20440969471153847 0.4635050024038462 0.21562571153846152 0.4127668028846154 0.24846342548076925 0.40090577884615386 0.20602485576923077 0.3574806610576923 0.13214390625 0.3782468076923077 0.14635950961538463 0.5121680961538462
2 0.16360630769230772 0.3037274326923077 0.1719224375 0.28566822115384616 0.16926751201923076 0.27698435576923075 0.17197786778846155 0.2632195 0.1752583341346154 0.24756000961538463 0.18153603125 0.22666647836538462 0.19666043509615383 0.2082460985576923 0.21863949038461536 0.19720873076923076 0.20384219711538462 0.15256834134615385 0.20394871875 0.1378792235576923 0.11304795673076923 0.17602609615384615 0.10864939182692307 0.18426906490384615 0.11933820192307693 0.25689814903846153 0.1355115048076923 0.29852049038461537 0.1800074158653846 0.35737304567307693 0.19581529807692308 0.3525400913461538 0.1618162860576923 0.31291008653846153 0.16360630769230772 0.3037274326923077
2 0.5028917355769231 0.8907780673076923 0.5553341442307692 0.87035965625 0.5761656490384616 0.8456912211538461 0.5698333004807693 0.8153962932692308 0.5683226009615384 0.7880461346153846 0.5410159086538461 0.7627132331730769 0.5082446346153846 0.7514981298076923 0.4515719543269231 0.7549102596153846 0.4039144399038461 0.7526483605769231 0.353888625 0.7906275528846154 0.34762318028846156 0.7925430913461539 0.33657661298076924 0.8076422331730769 0.3205458918269231 0.8096086322115384 0.31681564663461537 0.8773866322115385 0.3322597067307692 0.8894971730769231 0.4301216826923077 0.8895992379807692 0.5028917355769231 0.8907780673076923
2 0.17402351923076922 0.5576140817307692 0.24433036778846157 0.6544509519230769 0.3082335432692308 0.6278806682692307 0.3334138269230769 0.5463766850961538 0.33385034375 0.542718235576923 0.29206430528846156 0.48285166586538464 0.2182717716346154 0.46675544230769234 0.16869255769230768 0.48894645192307695 0.17402351923076922 0.5576140817307692
0 0.3256624615384615 0.6882788990384616 0.2766321995192308 0.7107911923076924 0.21283200961538462 0.7763241682692308 0.21838509374999998 0.8164540913461539 0.2401007451923077 0.8399376201923077 0.27958574759615384 0.8228397764423078 0.3209006826923077 0.80435603125 0.3558380504807692 0.7869788052884614 0.3842635769230769 0.76658325 0.40574788942307694 0.7491362692307693 0.3824294134615384 0.7386910745192308 0.3723664423076923 0.7459503990384615 0.36224934375 0.7348254711538461 0.34728131490384617 0.7151314903846154 0.3256624615384615 0.6882788990384616
1 0.19849908173076924 0.720376516826923 0.19361450721153844 0.7218698822115385 0.18395811298076922 0.7320070528846153 0.18630753125000002 0.7432298870192308 0.19542677884615384 0.7555875192307693 0.20834917548076926 0.7595974951923077 0.22735116826923077 0.7625583221153847 0.2515367788461539 0.7615393846153846 0.27609884375 0.7548227091346154 0.2985899326923077 0.7344031009615384 0.29090795192307695 0.7232083221153847 0.2799181826923077 0.7185906153846153 0.27940809134615385 0.7099931153846154 0.28333458173076925 0.6984369447115385 0.2999421081730769 0.672631204326923 0.29375419711538464 0.6593942379807692 0.2556151201923077 0.6774298701923077 0.21650737259615382 0.6957616586538461 0.21261207932692308 0.6969525673076924 0.20816018990384616 0.7102547716346154 0.19849908173076924 0.720376516826923
2 0.3954326923076923 0.4543269230769231 0.7908653846153846 0.8605769230769231