2 0.6058020504807693 0.49021456971153843 0.5878375288461538 0.5059299735576923 0.5586725024038461 0.5138026033653846 0.5660665649038461 0.5843773317307692 0.5732182596153846 0.6173010336538461 0.5945609759615385 0.6256227596153846 0.6563839639423077 0.6169341057692308 0.7560968100961538 0.6085635336538462 0.8022880432692308 0.5964286249999999 0.8148040528846153 0.5777052115384615 0.8176545048076923 0.5622270769230769 0.7653999471153846 0.3339561899038461 0.7432794975961539 0.32010061298076925 0.6930571322115384 0.32151575240384617 0.6309740985576924 0.32835407932692307 0.6310964879807692 0.34718815625 0.620406048076923 0.41466134134615384 0.6058020504807693 0.49021456971153843
2 0 0.3492118725961539 0.016336454326923076 0.3714424639423077 0.04380516346153846 0.38044069471153846 0.07718422115384614 0.38492188221153845 0.08152943509615386 0.39837541105769236 0.09183123557692308 0.40181948557692304 0.12850715865384615 0.39483055769230774 0.16366275480769232 0.38866678605769234 0.16750909615384615 0.375284985576923 0.16780673076923075 0.35993850240384617 0.17899849759615385 0.35225073076923075 0.1941579326923077 0.34950872355769236 0.20283761298076924 0.3470658966346154 0.21111343990384615 0.34773726923076925 0.21960066826923075 0.35573424759615385 0.22184000240384616 0.34256082451923076 0.2310900673076923 0.3326999927884616 0.2370870985576923 0.3287997283653846 0.24969498798076922 0.31355761298076923 0.25932259375 0.3122045408653846 0.3210198798076923 0.3084429206730769 0.32275018028846153 0.303290375 0.3366421129807692 0.3031724543269231 0.3383738389423077 0.30967290625 0.3676166778846154 0.30800904086538466 0.3756406610576923 0.29524561538461536 0.3712559879807692 0.26404703125 0.34320212740384615 0.15175474759615384 0.32468682932692305 0.13660630048076922 0.29656586778846156 0.13444356971153845 0.19637808413461538 0.14974701923076922 0.03996250721153846 0.17845615384615382 0 0.18615127403846154 0 0.3492118725961539
2 0 0.49020858653846155 0.1363478341346154 0.46459126442307697 0.12496682451923077 0.4634478052884615 0.14741977884615384 0.4582131899038462 0.13953656490384614 0.43505379326923077 0.14656929326923077 0.4125759975961539 0.16055005528846153 0.3932973028846154 0.08933775000000001 0.40120901201923076 0.07746835336538462 0.38278542307692304 0.025603163461538462 0.37483982932692306 0 0.34157137740384613 0 0.49020858653846155
2 0.5446377019230769 0 0.5344062139423077 0.006324115384615385 0.5161680721153846 0.01709871875 0.510496 0.023643860576923078 0.5210130841346154 0.14521449038461537 0.5463899350961539 0.15396510817307693 0.8238153341346154 0.1207234903846154 0.8654002548076923 0.08862010096153847 0.8577499615384615 0 0.5446377019230769 0
2 0.46503659855769236 0 0.31540940144230767 0.02102873076923077 0.3194569783653846 0.04982874278846154 0.32607330769230775 0.11486962019230769 0.35510067788461536 0.12398074278846154 0.49826903846153847 0.10197286538461539 0.5058337091346155 0.08394531730769231 0.49529338701923076 0 0.46503659855769236 0
2 0.21996443990384615 0.88724028125 0.2611631033653846 0.8806639903846154 0.29006884615384615 0.8766015528846154 0.3121996394230769 0.8632532283653845 0.31404270432692305 0.6741145168269231 0.2665193846153846 0.6579762716346154 0.2590590528846154 0.6574523581730769 0.25264881490384616 0.6717186225961539 0.24442806490384614 0.6807534254807692 0.2160120889423077 0.6808160408653846 0.19079664663461537 0.6811975769230769 0.17449031490384614 0.6701239158653846 0.1587443173076923 0.6778402572115384 0.021341199519230768 0.6868139375000001 0.051833276442307695 0.9037763245192308 0.06132334615384615 0.9024425817307692 0.09391984375000001 0.9096718846153846 0.12038111298076924 0.9106701802884616 0.1403281514423077 0.9102254038461539 0.17860106971153847 0.9001293076923077 0.21996443990384615 0.88724028125
2 0.7342223509615384 0.1317425673076923 0.5342986033653846 0.15608373798076924 0.5329611322115384 0.25384760817307694 0.5448722836538461 0.3028396947115385 0.6175700384615385 0.3020046538461539 0.6305076538461538 0.32270659375000005 0.7428445432692308 0.31817003846153846 0.7733007235576923 0.33827931009615386 0.7946548725961539 0.3653109399038461 0.8611312019230769 0.3559683004807692 0.9061060889423077 0.33650925240384616 0.9513181009615385 0.3189037548076923 0.93739709375 0.1125701826923077 0.9442605745192308 0.10784930528846154 0.7738638942307693 0.1280581875 0.75415671875 0.16646882451923076 0.7369416442307692 0.1688882451923077 0.7342223509615384 0.1317425673076923
2 0.5349634038461539 1 0.5816445552884615 0.9934393918269231 0.6039847331730769 0.8558423677884615 0.32220779567307695 0.8559589254807692 0.30324893509615386 0.8642665745192308 0.2953015480769231 1 0.5349634038461539 1
2 0.2437471394230769 1 0.2539842692307692 0.9656388485576923 0.2139298389423077 0.8958630144230769 0.21315210576923077 0.8903291658653847 0.19582241586538462 0.8927646947115384 0.12515745192307692 0.9102260336538461 0.06646788461538461 0.9052836610576923 0.0520881875 0.9055901177884615 0.06535663221153845 1 0.2437471394230769 1
2 0 0.5349634014423077 0.02113959375 0.6853794350961538 0.12119501442307692 0.6846025072115385 0.14110745913461537 0.6290239086538462 0.09573168509615385 0.46766136057692304 0 0.48348007211538463 0 0.5349634014423077
0 0.11068642788461538 0.1532643173076923 0.1605337403846154 0.15550092788461536 0.22123350721153848 0.14697013221153846 0.29650557451923076 0.13434721634615385 0.3246732596153846 0.12935771634615384 0.32981186538461543 0.10704129326923077 0.3171632091346154 0.0759209326923077 0.3002693485576923 0.07314124278846154 0.29403250721153845 0.06785048798076923 0.28970396875 0.04686458894230769 0.27649088701923075 0.026498370192307694 0.26073371875 0.028712896634615386 0.1891011875 0.04557643509615384 0.13980678365384616 0.06690047115384615 0.08414586778846153 0.1014713028846154 0.054808235576923076 0.11792901201923077 0.07383579807692307 0.1553509567307692 0.11068642788461538 0.1532643173076923
1 0.11973065625 0.5472760841346154 0.12596785576923078 0.5720295552884616 0.12304495673076922 0.6001319831730769 0.11929742067307693 0.6222004879807692 0.14505702884615385 0.6298490480769231 0.14709722596153846 0.6541790480769231 0.15020815384615385 0.6763144495192308 0.1691346298076923 0.6839100240384616 0.22231057932692308 0.6815556538461538 0.2505744783653846 0.677583420673077 0.25347445673076924 0.64948421875 0.25227905528846156 0.6117050649038461 0.28364871394230773 0.6103712548076923 0.3004333677884615 0.6028933052884615 0.30059317788461537 0.5844039278846154 0.28614783173076924 0.5792534831730769 0.2701292716346154 0.5825355384615385 0.2706313966346154 0.5568349134615385 0.27815215625 0.53217453125 0.29005482451923076 0.5192328846153846 0.2853936057692308 0.5055267596153846 0.2716509903846154 0.48591633413461544 0.24645204807692306 0.46279696875 0.21090590625 0.4636869543269231 0.18950046874999998 0.46772608653846154 0.17336276682692306 0.46999409134615383 0.15623544230769232 0.46522056971153847 0.14554280288461538 0.4574986009615385 0.12833436778846152 0.46196120432692306 0.11756061778846154 0.46347535576923077 0.11840817788461538 0.4695060552884615 0.13051145673076922 0.4678050504807692 0.12613712500000002 0.47560043028846155 0.12258743028846154 0.4894297283653846 0.10854811057692307 0.5067948341346153 0.11973065625 0.5472760841346154
1 0.6303635625 0.8540918245192307 0.6691611610576923 0.6747496634615384 0.3288826586538462 0.6747543846153847 0.3171660889423077 0.67421715625 0.3277738173076923 0.8531500288461539 0.6303635625 0.8540918245192307
1 1 0.5754064591346154 0.9403919879807692 0.57813753125 0.8808958822115385 0.5754399783653846 0.8349545096153845 0.5747160096153846 0.8161119086538461 0.5773641634615385 0.8024899278846154 0.5908793966346153 0.7945192716346153 0.6234824591346153 0.7851853846153846 0.6518744014423077 0.7876694158653846 0.6642267596153846 0.8078820745192308 0.6713270913461538 0.8470914399038462 0.6768757572115385 0.8923495480769231 0.6832166105769232 0.9181322764423077 0.6901980216346153 0.9448241177884615 0.6948328389423076 0.9713190024038462 0.6964029567307691 0.9706141754807691 0.6932174567307693 0.9811161610576923 0.6679808485576924 0.9851154423076923 0.6596791057692308 1 0.6580963052884615 1 0.6433112740384614 0.9858957091346153 0.6441075504807692 0.9933621418269231 0.6237177451923077 1 0.6229912019230769 1 0.5754064591346154
2 0.6518041129807692 0.67998440625 0.6451778725961539 0.6737525288461538 0.6326898317307692 0.6668943725961539 0.6049693533653846 0.6607618413461539 0.5111916105769231 0.662462954326923 0.5087196081730769 0.6585124903846153 0.4710802524038461 0.6638023557692307 0.46395643509615386 0.6676687980769231 0.43969517548076925 0.6725111225961539 0.34493021634615384 0.6671878413461538 0.3239307307692308 0.6816001442307692 0.3192813269230769 0.6894341850961538 0.3253690528846154 0.8420269783653846 0.3295232884615385 0.844308391826923 0.6318480600961538 0.8520137860576923 0.6476009975961539 0.8411866225961538 0.6642921538461538 0.6868425649038462 0.6518041129807692 0.67998440625
2 0.6552823870192307 0.8324722163461539 0.6329857331730769 0.847800610576923 0.620759846153846 0.8521220360576923 0.5999572451923076 0.853298545673077 0.5999560432692308 0.8863889110576924 0.6073396923076924 0.9637089326923077 0.6078188533653847 0.9671183341346155 0.6481575168269231 0.9640697644230769 0.6553051995192308 0.9735129206730769 0.6619183533653845 0.9708363966346153 0.6643755432692308 0.963537576923077 0.7803688317307693 0.9515860769230768 0.785168860576923 0.9526411129807693 0.7919577740384616 0.9595315024038461 0.797371826923077 0.9483229110576924 0.8431775024038461 0.9427588942307692 0.8256580649038461 0.8181016201923076 0.81015153125 0.8072300360576924 0.7882257091346154 0.8085644014423077 0.7714935384615385 0.822237204326923 0.6552823870192307 0.8324722163461539
2 0.2529871129807692 0.44659134375000004 0.2583832451923077 0.5051122908653846 0.35338525 0.49598862740384614 0.5249946778846154 0.5078608918269231 0.5839184927884615 0.50382515625 0.6103885769230769 0.47045663221153844 0.625194764423077 0.31384418509615386 0.5472728269230769 0.30362046875000004 0.27625893509615385 0.3099640625 0.2303478485576923 0.3460473701923077 0.23664543509615385 0.37056523076923076 0.2465702235576923 0.4009327908653846 0.2529871129807692 0.44659134375000004
2 0.4987980769230769 0.4987980769230769 0.9975961538461539 0.9975961538461539