0 0 0.5466431466346153 0.03534752403846154 0.5409291923076923 0.045073125 0.5341939495192307 0.041796798076923075 0.5017860048076923 0.07151225480769231 0.4469673221153846 0.06754632451923077 0.4244211394230769 0.041717978365384614 0.44982745192307694 0.04659392548076923 0.35367765865384615 0.044060709134615385 0.2842221706730769 0.04026678365384616 0.2592162403846154 0.046471925480769234 0.2497401610576923 0.04750393990384615 0.23498168028846156 0.03777834134615385 0.24171692307692305 0.016120915865384614 0.2519997764423077 0 0.4825396057692308 0 0.5466431466346153
0 0.3121264639423077 0.18333784374999998 0.3130087716346154 0.17072025240384617 0.30227260576923076 0.17502749038461538 0.27652336298076924 0.21765020673076924 0.2717545096153846 0.24523863461538462 0.26705781971153847 0.2715504471153846 0.2673397860576923 0.3083721418269231 0.2964965889423077 0.31169264423076926 0.30451529326923077 0.25132870192307694 0.3071638076923077 0.21345315384615388 0.3121264639423077 0.18333784374999998
1 1 0.46365218750000003 0.994977233173077 0.4862981442307692 0.9546723389423076 0.4236994230769231 0.9449966418269231 0.4554076586538462 0.9722265625000001 0.5719059735576922 0.9955357548076923 0.5813020697115385 1 0.5174603870192308 1 0.46365218750000003
1 0.5118254038461538 0.3582879134615385 0.4850699086538462 0.3475369086538462 0.4719656298076923 0.33140084375 0.46444250961538464 0.3169138293269231 0.4603449951923077 0.3077472235576923 0.4561428653846154 0.2998320769230769 0.44886592548076926 0.2955240144230769 0.42989951682692307 0.2954565288461538 0.4245491129807692 0.3039624711538461 0.41617787259615385 0.3287585600961539 0.3977220216346154 0.33508930528846154 0.38901541346153845 0.3509818629807692 0.3735979855769231 0.38162487980769233 0.37896612500000004 0.4403844855769231 0.3845472836538461 0.44203353125 0.38979147596153846 0.4348018245192308 0.4167237548076923 0.44302475721153844 0.4282920096153846 0.45397254086538463 0.4408659471153846 0.4776928245192308 0.46347052403846156 0.5071953870192307 0.48037056730769234 0.5096588149038461 0.49623074038461534 0.4726842283653846 0.5222785480769231 0.4529463004807692 0.5319572211538461 0.4637619543269231 0.5372906009615385 0.45525482211538465 0.5422704254807692 0.45180383653846157 0.5260411514423077 0.3719841514423077 0.5118254038461538 0.3582879134615385
2 0.21922295432692307 0.63514959375 0.17016717788461538 0.6243039567307692 0.15657626682692308 0.6603844302884615 0.11348391586538462 0.7487123437500001 0.09100954326923076 0.8063947115384615 0.09779808653846155 0.9204337211538461 0.12870013942307693 0.9752571346153847 0.26351562259615385 0.9846843509615385 0.2706388533653846 0.9818867572115385 0.2849300096153846 0.6718315721153847 0.22599283653846153 0.5911768221153846 0.22231580769230772 0.5909196995192307 0.20396471634615385 0.5896364663461539 0.21922295432692307 0.63514959375
2 0.51893184375 1 0.5324148125 0.9853841538461539 0.5421063653846153 0.97864653125 0.56397390625 0.6395056201923077 0.5029239735576924 0.61548528125 0.46338615384615384 0.6003845432692307 0.4220114158653846 0.5851324663461539 0.3814431754807692 0.5847674326923077 0.37489721153846156 0.5991174567307692 0.35911236538461544 0.9831298774038462 0.36612241586538463 0.9885636177884615 0.3814999206730769 0.9797747067307692 0.40212133653846155 0.9943766057692307 0.48253961298076925 1 0.51893184375 1
2 0.7115302307692308 1 0.7625579110576923 0.9397516225961537 0.7694779567307692 0.735352875 0.7687039423076923 0.6143191177884615 0.7358840889423077 0.5824086105769231 0.6729956418269231 0.5582597115384615 0.5691454423076923 0.6448107980769231 0.541590358173077 0.9860257716346154 0.5616715889423077 1 0.7115302307692308 1
2 0.2562442596153846 0.5015390216346154 0.31029956971153844 0.5201495841346154 0.3565553557692308 0.5184405552884616 0.37755223798076926 0.4557113221153846 0.37316936057692307 0.3862867019230769 0.2993869375 0.38607087980769234 0.2689224230769231 0.4259149879807692 0.2562442596153846 0.5015390216346154
2 0.8248215072115385 0.5508416105769232 0.7863668461538461 0.5728474591346153 0.7431016730769231 0.5846298221153846 0.7124124206730769 0.5750913846153846 0.7695629975961539 0.6284545721153846 0.7643273052884615 0.9144481153846153 0.8220418052884615 0.8543093149038461 0.8405819254807692 0.8531339903846155 0.8700282548076923 0.563889875 0.8248215072115385 0.5508416105769232
2 0.25403371153846155 0.5331513245192308 0.23298409375 0.5440382644230769 0.21606016105769232 0.5749421225961538 0.24252148317307692 0.6187668725961538 0.27896803846153845 0.6780747307692307 0.28094770432692306 0.9399008485576924 0.3547974735576923 0.9129776322115385 0.36417669471153846 0.7260074951923077 0.3693303918269231 0.6523061875 0.37431208653846154 0.5810646274038461 0.3181416033653846 0.5401059615384616 0.32231761538461534 0.5329826514423077 0.2944299495192308 0.5359761033653846 0.25403371153846155 0.5331513245192308
0 0.6953262187499999 0.5728438076923077 0.7266785288461539 0.5655610384615385 0.7484228798076923 0.5508548100961538 0.7469471995192307 0.5142242860576923 0.7509408389423077 0.5077519423076923 0.7645254134615385 0.5087018677884616 0.7639754302884616 0.5018889158653846 0.7233003774038462 0.4692917980769231 0.6932120721153846 0.46583749759615384 0.6887778461538462 0.46417710336538465 0.6964370456730768 0.45592415625 0.6773437596153846 0.4613406298076923 0.6709007836538461 0.45953977163461535 0.6764572740384616 0.4524901081730769 0.6715362716346154 0.4433574663461538 0.6238150721153846 0.4535465769230769 0.6125465480769231 0.48454837019230773 0.6254339855769231 0.5314291322115385 0.6551702548076922 0.57612371875 0.6602398990384616 0.5757916177884616 0.6707704783653846 0.5697763822115385 0.6953262187499999 0.5728438076923077
0 0.6057962692307692 0.46194480769230767 0.6018367115384615 0.45031607692307696 0.5934085240384616 0.44192231971153845 0.5872733509615384 0.43865534375000004 0.5896497451923077 0.4501733701923077 0.5955720745192308 0.4640678269230769 0.5974376995192308 0.4677228509615385 0.588747298076923 0.4706626129807692 0.5791463461538462 0.4565338100961539 0.5717736033653846 0.4482138581730769 0.5586963293269231 0.44588042307692305 0.5514069687500001 0.4439517211538462 0.5475648052884615 0.4458115216346154 0.5423216009615385 0.4525397932692308 0.5376231394230769 0.4593061514423077 0.5342455600961539 0.46968944471153845 0.5286073870192308 0.4820660216346154 0.5256725528846153 0.48611774038461536 0.5223443437499999 0.49579499278846156 0.5194435192307693 0.5069440024038461 0.5165783004807692 0.5251675216346153 0.512128326923077 0.5433031129807693 0.5115374663461538 0.5517527980769231 0.5123954230769231 0.5546507572115384 0.5144569399038461 0.5555044014423077 0.5245330216346153 0.5554995 0.5337818990384615 0.5519121850961539 0.5403120432692308 0.5495308533653847 0.5488049591346154 0.5494152451923078 0.5607927788461539 0.5445775889423077 0.5618482211538461 0.5446513918269231 0.575189375 0.5434558245192307 0.5848194519230769 0.5420007524038462 0.5936426081730769 0.5447461995192308 0.598870451923077 0.5458212572115385 0.6048064783653846 0.5441078725961538 0.6148979206730769 0.5362996442307693 0.6254506899038461 0.5292331682692308 0.6206979735576923 0.5140244038461538 0.6194604062500001 0.5089714278846154 0.61462753125 0.5022480625 0.6121370336538462 0.49994543990384616 0.6077315432692308 0.4946938293269231 0.6029156899038461 0.4879716538461538 0.6032119158653846 0.48373542067307695 0.6023539591346154 0.4808374663461539 0.6121508004807692 0.4921648894230769 0.6108638629807692 0.48781795432692304 0.6090985721153847 0.4827280745192307 0.6081078629807692 0.47414490625 0.6057962692307692 0.46194480769230767
0 0.6360543076923076 0.3445686658653846 0.6259365 0.3539771274038461 0.6119893076923076 0.3909939326923077 0.6059369855769231 0.42348193509615384 0.6195915288461538 0.4447144591346154 0.6423752235576923 0.4437672163461538 0.6834729158653846 0.43778385336538467 0.6999885384615384 0.44525549519230767 0.7159738221153845 0.4603113581730769 0.7271341201923077 0.4496941370192308 0.704459360576923 0.3544099975961539 0.7180279038461539 0.3768723966346154 0.7291209567307693 0.39412659375 0.7331810961538461 0.37667323557692306 0.7110083990384616 0.3282734879807692 0.7151561322115385 0.30956748076923074 0.7070305096153846 0.3039412980769231 0.7000013461538461 0.3097894158653846 0.6809092283653846 0.3122535745192308 0.6658991947115385 0.3238603701923077 0.6477113245192307 0.34030293509615384 0.6360543076923076 0.3445686658653846
0 1 0.4707751442307692 0.9883510384615384 0.5123148221153846 0.9831776610576923 0.5236711057692308 0.9763516802884615 0.4962789086538461 0.9707577091346155 0.4759762235576923 0.9561822427884615 0.4468749038461538 0.9554765024038462 0.4444911009615385 0.9495730721153847 0.42885856730769234 0.947521641826923 0.4205216418269231 0.9439392139423077 0.4343236298076923 0.9378448822115384 0.4338974735576923 0.9362440937500001 0.44431346394230775 0.9459995288461538 0.4672416033653847 0.9590180913461539 0.49389960096153845 0.9634304110576923 0.5059032956730769 0.9654648173076923 0.5142390288461539 0.967174329326923 0.5272209519230769 0.9706087860576923 0.553208764423077 0.9728226610576923 0.5592225937499999 0.97651221875 0.568841295673077 0.9953499831730769 0.5839587235576923 1 0.517460391826923 1 0.4707751442307692
0 0.46959539423076924 0.3293354975961539 0.47615976201923077 0.34652477644230767 0.4932792692307692 0.35465658894230767 0.5081727620192308 0.35743743990384613 0.5129296177884616 0.35717501442307686 0.5155953341346154 0.3498774350961539 0.5200545480769231 0.32940804086538467 0.5140196346153846 0.31687891826923076 0.49402493028846156 0.3131691850961538 0.47893798798076925 0.31902601682692305 0.46959539423076924 0.3293354975961539
0 0.20769223557692307 0.2630735961538461 0.21227341105769232 0.2765767403846154 0.20969291346153845 0.30662975961538463 0.20916314182692305 0.31078099759615385 0.2089624735576923 0.3136507019230769 0.22520589903846153 0.3186544254807692 0.23604172836538462 0.30460437980769234 0.24182497115384616 0.2837927163461539 0.24342122836538463 0.26781491586538464 0.24398023557692308 0.2598207403846154 0.23653759375 0.23904548076923077 0.2231419735576923 0.2278097043269231 0.2240747860576923 0.2076201153846154 0.22002338701923077 0.1899657331730769 0.21558809615384614 0.1809814879807692 0.20743886538461537 0.17398044951923078 0.20359486057692308 0.17048461057692307 0.20399096153846155 0.15797034134615384 0.19697174278846155 0.15168914663461538 0.19463990865384614 0.15763686778846153 0.1924830841346154 0.17453671394230771 0.19611789182692307 0.18444911298076921 0.20571555288461538 0.2088996346153846 0.20551318509615385 0.22206828125 0.20717268990384616 0.2533790360576923 0.20769223557692307 0.2630735961538461
1 0.8740608581730769 0.4629206514423077 0.8661697379807692 0.46397092548076924 0.8586498725961539 0.4682742019230769 0.8469705576923077 0.4288245841346154 0.8331096802884616 0.41176591586538464 0.8254225913461538 0.4184606105769231 0.8288731514423078 0.46378889423076924 0.8226339639423077 0.48427114663461535 0.8195058557692309 0.49451167548076924 0.8172282403846154 0.5185208701923076 0.8449329711538461 0.552637016826923 0.8671712115384616 0.5614471850961539 0.8685076274038461 0.5768290168269231 0.8706996322115385 0.5970997956730769 0.8818191586538462 0.5584433894230769 0.8855566682692307 0.48787009375 0.8861935360576924 0.4702002427884615 0.8740608581730769 0.4629206514423077
1 0.18058541826923077 0.47091275240384617 0.15392321153846153 0.4395014855769231 0.09339958413461538 0.35804919471153845 0.07432236298076923 0.2908240841346154 0.075309 0.1795945625 0.04606389663461538 0.2093393125 0.04432476201923077 0.23421008894230771 0.05194156490384615 0.2710869471153846 0.08640560576923077 0.5551876586538461 0.1297620216346154 0.6150015865384616 0.16523853125 0.6174823461538461 0.21646068509615385 0.5892743798076923 0.2205173918269231 0.555479608173077 0.19975486538461537 0.4881366490384615 0.18058541826923077 0.47091275240384617
0 0.3867166658653846 0.2952977403846154 0.3815739375 0.3162457379807692 0.3704368918269231 0.3441441225961538 0.3648533293269231 0.36258951923076926 0.37802527644230766 0.37580080288461537 0.3869240600961538 0.3534904903846154 0.41422653125000003 0.3136083653846154 0.4410674951923077 0.29745047115384615 0.45319882932692307 0.29912269951923076 0.4568734855769231 0.29036225721153847 0.4431630552884615 0.2762893942307692 0.44206748076923075 0.27458781971153845 0.4327702235576923 0.2673691802884615 0.4186283725961539 0.2680281370192308 0.40514363701923073 0.2769036298076923 0.3867166658653846 0.2952977403846154
0 0.46087101442307693 0.21900610336538462 0.46011374278846157 0.20977554567307694 0.4558879350961539 0.21467534855769232 0.4546500865384615 0.22234741586538462 0.45423459134615385 0.22584293028846153 0.4500495192307692 0.2328511706730769 0.44795940865384615 0.24023477403846152 0.44811017548076926 0.24541773317307694 0.44907307211538466 0.24926138942307693 0.45122359375 0.25128848317307695 0.46031512259615387 0.25215309375 0.4612386610576923 0.24139221634615385 0.46023237740384615 0.2281390528846154 0.46087101442307693 0.21900610336538462
0 0.3502396081730769 0.3851639182692308 0.37417798076923076 0.4046437860576923 0.37767493750000003 0.3737164903846154 0.36706051682692303 0.34448019230769233 0.36467035576923074 0.34074271394230765 0.3282760048076923 0.31860667067307696 0.30778871875 0.3260999134615385 0.29317400721153847 0.31615210096153845 0.28638334615384614 0.30855945673076923 0.2744944110576923 0.3166310673076923 0.2671729855769231 0.33571020432692306 0.2594345096153846 0.3512127259615384 0.2521397355769231 0.3889922451923077 0.26764256249999996 0.4336985504807692 0.2830985985576923 0.4125333701923077 0.29409450480769234 0.39815121875000004 0.3060906418269231 0.38830193269230767 0.32765569951923074 0.3844772836538462 0.3502396081730769 0.3851639182692308
0 0.4031029038461539 0.4707265673076923 0.3955801370192308 0.46235035336538466 0.39491364423076925 0.45182159134615385 0.3924227956730769 0.44340816826923074 0.3785387403846154 0.44992128124999997 0.36128499278846155 0.480893625 0.3585581201923077 0.4956709134615384 0.3605567788461539 0.5032946586538461 0.35404939423076925 0.5122003173076923 0.3602187548076923 0.5201157043269231 0.3823816826923077 0.5231531322115385 0.40925966826923077 0.5385129471153847 0.42803347596153846 0.5420686466346154 0.43508953846153847 0.5492907740384616 0.4399753605769231 0.5432698942307692 0.4506008942307692 0.5354074663461538 0.4501271418269231 0.5260365240384616 0.4470362692307692 0.5142167788461538 0.44139313942307695 0.5070934567307692 0.4386156177884616 0.5027796081730769 0.43561828365384614 0.49769512499999996 0.4237660120192308 0.48713944230769235 0.41298472115384616 0.4774139158653846 0.4105603365384616 0.47612293269230765 0.4031029038461539 0.4707265673076923
1 0.7761545048076923 0.5099727908653846 0.7801379543269231 0.5102513413461538 0.7811461802884616 0.4195070144230769 0.825403233173077 0.42436405288461543 0.8345921586538462 0.4072006706730769 0.8520851153846153 0.45206902884615385 0.8556353701923077 0.45854249759615384 0.8663384471153847 0.43880724278846156 0.8579803341346154 0.3963857115384615 0.7940183966346154 0.36875161538461537 0.7465942716346153 0.3805635745192308 0.7391219711538461 0.3827188173076923 0.7232400697115384 0.43859637980769234 0.7242662475961539 0.47162513221153846 0.7587132548076923 0.50252796875 0.7761545048076923 0.5099727908653846
2 0.3930739591346154 0.3335512788461538 0.3790516274038461 0.39537212740384614 0.3859916081730769 0.4348336394230769 0.45717428125000004 0.5047639591346154 0.49350432932692306 0.4943047019230769 0.5121692716346155 0.4588079038461539 0.5184967235576923 0.3683211009615385 0.49610920432692307 0.36458136778846156 0.43666200721153847 0.3582501682692308 0.4696794831730769 0.3259312451923077 0.4333901394230769 0.31256818990384616 0.3930739591346154 0.3335512788461538
2 0.5553172235576923 0.34301971875 0.5437993653846154 0.34578464903846157 0.5353541923076923 0.3523119014423077 0.5244551538461538 0.35601269230769234 0.5233580552884616 0.3621611875 0.5215349375 0.36915149759615384 0.529387235576923 0.3901842716346154 0.5385769735576923 0.4300090841346154 0.5404711225961538 0.4506252235576923 0.5403468990384616 0.4524017067307692 0.5453499038461538 0.4473960384615384 0.5523430384615385 0.4425524230769231 0.5630106514423077 0.44240578846153844 0.5699860528846153 0.44735648317307697 0.5711291274038461 0.45009128365384615 0.581549 0.4437021177884616 0.5844530793269231 0.4403348485576923 0.5942704495192308 0.4428065168269231 0.5993783509615385 0.44584145192307695 0.6033447764423077 0.4461188125 0.6131798774038462 0.4387961682692308 0.6088778341346154 0.42423686298076924 0.6143317596153847 0.40324196634615384 0.6123747884615385 0.39330956971153846 0.6121884543269231 0.3959742956730769 0.5806816947115384 0.3323200673076923 0.5775639206730769 0.32944718269230766 0.5598233317307693 0.3451199855769231 0.5553172235576923 0.34301971875
2 0.39095086778846155 0.513384625 0.34856103125 0.5231683870192307 0.33927212740384616 0.5368688677884615 0.3324593485576923 0.5491633076923077 0.3847679879807692 0.5846795120192307 0.42682496634615386 0.5796558149038462 0.43419038221153844 0.5594583004807693 0.4078531081730769 0.5273144927884615 0.39095086778846155 0.513384625