0 0.8780039951923077 0.47332813701923077 0.8918344302884615 0.4313245913461538 0.89166953125 0.42543677644230765 0.8952920408653846 0.4208237067307692 0.8995703245192307 0.42872638461538465 0.9153719086538461 0.4353056057692308 0.9507267451923076 0.39410630288461534 0.9178071129807692 0.28832586778846153 0.8959206778846155 0.27630090625 0.8660731995192308 0.26301195432692304 0.7985202163461539 0.2693992980769231 0.7704957956730769 0.29792287500000003 0.7832854326923078 0.3036171875 0.8775848100961539 0.3251015504807692 0.8848389375000001 0.32984762259615386 0.8408325480769231 0.37705713461538465 0.8496003629807691 0.38030924759615387 0.8385982668269231 0.38973331971153846 0.8363639879807692 0.40240950480769233 0.8837687427884616 0.42214716586538464 0.8692640336538461 0.4753613341346154 0.8343041850961538 0.4834941225961539 0.8289568942307692 0.49933328846153846 0.8570857596153847 0.5050155889423077 0.8664620480769231 0.5069096899038461 0.8964695961538461 0.48154955048076925 0.8780039951923077 0.47332813701923077
0 0.4690656033653846 0.7683840240384616 0.4622684615384616 0.7998531850961539 0.4642327163461539 0.8255490865384616 0.4643086514423077 0.8531888557692308 0.5018001610576923 0.854709875 0.5232829302884615 0.850471641826923 0.5347684495192307 0.8431746442307693 0.5451822283653847 0.8105551153846153 0.5182800072115384 0.7226970961538461 0.49423026201923076 0.7257684326923077 0.48099858653846156 0.7323119951923077 0.4690656033653846 0.7683840240384616
0 0.5353556947115384 0.34477646634615383 0.5338577355769231 0.3505189158653846 0.5425419254807692 0.35366521153846153 0.5481946754807692 0.3433872163461539 0.5474378581730769 0.3259825745192308 0.5515904423076923 0.3249988149038462 0.5588708365384615 0.3289604086538462 0.5630965480769231 0.32301612740384616 0.55546103125 0.31392734615384615 0.5590557211538462 0.2998884326923077 0.5670169350961538 0.2963154543269231 0.5742462572115385 0.28604324519230767 0.5698133149038461 0.28406957211538464 0.5703251682692307 0.27219885336538463 0.577988798076923 0.2621200096153846 0.5700946129807692 0.2536122139423077 0.5642279206730769 0.25244050240384613 0.55969246875 0.2447319639423077 0.5615477572115385 0.24056491346153847 0.5600137067307692 0.23208022596153846 0.5551570144230769 0.2370234206730769 0.5553535264423076 0.24612085817307694 0.537604733173077 0.23348156250000002 0.5331845600961539 0.23506634375 0.5291859254807693 0.23328603605769233 0.5221510673076923 0.24791775000000002 0.5174610937499999 0.2536553293269231 0.5175636033653845 0.25939019711538464 0.5088618605769231 0.2825217596153846 0.5095034014423077 0.29063308173076924 0.4965210264423077 0.30189663461538463 0.4852199423076923 0.3153490600961538 0.4669295264423077 0.3164476346153846 0.47143353125000004 0.2985526514423077 0.46575966105769234 0.2946101778846154 0.47009009375 0.29084898076923077 0.4939516778846154 0.20622028125 0.45425580528846154 0.20703053125 0.44691341346153846 0.20445763701923078 0.4530195576923077 0.21807277403846154 0.4471289951923077 0.2230376105769231 0.4517833076923077 0.2291150168269231 0.44818661057692305 0.23559510096153843 0.45054706250000004 0.24015725961538464 0.4493108173076923 0.2511995048076923 0.45155617788461544 0.25966619951923076 0.44807456730769235 0.2622417475961539 0.4538681298076923 0.27117981009615383 0.4468383197115384 0.27328399038461537 0.44065708413461535 0.3284952043269231 0.4443843677884616 0.3330676370192308 0.43942083653846153 0.33953745192307694 0.43710653365384616 0.34582678846153847 0.43818458894230766 0.35057969471153844 0.43132536778846153 0.3659857572115385 0.4522491514423077 0.3738853197115385 0.4706722596153846 0.3742621274038462 0.5039518533653846 0.3627934807692308 0.5353556947115384 0.34477646634615383
0 0.39755992548076924 0.953050375 0.39595495432692307 0.945974423076923 0.39784592307692307 0.9417272379807693 0.41471289423076924 0.9059795625 0.4013886225961538 0.9038640360576923 0.393959 0.9120066274038462 0.3874398629807692 0.9052872980769231 0.3784052692307692 0.9063539350961538 0.37519532932692307 0.89220203125 0.3622938293269231 0.8762797163461538 0.3529121634615385 0.8631728028846154 0.3465622740384615 0.8603456490384616 0.3436908245192308 0.8539781009615385 0.32562163701923075 0.856111375 0.29444099759615383 0.8791488293269231 0.2744165817307692 0.9198520961538462 0.2879800865384615 0.9513364519230769 0.3570501153846154 0.9820884086538462 0.3710981298076923 0.9590806706730769 0.37981173076923075 0.9565988437499999 0.3869728533653846 0.9661485528846154 0.39755992548076924 0.953050375
1 0.5918955072115385 0.7626263725961538 0.594127045673077 0.7745422764423077 0.610037454326923 0.7782653197115385 0.6554634615384616 0.783367016826923 0.6643422427884615 0.7789422980769231 0.6841106754807692 0.7768214134615385 0.67948184375 0.7688792548076923 0.6664042403846153 0.7672576370192308 0.6700387331730769 0.7562730961538461 0.6784935600961539 0.7499792572115385 0.6718682764423077 0.7394678581730769 0.651217266826923 0.7252323509615385 0.6369680096153847 0.7163676274038462 0.62984509375 0.709835576923077 0.6224065673076923 0.7082040913461539 0.6141663509615385 0.719658576923077 0.6150258173076923 0.7276028677884615 0.6054571105769231 0.747683858173077 0.5918955072115385 0.7626263725961538
1 0.8066945048076923 0.6205137307692308 0.8586462908653847 0.6118853004807693 0.8579046490384615 0.6065380168269231 0.8213649927884615 0.6128343846153845 0.7842956754807692 0.6147180288461539 0.7549232211538462 0.6175320024038461 0.7335837211538461 0.6205617475961538 0.6909270120192308 0.5998893942307693 0.6826228221153846 0.6087468413461539 0.6775742740384616 0.6298801298076923 0.6763255216346155 0.632684875 0.68852184375 0.6347543004807693 0.7240711730769231 0.6447486225961538 0.7316248004807692 0.6305639278846153 0.7448489783653846 0.6289140841346155 0.8066945048076923 0.6205137307692308
2 0.23066120192307693 0.3969102740384616 0.25649506730769234 0.40841225240384615 0.27551837740384616 0.4410551923076923 0.28762712740384616 0.46024933413461533 0.3148344495192308 0.5034495264423077 0.3264833605769231 0.5120686947115385 0.36337292548076927 0.46980031971153846 0.3796818822115385 0.4563450625 0.4002060288461538 0.4102470769230769 0.4147767740384615 0.38912843269230774 0.43576967788461535 0.35358538701923076 0.4554631706730769 0.32092055048076923 0.4593075456730769 0.3122859447115385 0.46916178125 0.29595686057692305 0.4704462139423077 0.2930719807692308 0.44239931971153845 0.2633249759615385 0.4294334134615384 0.2402924543269231 0.42242090624999995 0.19228059615384613 0.42959335576923074 0.14715154807692307 0.42780760096153847 0.1221832596153846 0.42514971153846154 0.09336992548076924 0.4203827980769231 0.08090132451923077 0.40316021875 0.07323333894230769 0.3828939639423077 0.06075347596153846 0.35403139423076924 0.044446286057692304 0.32561368990384615 0.038707399038461536 0.27657389182692305 0.044503439903846156 0.26104804086538463 0.027220646634615382 0.25500561298076924 0.01761689423076923 0.2287444735576923 0.012838170673076922 0.19601363461538462 0.005178956730769231 0.1742610456730769 0.0023250024038461536 0.02931063221153846 0.32788896394230765 0.03602674038461538 0.34134013942307695 0.06147220913461538 0.35955867548076925 0.10151492788461539 0.3739300985576923 0.15445556249999998 0.3767843173076923 0.1871625072115385 0.38445689903846153 0.23066120192307693 0.3969102740384616
2 0 0.726368451923077 0.04221210336538461 0.7318257307692307 0.08279497596153845 0.7370036057692307 0.09942270673076922 0.7350447307692308 0.19479440865384617 0.7646401706730769 0.23258830288461538 0.7662478100961538 0.24441 0.7691586610576924 0.2573633076923077 0.7538492980769231 0.2956803052884615 0.7346132884615385 0.3109413894230769 0.7121456442307692 0.3295145456730769 0.6724045841346153 0.34489082692307693 0.6417784567307692 0.36737971875 0.5932425192307692 0.3546134567307692 0.5688345697115385 0.33236123557692304 0.5401791971153846 0.3119797259615385 0.505347204326923 0.28504877884615387 0.4734564783653846 0.24006313461538462 0.40541721634615385 0.08834603846153846 0.3706594903846154 0.06864753846153847 0.36774641826923077 0.01813718028846154 0.3529849471153846 0 0.3937217211538462 0 0.726368451923077
2 0.6218851995192308 0.6806780745192308 0.6322621514423077 0.6760321899038462 0.6294354375 0.65436925 0.5538443509615385 0.6466875360576924 0.5445815048076923 0.6332734471153846 0.5484593677884615 0.6183163822115384 0.5740223028846153 0.5889129302884615 0.5561595288461538 0.5605555072115385 0.5583473365384616 0.5151755769230769 0.5284101682692308 0.47032788701923073 0.4747185649038462 0.44457444471153845 0.39495861298076923 0.4275950264423077 0.3362421105769231 0.5034507716346154 0.3293561298076923 0.5189169375 0.3330675625 0.5261385745192307 0.34055338701923077 0.5591418846153846 0.3655795048076923 0.5869678317307693 0.3667641466346154 0.5967612668269231 0.36332115625 0.6044943485576924 0.35553395673076926 0.6251284663461539 0.4850297163461538 0.6642516923076923 0.5116108677884615 0.6668203822115385 0.5291661346153846 0.6616496899038461 0.6218851995192308 0.6806780745192308
2 0.8269416081730768 0.11749779807692308 0.7866143365384615 0.10626438942307694 0.7264853966346153 0.08287799278846154 0.7081582043269231 0.08256789663461538 0.6982915096153846 0.10851750961538462 0.7066108389423077 0.13130563461538464 0.7057768149038461 0.18597818269230768 0.7183772788461538 0.1859710576923077 0.7333685168269231 0.19377383173076923 0.732322125 0.21688103846153844 0.7573979423076923 0.22468478365384614 0.7804872307692308 0.22373037259615383 0.7943269831730769 0.21529707451923075 0.8110340528846154 0.18341505528846153 0.8151122788461538 0.13467588701923078 0.8197064471153847 0.12999989182692306 0.8269416081730768 0.11749779807692308
2 0.4242577331730769 0.42095558653846155 0.5293824014423077 0.4746735985576923 0.5752661201923077 0.5745114855769231 0.5782948197115385 0.5793166971153846 0.651614110576923 0.4842049735576923 0.5774521177884615 0.4304694519230769 0.46067854086538457 0.36813227163461537 0.4242577331730769 0.42095558653846155
1 0.8427054591346154 0.2442781658653846 0.8347968725961539 0.21855224519230768 0.8418943990384615 0.1995074735576923 0.8602776754807693 0.17994225 0.8524094927884616 0.16347631009615385 0.8394638269230769 0.15216732932692306 0.8309357740384615 0.15576399278846154 0.824499641826923 0.16401284134615385 0.8201582932692308 0.1768671394230769 0.8093553918269231 0.1887169735576923 0.8006218509615385 0.19591894471153845 0.7960511177884615 0.21239191826923076 0.7753465360576922 0.23092363461538462 0.7845071057692308 0.29422296634615386 0.8555129783653845 0.28697242788461536 0.8607705264423077 0.2689568461538462 0.8538111442307692 0.2566163341346154 0.8427054591346154 0.2442781658653846
0 0.5990943437499999 0.6138546971153847 0.6475928389423077 0.6484104158653847 0.6499833197115384 0.6365119278846154 0.6475275817307692 0.6224797692307693 0.6258769110576924 0.6102477115384615 0.6105441802884616 0.6099025384615385 0.5990943437499999 0.6138546971153847
1 0.875991375 0.2057104903846154 0.917255891826923 0.20528657932692307 0.9448287788461538 0.20296766826923077 0.9514753461538461 0.19618080528846155 0.9533690697115385 0.19075859375 0.9531062259615385 0.18437621634615387 0.9472750024038461 0.17760308653846155 0.9361394711538461 0.16637987740384613 0.9258881899038461 0.1590551153846154 0.9089555600961539 0.14803547115384616 0.9037438581730769 0.14571507211538462 0.9068574759615384 0.14222829086538463 0.8980882716346154 0.13971629326923077 0.8963606129807692 0.14242784134615386 0.8910658774038461 0.14146277403846155 0.8875364471153847 0.14822116826923076 0.8861600625 0.15248141346153846 0.8808940528846154 0.16197138942307693 0.8756944062500001 0.19235141586538462 0.875991375 0.2057104903846154
1 0.6330488750000001 0.4005149158653846 0.6050091129807693 0.3853422307692308 0.5938186298076923 0.3758949423076923 0.5797366442307692 0.36693665625 0.566663014423077 0.3602277091346154 0.5597937740384615 0.37416499519230767 0.5551377091346154 0.3846226875 0.5486204975961538 0.41127141346153845 0.5522268701923078 0.4227191995192308 0.5613828076923076 0.4277078846153846 0.5709925456730769 0.43018602644230775 0.5939876706730769 0.43415876442307694 0.6197683629807693 0.43937171394230773 0.6309312211538463 0.4398527692307692 0.63537584375 0.43736668028846154 0.6485277884615385 0.4333801778846154 0.6617852379807693 0.42315129326923073 0.653825204326923 0.41245371153846155 0.6330488750000001 0.4005149158653846
1 0.3780833028846154 0.6388888846153846 0.33614614182692304 0.6623463509615385 0.3146229927884615 0.7106881322115384 0.32154273557692303 0.7216667019230769 0.3362850216346154 0.7150755528846153 0.34803221875 0.6886909182692308 0.35460675 0.6916180889423077 0.36116630528846155 0.6945385889423077 0.38018450721153846 0.6872106298076923 0.36194113701923075 0.7370126610576923 0.3710900552884615 0.7252906129807692 0.3937784807692308 0.7406732908653846 0.43137028365384616 0.69158803125 0.3843279086538462 0.6469503052884615 0.3780833028846154 0.6388888846153846