0 0.4825730408653846 0.1402075480769231 0.4705141658653846 0.15067495673076922 0.4594072115384616 0.16727689182692307 0.45651817548076923 0.20468915865384615 0.47429283653846155 0.21663922836538463 0.4925309663461538 0.22268225000000003 0.5108506129807693 0.2297865 0.54950425 0.24518603365384614 0.5682494855769231 0.2501003581730769 0.5849234423076923 0.2520448870192308 0.5945666442307692 0.2544582451923077 0.6025774495192308 0.24871229807692308 0.5913121514423076 0.2381813389423077 0.58760090625 0.2277956610576923 0.5899817884615385 0.20780705288461537 0.58772884375 0.19636044951923076 0.5823686850961539 0.1886720625 0.5687392091346154 0.17170576682692307 0.5509000408653846 0.15872035576923077 0.5229868221153846 0.14789852403846154 0.4857039783653846 0.13645940384615385 0.4825730408653846 0.1402075480769231
2 0 0.6995837788461539 0.027704002403846153 0.7120218653846154 0.06987006971153846 0.7263364302884615 0.08763521875000001 0.7160139375000001 0.23205604807692307 0.7862579519230769 0.24911692067307692 0.7523973605769231 0.10405158413461539 0.6836717067307692 0.12625506730769231 0.6376958798076923 0 0.5698937259615385 0 0.6995837788461539
2 0.2446955168269231 0.5986354615384616 0.2517981730769231 0.5945012860576923 0.2899871826923077 0.5803233317307692 0.28560242067307695 0.5337944086538461 0.2648250168269231 0.5196177860576923 0.21135866586538463 0.5129940817307692 0.1656327644230769 0.5007336586538462 0.16548898076923077 0.5578652067307692 0.2446955168269231 0.5986354615384616
0 0.6552878846153847 0.25790836538461537 0.6649084639423077 0.23524369951923077 0.6711340048076924 0.22605205048076923 0.6812922956730769 0.22573482451923077 0.6910162379807693 0.2319156514423077 0.6909493389423077 0.21749577644230772 0.6863705360576924 0.21555219230769232 0.672362826923077 0.20857964423076922 0.6698182451923077 0.2018437379807692 0.6679105985576924 0.18457059134615386 0.6714936201923076 0.17065472115384614 0.6627849759615384 0.15667316346153845 0.628015423076923 0.1331786826923077 0.5955112451923077 0.11885883173076922 0.5822602644230769 0.11735930528846154 0.5627253557692308 0.1306637764423077 0.5474273509615385 0.15760093749999998 0.5666872572115385 0.17040544951923076 0.5722849783653846 0.17535744471153844 0.58165790625 0.18962097596153848 0.5901931802884616 0.20044905528846155 0.6153325192307693 0.19208076682692307 0.6364295504807692 0.19692940865384617 0.6675218341346153 0.20910067067307692 0.6662601706730769 0.22295660096153844 0.6586646947115384 0.23722254086538463 0.647884079326923 0.2444806778846154 0.6448254471153846 0.25346732211538464 0.6350613509615385 0.2601116490384615 0.6552878846153847 0.25790836538461537
1 0.28146508413461535 0.7021786754807693 0.2765323677884615 0.7035754014423077 0.2738133629807692 0.7099809735576923 0.27173278125 0.7189721274038461 0.27387381971153846 0.7303525625 0.2819215889423077 0.7401524038461538 0.29838089182692307 0.7465603173076923 0.3634074951923077 0.7433635985576923 0.4241814110576923 0.7336952211538462 0.3597497836538462 0.7191318173076924 0.3141535264423077 0.7032678966346153 0.28146508413461535 0.7021786754807693
1 0.5259833653846153 0.11221183173076922 0.5017189807692307 0.09767503125 0.5079493341346154 0.08596551442307693 0.49628888221153844 0.07761873798076922 0.4285656153846154 0.03703768269230769 0.4065595216346154 0.05306372596153846 0.3985100576923077 0.07499533894230768 0.3973258725961539 0.08972412740384615 0.42372518028846157 0.09923136298076923 0.42490963221153843 0.09043847115384616 0.43641526442307693 0.09024517548076923 0.4541959206730769 0.09611267788461539 0.47079185336538465 0.10483717067307692 0.5259833653846153 0.11221183173076922
2 0.27159976442307693 0.49020134134615384 0.2493110769230769 0.4832789278846154 0.19914341346153847 0.4705330384615385 0.1900663798076923 0.45669376442307696 0.1965625576923077 0.4338041634615385 0.10485006490384616 0.3955838269230769 0.09749900480769232 0.4003032019230769 0.08623262259615384 0.46464105288461544 0.2176383173076923 0.5125797475961538 0.2572867548076923 0.5123114663461539 0.3725575288461539 0.5605316995192308 0.3861240504807692 0.5612878629807693 0.3767851875 0.5480654230769231 0.36823271874999997 0.5430164975961538 0.2541528317307692 0.49957627884615385 0.2780395408653846 0.4969293846153846 0.3614242043269231 0.5187539014423077 0.36168603365384616 0.5181370697115384 0.27159976442307693 0.49020134134615384
1 0.20049123076923078 0.2638007139423077 0.17678834134615384 0.3224115985576923 0.20195705288461538 0.35961944711538457 0.2128960168269231 0.36973189663461536 0.2220963076923077 0.36738408173076925 0.2332332403846154 0.36040785576923073 0.2529353389423077 0.37190678846153846 0.27660623076923074 0.3382387451923077 0.32509891105769234 0.3315143293269231 0.3263427908653846 0.3203387524038461 0.30785101923076924 0.31288144471153845 0.30550415625 0.3082192620192308 0.2940356658653846 0.30819313461538467 0.29542918509615385 0.29996310096153844 0.24505432211538464 0.25868230048076923 0.22160533653846154 0.23061532451923078 0.20943950240384618 0.23170434134615384 0.2026712548076923 0.23663377163461538 0.20297898798076924 0.2414495576923077 0.224904375 0.24216998076923077 0.23497934855769229 0.2504261418269231 0.22478166586538462 0.2507042451923077 0.22481316346153848 0.2759988269230769 0.20049123076923078 0.2638007139423077
1 0.19400992788461538 0.3778799711538462 0.20824453846153845 0.3839222043269231 0.21358251682692306 0.38618804326923073 0.21482431009615383 0.3783154567307693 0.20855749999999998 0.3658370456730769 0.19568384615384618 0.35408206730769226 0.18419464663461538 0.3316778293269231 0.17041946634615385 0.3195401754807692 0.16255023557692308 0.3182904783653846 0.15507230048076923 0.31862548798076923 0.14541367307692307 0.3215253870192308 0.13679946153846154 0.32697787259615385 0.13250253846153848 0.33215368028846154 0.13048174759615383 0.3369143677884615 0.1276375360576923 0.35601566586538463 0.13324428365384616 0.36259543509615383 0.1562359951923077 0.36535509374999997 0.16817410817307693 0.36691331730769233 0.18243244471153847 0.37296562019230767 0.19400992788461538 0.3778799711538462
1 0.39921347355769227 0.5239868894230769 0.5015148701923077 0.49280331009615386 0.49695036057692304 0.49010048557692304 0.37656315865384615 0.5181802596153846 0.39921347355769227 0.5239868894230769
2 0.46056035576923077 0.6034678125 0.46465160576923076 0.6033938461538462 0.47075576201923075 0.5826150913461539 0.3937180697115385 0.5544130336538461 0.38854860336538466 0.5665915336538462 0.46056035576923077 0.6034678125
2 0.20043085817307693 0.2749773485576923 0.19146905769230768 0.27522736057692304 0.19518103846153848 0.28210592307692306 0.18807522836538462 0.28579521875 0.18993121875 0.2892345 0.18468140144230769 0.2963630745192308 0.1745739471153846 0.3220876201923077 0.18276600721153846 0.3452015600961538 0.2174004254807692 0.3697399735576923 0.2357672548076923 0.36116616105769234 0.2526228822115385 0.37158749759615384 0.2666731466346154 0.36935711298076923 0.2731453269230769 0.35028385336538465 0.3218948485576923 0.3415032067307692 0.31344693990384614 0.33244814663461536 0.3199721826923077 0.3286848533653846 0.3264129591346154 0.3327720841346154 0.33093107211538464 0.3240409639423077 0.3013042548076923 0.31092381249999995 0.28858167067307694 0.3090699350961538 0.28947743509615387 0.3057833341346154 0.2758590889423077 0.3072160552884615 0.27765061778846156 0.3006428557692308 0.20668970432692307 0.26979998317307696 0.2214301394230769 0.24646304567307692 0.22503552403846155 0.23216468269230767 0.20295690384615384 0.22824333413461537 0.2022010264423077 0.2415673173076923 0.2161803173076923 0.2535916201923077 0.20568068028846154 0.2678487716346154 0.19486288701923077 0.26465950721153847 0.20043085817307693 0.2749773485576923
2 0.44243868509615386 0.401574701923077 0.40762394951923075 0.3787143509615385 0.3832024639423077 0.38752423557692306 0.3854191634615385 0.39925411057692306 0.38259439423076924 0.3995545673076923 0.37099172115384615 0.3919291778846154 0.3533342524038462 0.41769681490384614 0.3791179038461538 0.4331398293269231 0.37794902163461536 0.4200627932692308 0.39187437980769235 0.4174340673076923 0.39419706730769233 0.4071799543269231 0.39984661057692306 0.4065790432692308 0.40579974038461536 0.41480534375 0.41427405528846156 0.4139039735576923 0.44243868509615386 0.401574701923077