0 0.49539951201923077 0.5280768509615384 0.5057393004807692 0.5173889639423077 0.5145501875 0.5163788461538462 0.5228085985576924 0.5147213365384615 0.5286147475961539 0.5085101947115385 0.5251455576923078 0.5094533581730769 0.519942764423077 0.5132239302884616 0.5027154495192308 0.5129634158653846 0.5050313221153846 0.5079364519230769 0.5106305240384615 0.49545761298076924 0.5034208125 0.4920906274038461 0.49951613701923075 0.5024672163461539 0.4957843677884615 0.5108674855769231 0.4715371274038462 0.5092480360576923 0.46050568990384616 0.5194868365384615 0.4487977668269231 0.5204701658653846 0.44107494951923076 0.5187906875 0.43676930528846153 0.5153701514423077 0.43903602644230766 0.5276143028846154 0.4517252139423077 0.5363016826923077 0.4690377259615385 0.5378163317307693 0.49539951201923077 0.5280768509615384
0 0.3515190528846154 0.4574292956730769 0.3584194903846154 0.4601539807692308 0.38846727163461536 0.4611961394230769 0.39933621153846155 0.45476411538461536 0.39954479567307694 0.44318986298076923 0.39514889903846157 0.43912999519230766 0.4141708365384615 0.4392075168269231 0.41207536778846154 0.4358670120192307 0.38408169951923077 0.4297264158653846 0.33922512980769226 0.43475540144230773 0.33086354567307696 0.43982010576923075 0.33536995673076925 0.4518068653846154 0.3515190528846154 0.4574292956730769
0 0.40671273557692306 0.48908601201923074 0.37581135576923075 0.4863824927884615 0.35642620192307695 0.49964666586538464 0.3722831875 0.510278829326923 0.42843581971153843 0.514543920673077 0.4490153509615385 0.5093500384615385 0.4443324014423077 0.5082927091346154 0.43059222115384616 0.4898961346153846 0.40671273557692306 0.48908601201923074
2 0.6471278365384615 0.7738651754807692 0.6188184543269231 0.7760675216346153 0.6211867139423077 0.8027464158653845 0.6649577764423077 0.8112387932692309 0.6705462980769231 0.8008314254807692 0.7072173125 0.8102731177884616 0.7172025745192308 0.8033590192307692 0.6790214399038461 0.784443204326923 0.6471278365384615 0.7738651754807692
2 0.6932309759615385 0.44463049278846156 0.6616865985576923 0.44454217307692306 0.6514747764423077 0.46908425240384616 0.6719048028846154 0.4887137379807692 0.696717466346154 0.49668081249999996 0.7071218749999999 0.46993746394230773 0.7100593725961539 0.45947625721153845 0.6932309759615385 0.44463049278846156
0 0.6333411225961538 0.21155608653846156 0.6290790600961539 0.2090298485576923 0.6196423076923078 0.20577564423076922 0.6131638918269231 0.20546790384615385 0.6037850697115384 0.20600737740384614 0.5956630144230769 0.2061063221153846 0.5841381250000001 0.2080609134615385 0.5849731754807692 0.21244068028846153 0.5886225889423077 0.2125009158653846 0.5923659038461538 0.2112093485576923 0.5968852163461539 0.21079520432692306 0.6012636730769231 0.21171256009615383 0.6052071778846154 0.21286710336538464 0.6090581899038462 0.2153573798076923 0.6110411899038461 0.21580611057692306 0.6272852980769231 0.21560822115384617 0.6358077331730769 0.22040149759615385 0.6375905432692307 0.21840411778846153 0.635772014423077 0.21607547355769233 0.6333411225961538 0.21155608653846156
2 0.6661773822115384 0.6939795288461539 0.6018301346153846 0.6814526586538462 0.5879702644230769 0.6919944855769231 0.586434048076923 0.7000849302884615 0.5892520985576923 0.7063058245192307 0.6430975745192308 0.7171691370192307 0.6612006899038462 0.7157738774038461 0.6658400336538463 0.7075825336538462 0.6697433125000001 0.7013991995192307 0.6661773822115384 0.6939795288461539
0 0.13167021153846153 0.3447264375 0.14918935576923079 0.34109434855769233 0.16310633173076922 0.3404823822115385 0.17247726923076925 0.3350202644230769 0.18378733413461537 0.32605252163461534 0.1847272283653846 0.3217147067307692 0.18514332692307692 0.3169586802884616 0.16690917067307692 0.3098261971153846 0.15411119951923077 0.31017986778846157 0.13871561298076923 0.30847673557692307 0.12113321153846154 0.3128318701923077 0.10230110576923077 0.33147114903846153 0.10760262500000001 0.3407750600961539 0.11513144711538462 0.3432794831730769 0.13167021153846153 0.3447264375
0 0.5415534591346154 0.5650303725961539 0.5433640480769231 0.5443352307692307 0.5193009447115384 0.5350413365384615 0.48132792307692307 0.5360258413461538 0.4661013221153846 0.5368470408653846 0.45626790384615384 0.5503802091346154 0.48482448557692304 0.5701378100961538 0.5029172115384616 0.5738740745192308 0.5247006658653846 0.5721855576923077 0.5415534591346154 0.5650303725961539
0 0.6855418870192308 0.9327047091346153 0.6730756682692308 0.9292664134615385 0.6659733822115383 0.9335831899038461 0.6577242572115385 0.9387548798076922 0.6652170937499999 0.9422275889423077 0.67070303125 0.9441323245192308 0.6764549423076923 0.9474527235576923 0.6886442043269232 0.9457019735576923 0.6988535600961538 0.9423532259615384 0.7044311370192309 0.9393116418269231 0.7001479855769231 0.9356340216346154 0.6855418870192308 0.9327047091346153
1 0.7080750456730769 0.28972186057692306 0.7105045192307693 0.28868773076923077 0.7540309831730769 0.2999758798076923 0.7541940480769231 0.29811203125 0.7049460336538461 0.28259946634615385 0.7058915625 0.28237456730769234 0.6748566322115385 0.2784126826923077 0.6631957307692308 0.30447943028846153 0.698060014423077 0.3078372836538461 0.7080750456730769 0.28972186057692306
1 0.49966403846153845 0.21087049278846154 0.5172588341346154 0.2144498581730769 0.5286310600961538 0.21340477884615383 0.538544358173077 0.21121205048076924 0.5449623124999999 0.20803350721153846 0.5530866177884616 0.20874429326923077 0.5650906129807692 0.21217453125000002 0.5652677355769231 0.21015000721153848 0.5628174519230769 0.208915625 0.5497979182692307 0.20539653846153844 0.5482746129807692 0.20526326682692309 0.5488709399038462 0.20429542788461538 0.5517049927884615 0.20114334134615383 0.5482096490384616 0.20015753125000002 0.5315418293269231 0.19767927403846153 0.5166402259615385 0.19227932211538462 0.5081012283653846 0.1963084951923077 0.49966403846153845 0.21087049278846154
1 0.34853391826923075 0.32557058653846155 0.34669372355769235 0.31736284375 0.3426349326923077 0.3133486610576923 0.34436122596153845 0.3103263245192308 0.3385733221153846 0.3051894254807692 0.3298445264423077 0.3044257548076923 0.3239329278846154 0.3048799951923077 0.3161386923076923 0.30151043990384613 0.31176220673076926 0.30112754807692305 0.2889663028846154 0.3015779519230769 0.2688641706730769 0.3049354879807692 0.2635078581730769 0.307397375 0.2622721826923077 0.3089892860576923 0.26014216826923076 0.3205249591346154 0.26492916826923074 0.32874765625 0.2753030048076923 0.32769618269230766 0.29069295913461535 0.3280711923076923 0.29970319471153845 0.33007378125 0.3029674254807692 0.33035936298076923 0.3113816153846154 0.33499745673076925 0.3119579903846154 0.33676409134615387 0.3211369158653846 0.3368385625 0.3364591033653846 0.3335323677884615 0.34584746875 0.3270355721153846 0.34853391826923075 0.32557058653846155
1 0.29217691586538463 0.3314391490384615 0.2830370721153846 0.33063951442307693 0.27742209134615387 0.3304882716346154 0.2663751706730769 0.33394183653846155 0.2615100456730769 0.3369162307692308 0.25852838942307693 0.3417554206730769 0.2598155360576923 0.34458806009615384 0.2920220697115385 0.3566020504807692 0.31408244951923076 0.35035580769230773 0.32205323557692306 0.34697312019230775 0.3213919423076923 0.3428352235576923 0.3139525288461539 0.34014433894230767 0.3069323221153846 0.33851013942307695 0.29217691586538463 0.3314391490384615
1 0.682064 0.8418461682692308 0.6770031850961539 0.8439939086538462 0.6701216057692307 0.8485728557692307 0.6728645985576923 0.8578795961538461 0.6752783461538462 0.863708923076923 0.6846175312499999 0.8647364759615385 0.7014301418269231 0.8655597620192308 0.6954091466346154 0.8564033822115384 0.6976808822115385 0.8527163774038461 0.7020556634615385 0.8472704903846153 0.7025249110576923 0.8458058125 0.6913272764423077 0.843741375 0.682064 0.8418461682692308
1 0.5950820024038461 0.6496952884615385 0.5843940985576923 0.6454249471153847 0.5807410192307693 0.6417862620192308 0.5734948149038461 0.6583305721153846 0.5701201225961539 0.6696116346153846 0.5752225697115384 0.6747857091346153 0.5861933076923077 0.6761017187499999 0.6021672307692307 0.67732115625 0.6026468774038461 0.6749021418269231 0.607461391826923 0.6711137908653846 0.6101810120192307 0.6673202572115385 0.6131947259615385 0.6660134302884615 0.6178419591346154 0.6641371298076924 0.6184579639423077 0.6601595528846154 0.6166284663461539 0.6568423173076923 0.6136605600961539 0.6514987980769231 0.6096675745192308 0.6520237524038461 0.6040874591346154 0.6525879471153846 0.5950820024038461 0.6496952884615385
1 0.3275581875 0.4118773076923077 0.3213224254807692 0.4165937067307692 0.3178937355769231 0.42236522596153847 0.3169063317307692 0.4289170048076923 0.31957087500000003 0.4366140072115385 0.3236133629807692 0.44276393028846156 0.33210093028846155 0.44544937259615386 0.3331122307692308 0.4386244471153846 0.34171730528846156 0.43523248798076924 0.3503704543269231 0.43156949519230764 0.35801003846153845 0.4297445120192308 0.3696156274038461 0.4302093870192308 0.382817625 0.4313644134615385 0.39713356971153846 0.43426834134615383 0.4090051370192308 0.43614888461538465 0.4098002355769231 0.43207363942307697 0.4037072836538461 0.43042342067307693 0.37227113221153846 0.4235283100961539 0.35347803125 0.4149869134615385 0.33763877644230766 0.4105573173076923 0.3275581875 0.4118773076923077
2 0.7983161875 0.5716111802884616 0.784606358173077 0.5481334014423077 0.7552524663461538 0.5455652692307692 0.7496288245192309 0.5647287043269231 0.7515873629807692 0.5649000528846154 0.7641357067307692 0.5790961225961538 0.7983161875 0.5716111802884616
2 0.6553895913461538 0.7615868990384616 0.6452983365384616 0.7691555456730769 0.6404138076923077 0.7712377548076923 0.6765472572115385 0.7834819711538461 0.6838531225961538 0.7863068870192307 0.6908384663461539 0.7872256490384615 0.7157557139423076 0.7931618533653846 0.7209382596153847 0.7876733028846155 0.7024654086538462 0.7835475889423077 0.6937869182692308 0.7749682379807693 0.6930367716346153 0.7673901514423077 0.6714118677884616 0.761418173076923 0.6546911899038462 0.758708625 0.6524514927884616 0.7575736201923077 0.6503208942307693 0.7602043894230769 0.6553895913461538 0.7615868990384616
2 0.144958125 0.4033819495192308 0.15591253124999999 0.39569453125 0.17473849278846154 0.39188534375 0.16913050000000002 0.37772980528846156 0.14232359615384615 0.37083493509615384 0.10058901682692307 0.3858514423076923 0.0640828389423077 0.40404540624999996 0.04518684855769231 0.4005788677884615 0.05375961057692307 0.40451844471153847 0.05650706971153847 0.4043054783653846 0.05416619471153846 0.4154665096153846 0.07232529326923078 0.42707723076923076 0.09968465625 0.4276575144230769 0.12974843990384616 0.4207190841346154 0.144958125 0.4033819495192308
2 0.5694348701923077 0.34771408894230765 0.5587307259615385 0.3664654206730769 0.5589736754807693 0.37733440625000003 0.5825663990384615 0.38420712259615386 0.6055532283653846 0.3910430216346154 0.6067731682692308 0.39074498557692305 0.6107599158653846 0.37302502403846155 0.6081693052884616 0.36114111057692305 0.5881694663461539 0.3477340889423077 0.5694348701923077 0.34771408894230765
2 0.4564474423076923 0.3104991658653846 0.4617081778846154 0.3146994591346154 0.4695653942307692 0.3184630985576923 0.4801641658653846 0.32041038221153845 0.49088635576923073 0.3206684447115385 0.5010417403846155 0.32155692548076925 0.5094573149038462 0.31921696875000005 0.5268690697115385 0.3190402836538461 0.5262372980769231 0.3145649639423077 0.5345682451923077 0.3129138052884616 0.5447472283653846 0.30768428846153845 0.5502033461538461 0.30408159375 0.5448593894230769 0.30055402644230766 0.5375689855769231 0.2961599711538461 0.5288424278846153 0.2906364471153846 0.5125347740384615 0.28988971874999997 0.49423090625 0.28828833653846153 0.48204444471153846 0.2872221610576923 0.4824341346153846 0.2886162668269231 0.48930673557692306 0.2919375721153846 0.4899666225961538 0.29609153605769234 0.4878824278846154 0.30236925721153846 0.48666024519230766 0.30464235576923077 0.48179511778846157 0.3076167475961538 0.4740605 0.30830006971153845 0.4675534014423077 0.3063707572115385 0.4595471778846154 0.30431029086538464 0.4510331826923077 0.30220539903846155 0.44989956490384614 0.3034662331730769 0.45265097355769235 0.30710698798076924 0.4564474423076923 0.3104991658653846
2 0.6320402932692308 0.5369389567307692 0.5798228173076923 0.5631651225961538 0.6182536514423076 0.5925943173076923 0.6545368461538461 0.5649740841346154 0.6320402932692308 0.5369389567307692
2 0.8418407764423077 0.615782360576923 0.8430890721153846 0.60151428125 0.8358160841346154 0.5919083605769231 0.8037892283653847 0.5873092139423076 0.8016061177884615 0.6122622836538462 0.8196147980769232 0.6228074543269231 0.8418407764423077 0.615782360576923
2 0.44797363221153846 0.20183098076923076 0.4458587235576923 0.18506673076923075 0.4027824326923077 0.1884057379807692 0.4043828413461539 0.21105074759615386 0.44797363221153846 0.20183098076923076
1 0.6618171033653847 0.6594357956730769 0.6667162499999999 0.6549586514423077 0.6945901250000001 0.6552277548076924 0.6947799014423077 0.6530586201923078 0.6560691105769231 0.6502223485576923 0.6525687163461539 0.6526361322115384 0.6376080937499999 0.6548729951923077 0.6342901899038461 0.6646694879807692 0.6493315168269231 0.6662444831730769 0.6569882475961539 0.6631095600961537 0.6618171033653847 0.6594357956730769