2 0.5888245552884616 1 0.6157024783653846 0.9528453028846153 0.6121900817307693 0.9201104975961538 0.5859710745192308 0.840607735576923 0.5317561995192308 0.7657734807692307 0.46704545432692307 0.660552485576923 0.4320661153846154 0.5950828725961539 0.4005785120192308 0.5787016586538462 0.2081818173076923 0.7611049735576922 0.2728925625 0.9949447524038462 0.29460816826923075 1 0.5888245552884616 1
2 0.8513376850961538 1 0.8689669423076923 0.9358011057692307 0.8689669423076923 0.8841436466346154 0.8538016538461538 0.8223204423076923 0.8485123966346154 0.8091436466346154 0.8128925625 0.7746961322115384 0.5711157019230769 0.6754143653846154 0.5211157019230769 0.674392264423077 0.5097314038461538 0.6987016586538461 0.5173140504807692 0.711878451923077 0.5165495865384615 0.7453038677884615 0.587045454326923 0.8527348076923077 0.6143181826923076 0.9469613269230769 0.5923553725961539 0.9945856346153845 0.6039357692307692 1 0.6295656322115384 1 0.6673760336538461 0.9520165745192308 0.681776860576923 0.9601381225961538 0.7233999711538461 1 0.8513376850961538 1
2 0.5035330576923077 0.4646132596153846 0.48115702403846156 0.5061602211538462 0.48365702403846156 0.5427071826923077 0.5184504134615385 0.5925690600961538 0.6377479326923077 0.6889226514423077 0.6626033052884615 0.6540331490384615 0.6924380168269231 0.6340883966346154 0.7297107427884615 0.6141712716346154 0.7533264471153847 0.6058563533653847 0.7632644639423076 0.5909116033653846 0.7645041322115385 0.5659668509615384 0.7620247932692308 0.5377348076923076 0.6153719014423077 0.4114364639423077 0.5433057860576923 0.4180939230769231 0.5109917355769231 0.42306629807692303 0.5035330576923077 0.4646132596153846
2 0.7585123966346153 0.3694198894230769 0.7498140504807692 0.36243093990384617 0.7271900817307693 0.34848066346153844 0.6610123966346154 0.3275138125 0.6296694206730769 0.36243093990384617 0.6122727283653846 0.395027625 0.6122727283653846 0.41364640865384616 0.6209710745192307 0.41831491826923073 0.6366322307692307 0.4346132596153846 0.6923553725961539 0.46718231971153845 0.7358884302884616 0.4206353581730769 0.7480785120192308 0.3996961322115385 0.7585123966346153 0.3880386730769231 0.7585123966346153 0.3694198894230769
2 0.9053925625 0.5751657451923077 0.9053925625 0.5524309399038462 0.8955578509615385 0.5309116033653847 0.8821280985576923 0.5261049735576923 0.8328925625000001 0.5045856346153846 0.7827685961538461 0.49259668509615384 0.7505578509615384 0.4794475144230769 0.7371280985576922 0.5045856346153846 0.75144628125 0.5141436466346154 0.7586157019230769 0.5345027620192307 0.7648760336538462 0.5500552475961539 0.7630785120192307 0.5967127067307693 0.8597520673076923 0.6673204423076923 0.880330579326923 0.6685082884615384 0.9000206610576923 0.6290331490384615 0.9053925625 0.5751657451923077
2 0.659276860576923 0.6600276249999999 0.6383884302884616 0.7065745865384615 0.7289256201923078 0.7391712716346154 0.8351239663461538 0.7996961322115385 0.8716942139423077 0.7182044206730769 0.8769214879807692 0.6763259663461538 0.7567768605769231 0.5948342548076924 0.659276860576923 0.6600276249999999
2 0.7558264471153847 0.42994475240384616 0.7626446274038461 0.4442265192307693 0.8141942139423077 0.4754419879807692 0.8599173557692308 0.49494475240384617 0.8842148750000001 0.5079558004807693 0.9007644639423076 0.4923480673076923 0.9027066105769231 0.4832596682692308 0.8958884302884615 0.47154696153846154 0.7947314038461539 0.40911602163461536 0.7801446274038462 0.4065193365384615 0.7655578509615384 0.4039226514423077 0.7558264471153847 0.42994475240384616
2 0.7478925625 0.3631491706730769 0.762293389423077 0.3727900552884615 0.767706610576923 0.37814917067307696 0.7689049591346154 0.38218231971153843 0.766714875 0.3872651923076923 0.7675 0.3901933701923077 0.7685123966346155 0.39690607692307694 0.7723140504807693 0.395027625 0.7831404951923078 0.40038674038461536 0.7865289254807692 0.40306629807692307 0.7963429759615385 0.36209944711538466 0.7907438004807692 0.35886740384615384 0.7907438004807692 0.3540607740384615 0.79355371875 0.3535082884615385 0.79355371875 0.3505801105769231 0.7783264471153846 0.3385359110576923 0.7771280985576923 0.3347790048076923 0.7464876033653846 0.3173756899038462 0.7380785120192308 0.31201657451923076 0.7318595048076924 0.3117403317307692 0.7272520673076923 0.3098618774038462 0.722045454326923 0.30638121634615384 0.7182438004807692 0.3050552475961539 0.7076239663461539 0.3026519326923077 0.6930165288461538 0.30237568990384617 0.6783884302884615 0.3034530384615385 0.6655785120192307 0.3055801105769231 0.6643801658653847 0.3098618774038462 0.6617768605769231 0.3133701658653846 0.66316115625 0.3162983413461538 0.6577685961538461 0.32298342548076925 0.6555578509615384 0.3288950264423077 0.6617768605769231 0.3358563533653846 0.6609710745192309 0.3363812163461538 0.6691735528846153 0.33530386778846155 0.7478925625 0.3631491706730769
0 0.9219628100961538 0.3138121538461538 0.9245247932692308 0.32919889423076926 0.9232438004807692 0.34627071875 0.9219628100961538 0.35569060817307696 0.9187809927884616 0.36422651923076926 0.928347108173077 0.36593922596153844 0.9321900817307692 0.3667955793269231 0.9372933894230768 0.3650828725961538 0.9430578509615385 0.3616574591346154 0.9519834711538462 0.3479834254807692 0.9545454543269231 0.3317679567307692 0.9545454543269231 0.32237568990384613 0.950723139423077 0.31298342548076924 0.9481611562500001 0.30613259615384614 0.9443181826923077 0.2933149182692308 0.9385743798076922 0.27795580048076923 0.9347520673076922 0.2685635360576923 0.9302685961538462 0.25831491826923075 0.9277272716346154 0.25317679567307694 0.9264462812500001 0.2514640889423077 0.9251652884615384 0.2591712716346154 0.9232438004807692 0.2813812163461539 0.9213223149038462 0.2933149182692308 0.9219628100961538 0.3035635360576923 0.9219628100961538 0.3138121538461538
0 0.4090082644230769 0.19994475240384618 0.41165289182692305 0.20127071875 0.41626033173076926 0.20348066346153845 0.4066942139423077 0.21361878365384615 0.4066942139423077 0.2321546971153846 0.41000000000000003 0.23657458653846156 0.40933884374999996 0.24671270673076923 0.4334297524038462 0.2498066298076923 0.43508264423076926 0.2074585625 0.42979338942307693 0.19113259615384617 0.4182438004807692 0.19599447596153846 0.4165909086538461 0.20082872836538462 0.40735537259615384 0.19422651923076922 0.4090082644230769 0.19994475240384618
1 0.7420247932692308 0.23803867307692309 0.7447520673076924 0.23154696153846155 0.7432438004807692 0.22707182211538463 0.7480991730769231 0.2006906081730769 0.75355371875 0.17635359134615386 0.7492975216346154 0.17715469711538462 0.7398966947115385 0.21530386778846153 0.737169420673077 0.23113259615384615 0.7374586778846154 0.23436464182692307 0.7420247932692308 0.23803867307692309
2 0.6048760336538461 0.29430939182692306 0.6299586778846155 0.29872928125000003 0.6432024783653846 0.30790055288461543 0.6607024783653846 0.31295580048076926 0.65644628125 0.30726519230769234 0.6403512403846154 0.2933425408653846 0.6290082644230769 0.2848066298076923 0.6207231394230769 0.28005524759615386 0.6155371899038461 0.27941988942307694 0.604400826923077 0.28038674038461536 0.5798140504807692 0.28132596634615387 0.5731818173076924 0.28986187740384617 0.5779132235576923 0.29019337019230773 0.5921074375000001 0.28955801201923076 0.6048760336538461 0.29430939182692306