2 0.6883666778846155 0.21580657451923077 0.6373512331730768 0.2153520625 0.6033109423076923 0.21938110817307693 0.5888979471153847 0.31421632932692306 0.5892487884615385 0.5434797115384615 0.6714934254807693 0.5486708052884615 0.6784316850961538 0.5392722163461539 0.6818778581730769 0.3133394519230769 0.6883666778846155 0.21580657451923077
2 0.7869071274038462 0.3225283221153846 0.7852461562499999 0.20740000721153845 0.6965931490384616 0.2019415769230769 0.6906775528846154 0.3233164399038462 0.6895313846153847 0.5508844567307692 0.7477197115384615 0.5559752740384616 0.76149003125 0.5594777259615384 0.7723184014423077 0.569632201923077 0.7869071274038462 0.3225283221153846
2 0.857330360576923 0.34601196875 0.8445718725961538 0.30814876682692305 0.8342105288461539 0.30424384615384614 0.821484298076923 0.3098931899038462 0.8007878870192309 0.3103313076923077 0.7871965264423076 0.3083926105769231 0.7824695817307692 0.32746880528846156 0.7734456875 0.3956593413461539 0.7648912860576923 0.5283896322115385 0.7728463894230769 0.5335832475961538 0.8073294110576923 0.53285209375 0.8070039903846153 0.5365716514423077 0.8152194278846154 0.5387896201923077 0.8285076850961539 0.5354545600961539 0.8378090913461538 0.5077833076923077 0.8518604879807692 0.4085328894230769 0.857330360576923 0.34601196875
2 0.6579223581730769 0.6393916682692308 0.7054507620192307 0.6445602067307692 0.7155776418269231 0.6454461923076923 0.7282717740384614 0.6405436442307693 0.7297690673076923 0.611651860576923 0.7322335216346154 0.6068483725961539 0.73565159375 0.5911449639423076 0.7330217235576922 0.5628861466346154 0.6789729278846154 0.5621499519230769 0.6728358509615385 0.5506133774038461 0.5888242884615384 0.5422529807692308 0.5829877235576923 0.5857898317307693 0.5858210913461538 0.6350880072115385 0.6010114110576923 0.6364169879807692 0.6579223581730769 0.6393916682692308
2 0.77213475 0.5743907956730769 0.7329694543269232 0.5623438100961539 0.7320359639423076 0.6016979206730769 0.7298489879807692 0.6409423653846154 0.6845269615384615 0.6418985240384616 0.6868789519230769 0.7012579663461539 0.7730470552884616 0.707574514423077 0.7868030264423077 0.6077116009615385 0.7855371682692307 0.536127576923077 0.7745188798076923 0.5327029399038461 0.77213475 0.5743907956730769
2 0.3649365793269231 0.1407412283653846 0.33002028605769235 0.13768644951923076 0.29563266826923074 0.1553735576923077 0.26224765865384614 0.24214470192307694 0.25439042307692306 0.3587379879807692 0.31521447355769233 0.6285235625 0.4271395144230769 0.6360180288461539 0.4397826730769231 0.6256193437500001 0.3959072163461539 0.3228184206730769 0.43755358173076925 0.19537877884615387 0.43529784374999997 0.16759267788461538 0.3649365793269231 0.1407412283653846
2 0.5824710961538462 0.5945443509615385 0.5833764903846154 0.5726079711538461 0.5909612211538462 0.5442324735576923 0.5859648100961539 0.30955985096153843 0.6014665240384616 0.22583582692307694 0.604508485576923 0.19106604567307692 0.60286453125 0.17490346875 0.47097509134615384 0.16536901682692307 0.44538106490384616 0.1661282548076923 0.4121475673076923 0.2893500120192308 0.40656345673076927 0.2948583100961538 0.4030562475961539 0.31158055528846157 0.40971399759615384 0.31716583653846153 0.4233926346153846 0.4174571802884615 0.4211022067307692 0.4202715120192308 0.41891741346153843 0.42206845192307696 0.4192273894230769 0.43011309374999995 0.4216537644230769 0.43733255769230767 0.4254507764423077 0.4406631754807692 0.43739773798076925 0.5257946081730769 0.4331663581730769 0.5274287908653846 0.43181221153846155 0.5313190793269231 0.4312038197115384 0.5382730360576923 0.43279812980769233 0.5434153221153847 0.4367691730769231 0.5447567836538462 0.44573820673076925 0.6056077067307692 0.44462931490384616 0.606504733173077 0.4403116298076923 0.60912540625 0.4406381009615385 0.6171714927884615 0.4419720745192308 0.6252894278846154 0.4455785697115384 0.6306077572115385 0.45325748798076926 0.6362986754807692 0.5700278365384616 0.6435000384615385 0.5741714927884616 0.6428685192307693 0.5763741947115385 0.6410568509615384 0.5827917836538462 0.6376095552884615 0.5849944855769231 0.6357978870192308 0.5880292524038462 0.6360633942307692 0.5852914879807692 0.6208154591346153 0.5824710961538462 0.5945443509615385
2 0.4980197908653846 0.6404104182692307 0.48853614903846154 0.6395807091346154 0.3198616610576923 0.6310648846153846 0.3211838701923077 0.6522347067307692 0.3383669254807692 0.7286171225961537 0.34217441105769236 0.7304983317307693 0.49877201201923077 0.7317325793269231 0.5105002379807693 0.7249529879807692 0.5365877307692307 0.6632744254807693 0.5409780192307692 0.6402577908653846 0.5346610889423077 0.6397051322115386 0.4980197908653846 0.6404104182692307
2 0.4696790600961539 0.7320227379807692 0.3391303485576923 0.7350881538461539 0.35641325240384614 0.8055802331730769 0.36350011298076923 0.813859266826923 0.5111522451923076 0.8140012668269231 0.5281214951923077 0.8086742499999999 0.5328103605769231 0.7750263004807691 0.535133329326923 0.738596625 0.5266837139423077 0.6961238966346154 0.5186196658653845 0.6988242019230769 0.5063411802884615 0.7301296802884616 0.4696790600961539 0.7320227379807692
2 0.7005923677884615 0.09541867067307692 0.6736729375 0.08304671394230768 0.604041985576923 0.08432048557692308 0.6017230216346154 0.1108263798076923 0.6669063221153846 0.11745803846153846 0.6736298822115384 0.15857387259615383 0.5971028365384615 0.15280748076923076 0.5854215865384615 0.16835831009615385 0.599692 0.1769725 0.5980917860576923 0.19526302403846152 0.6009406370192308 0.20563194230769233 0.6733383774038462 0.21566506490384615 0.6787891778846155 0.1916157860576923 0.6927316177884616 0.1980186658653846 0.6934760528846154 0.18950971394230767 0.7033252019230769 0.1986358653846154 0.7245123677884616 0.19987026201923078 0.7322456610576923 0.09001258653846154 0.7024093004807692 0.08740224278846154 0.7005923677884615 0.09541867067307692
2 0.46784084134615384 0.13890845192307694 0.4685323798076923 0.10085600961538461 0.5960660649038462 0.10690934615384616 0.6013557644230769 0.059935129807692306 0.46374327403846155 0.05483759855769231 0.45397096634615386 0.09100663701923077 0.46003013701923073 0.10045245192307693 0.4515278894230769 0.10004889663461539 0.44472562019230766 0.12722177884615385 0.4509190769230769 0.1371557548076923 0.44245819711538464 0.13627940625 0.43763920432692305 0.15089880048076923 0.44034863221153847 0.16039184615384613 0.47879149759615386 0.16606916105769232 0.531939608173077 0.16551251682692308 0.5850877163461539 0.164955875 0.5862931826923077 0.1511773389423077 0.46784084134615384 0.13890845192307694