2 0.23890424038461539 0.5260657091346154 0.3440001298076923 0.4662962860576923 0.4092112139423077 0.43428136057692307 0.42630513461538466 0.40400928605769226 0.2545330144230769 0.20939394711538462 0.023675942307692308 0.2647716971153846 0.01314386778846154 0.30384088701923073 0.011372634615384616 0.42038853125000003 0.006349649038461538 0.5642279807692308 0.006050812500000001 0.5727855192307693 0.05311833173076923 0.6018750216346154 0.08524594711538461 0.5995535480769231 0.16387885576923075 0.5765955552884615 0.23890424038461539 0.5260657091346154
2 0 0.831316798076923 0.06112396875 0.8504434855769231 0.11163372115384615 0.8522073245192308 0.17260190865384617 0.8394690264423077 0.1856668028846154 0.8347399158653845 0.2205669230769231 0.8010385985576923 0.32590996874999995 0.5676902788461539 0.32861901201923077 0.5187671634615385 0.3052389807692308 0.5067900697115385 0.2920956682692308 0.5137647740384615 0.2594390264423077 0.5118749350961539 0.15198448076923077 0.5772334663461538 0.058918913461538464 0.6007204807692308 0.013103677884615385 0.5775892427884616 0 0.6032764014423078 0 0.6082996826923077 0.05216177163461539 0.6525000072115384 0.04372825721153846 0.6663234158653846 0 0.7089640336538461 0 0.831316798076923
2 0.5343384326923076 0.5087138245192308 0.49447964903846153 0.4853854855769231 0.4586591923076923 0.4865854927884615 0.4087154350961538 0.518951266826923 0.3104234471153846 0.6324726682692308 0.34368790865384613 0.658001360576923 0.3621693942307692 0.6878953365384616 0.38036954567307696 0.7250713774038461 0.38769223076923076 0.7484788461538462 0.4019651322115385 0.7587200432692308 0.4263132836538462 0.7607856129807692 0.4540028557692307 0.7593219254807693 0.58250965625 0.6200376875 0.5784642692307692 0.5492460961538461 0.57470728125 0.5174356826923077 0.5343384326923076 0.5087138245192308
2 0.6186983149038461 0.7616298245192308 0.6258294086538462 0.7533513870192308 0.640243326923077 0.7316752283653846 0.6630071610576922 0.6675925817307693 0.6299375192307692 0.6357105432692307 0.5986598990384615 0.6175633822115384 0.58045478125 0.6169276442307693 0.5755925721153846 0.6252853149038462 0.5591208389423077 0.6400635913461539 0.5253700432692308 0.69351340625 0.5693943149038462 0.7377285865384615 0.5894515048076923 0.7503795985576923 0.6004931971153846 0.7609940865384615 0.6186983149038461 0.7616298245192308
2 0.4125013653846154 0.8984238677884615 0.4347310576923077 0.8992001466346153 0.45610856490384616 0.8903051634615384 0.46126760817307694 0.87731940625 0.4839923485576923 0.829844704326923 0.4974288221153846 0.7811746682692308 0.5113872331730769 0.7500841658653846 0.48726682692307693 0.7360759495192308 0.4774315865384615 0.7497693846153847 0.4572796586538462 0.7560942355769231 0.4418586514423077 0.7616930649038461 0.39629927403846155 0.7583398918269231 0.3239547139423077 0.8505878966346153 0.32208961778846157 0.8706969975961538 0.36001444951923073 0.8913246201923077 0.4125013653846154 0.8984238677884615
2 0.33794035817307694 0.6545395552884615 0.2931417980769231 0.63249709375 0.25817359375 0.7200345 0.19536220673076923 0.8219530817307692 0.2737929206730769 0.8605437427884616 0.3145621947115385 0.8670920192307693 0.39835146634615387 0.7522337019230769 0.33794035817307694 0.6545395552884615
2 0.5596100120192308 0.7569332331730769 0.5454124182692308 0.7631216754807693 0.51312784375 0.8125311322115384 0.4924949759615385 0.8566354927884615 0.4789421947115385 0.8799823966346154 0.49363728124999995 0.8967200192307693 0.5024573485576923 0.898932016826923 0.5141429639423077 0.8926558533653846 0.5786456971153846 0.7957386153846154 0.5816834567307693 0.7815444879807691 0.5847212163461538 0.7673503605769232 0.5596100120192308 0.7569332331730769
2 0.6251928365384616 0.7514454182692307 0.6152737427884616 0.7652169471153846 0.6098485985576922 0.7703343725961538 0.6058640817307692 0.7713700360576923 0.6009690240384615 0.7690520408653847 0.5980790600961539 0.7697208197115385 0.591480875 0.7704829134615385 0.5931876033653846 0.7742694807692309 0.5875773653846154 0.7846873197115385 0.5848414807692308 0.787913641826923 0.6245625721153847 0.7989219783653846 0.6279142620192307 0.7935498485576923 0.6326140985576922 0.7937139711538461 0.6330582307692307 0.7964841947115384 0.6359213509615385 0.7965841754807692 0.6482186225961539 0.782085485576923 0.6519330336538461 0.781040389423077 0.6699973798076923 0.7516326682692308 0.6755249615384616 0.7435818076923078 0.6760077139423076 0.7375018341346155 0.6780019735576922 0.7330545528846154 0.6815833365384615 0.7280752932692308 0.6830098341346154 0.7243981418269231 0.685722875 0.7140816826923077 0.6864924543269232 0.6997880913461538 0.6859392211538461 0.6854280528846155 0.6842974182692309 0.6728124615384616 0.6801517548076923 0.6714928894230769 0.6768104278846153 0.6688240456730769 0.6738999759615385 0.6700795120192308 0.6675478076923077 0.6645710673076923 0.6618431394230769 0.6622045456730768 0.6548238293269232 0.6680562572115385 0.6543381826923077 0.6672493437499999 0.655111125 0.6753176682692307 0.6251928365384616 0.7514454182692307
0 0.6674817115384616 0.9235726923076922 0.6523492283653846 0.92555590625 0.6357005024038462 0.9237186947115384 0.6265337019230769 0.9221427548076923 0.6182962331730769 0.9187357884615385 0.6162944807692308 0.9280440697115384 0.6153257524038461 0.9317777163461538 0.6168259110576924 0.9368331490384616 0.6199781153846153 0.9425944447115384 0.6330431514423077 0.9518009543269231 0.6488107475961539 0.9548632211538461 0.6579943389423076 0.955183920673077 0.6673086274038462 0.9517619615384615 0.6740948485576923 0.9494872884615385 0.6867591538461538 0.9461620600961538 0.701973423076923 0.9410623942307693 0.7112877115384616 0.9376404326923077 0.7214619350961539 0.9336003365384615 0.7265727932692307 0.9312874134615385 0.72829125 0.9300915985576924 0.7207991057692307 0.928574141826923 0.6991483125000001 0.9259343413461539 0.6875454519230769 0.9236454206730769 0.6775026322115385 0.9239226298076922 0.6674817115384616 0.9235726923076922
0 0.7963587235576923 0.42519598798076924 0.7949717884615384 0.42774022596153843 0.7926534014423077 0.4321761875 0.7830676201923077 0.4224632644230769 0.7649435312499999 0.4218303557692308 0.7605088076923077 0.42491633173076926 0.7506185360576924 0.4239227908653846 0.7467696129807693 0.4474060072115385 0.7881202884615385 0.45047042548076927 0.8042643870192308 0.4458488461538461 0.7999054423076923 0.43437393990384615 0.7952351105769231 0.4325904278846154 0.8020064254807693 0.4237727908653846 0.7963587235576923 0.42519598798076924
1 0.7477243149038462 0.7499718197115384 0.7539785432692307 0.7528639158653847 0.7584058245192308 0.7515398846153847 0.7840348942307693 0.757194858173077 0.8076446923076923 0.7633667163461539 0.8070069182692308 0.7591718629807692 0.7700267740384615 0.7486643485576923 0.7546429735576923 0.7454534399038462 0.7514728485576924 0.7456263076923076 0.7477243149038462 0.7499718197115384
2 0.697393326923077 0.6137598485576923 0.6922139855769232 0.638168858173077 0.6827936346153846 0.6508235096153846 0.6772523221153846 0.667786204326923 0.68296203125 0.6638130072115385 0.6971256947115385 0.6485287716346153 0.7058598076923077 0.637713639423077 0.7107889182692309 0.6297634110576923 0.711587483173077 0.6247072283653845 0.7110229014423077 0.6137699302884616 0.7109452403846154 0.5896634663461539 0.70282575 0.5828779927884615 0.7023398413461539 0.5874994759615384 0.7024757427884616 0.6014195817307693 0.697393326923077 0.6137598485576923