0 0.2645350793269231 0.8853564326923077 0.2465569543269231 0.8919546322115385 0.2869035360576923 0.9016438653846154 0.2737815 0.9054530865384615 0.26537871394230766 0.9078065865384615 0.25179271634615386 0.9081736057692308 0.2357796418269231 0.9062074471153847 0.23029628846153846 0.9068842403846153 0.23179750480769232 0.916539158653846 0.2534837091346154 0.9165017620192307 0.2703702283653846 0.9185751658653847 0.28709202884615387 0.9368694038461538 0.30463227884615385 0.9410582451923077 0.32160167067307693 0.94245671875 0.3281463100961538 0.9480157451923077 0.36374948076923075 0.9374761201923077 0.37526096153846156 0.9246836634615385 0.3729991081730769 0.9135651370192307 0.36200542548076925 0.9074799855769231 0.34285512740384616 0.9017433918269231 0.31164600961538463 0.8985965 0.2896591514423077 0.8938616850961538 0.2645350793269231 0.8853564326923077
1 0.488489548076923 0.29156357451923076 0.4761982956730769 0.29582743028846153 0.47274629326923073 0.30184156490384617 0.46390704567307695 0.3000912860576923 0.4551424567307692 0.3200519350961538 0.46591836057692304 0.3206899423076923 0.46236806971153843 0.3311149783653846 0.4715611682692308 0.3335938125 0.4695936826923077 0.3421780216346154 0.4872697403846154 0.3456984302884616 0.48729576201923075 0.3490969350961538 0.5022590528846154 0.34517123798076926 0.5049978413461539 0.35601584855769236 0.5464041682692308 0.3651702451923077 0.5551429495192308 0.37506901923076924 0.5631269663461539 0.3749007716346154 0.5638817307692308 0.38496779086538463 0.5671302115384615 0.3806112091346154 0.5623722019230769 0.36483374999999996 0.5693457956730769 0.36256671875 0.5616174350961539 0.3547667307692308 0.5709057235576923 0.34986212980769227 0.5608626706730769 0.3446997091346154 0.56010790625 0.3346326875 0.5630820120192308 0.33262013942307694 0.5724656514423077 0.33715753846153845 0.6115643749999999 0.3134658798076923 0.6147781754807693 0.33149190625 0.6090635721153845 0.3633731105769231 0.6008477403846154 0.3786456923076923 0.6060786298076923 0.3949043653846154 0.6234256418269231 0.40110465144230767 0.6471559134615384 0.4067386394230769 0.7133080456730769 0.40603531249999997 0.7257503509615385 0.3268010480769231 0.7261969471153846 0.3010636322115384 0.6861848052884615 0.28055450721153846 0.6464670288461538 0.27974811538461536 0.56763509375 0.2659984326923077 0.5619845889423076 0.2751480096153846 0.5729488533653846 0.2815821754807692 0.5563340841346154 0.2842975841346154 0.5570888485576924 0.29436460576923074 0.5030847884615385 0.2906353701923077 0.49544610576923076 0.2937677956730769 0.488489548076923 0.29156357451923076
1 0.3151102475961538 0.5561662620192307 0.3062427475961539 0.5524579447115385 0.2920842403846154 0.5542054831730769 0.2761009591346154 0.5609680168269231 0.27204848798076925 0.5561179927884615 0.23745268269230768 0.5440115865384615 0.25775870432692305 0.5587158725961539 0.27361266586538463 0.5624155600961539 0.2747287091346154 0.5721440865384616 0.31903535096153846 0.581090391826923 0.32061965144230775 0.5681872932692308 0.3151102475961538 0.5561662620192307
1 0.2629027235576923 0.5207598509615384 0.25379512259615383 0.5260090408653846 0.26733212740384615 0.53085490625 0.26105923557692307 0.5300846923076923 0.28719159615384615 0.5417564254807693 0.29212506250000003 0.5418382740384615 0.3005607379807692 0.5306831754807693 0.30113596153846156 0.5259983581730769 0.27013594471153846 0.5137088028846154 0.2678524278846154 0.5150202860576922 0.25228782932692306 0.5094015576923077 0.22820173798076923 0.49266142307692307 0.21841441826923078 0.48616018990384613 0.21440880528846154 0.48989990384615384 0.2225801081730769 0.49249507932692305 0.23135752403846155 0.501532139423077 0.24931858413461538 0.5106086971153846 0.2629027235576923 0.5207598509615384
1 0.27660865384615385 0.21154534615384615 0.28653902403846154 0.21425575721153844 0.29664976201923077 0.21549719951923077 0.30218968509615385 0.2217993221153846 0.3074982668269231 0.2236399951923077 0.3136475384615384 0.22497938701923076 0.3185249783653846 0.2270492235576923 0.32153634615384613 0.22506140144230768 0.3221822524038461 0.21980090625 0.3229695288461538 0.21338905769230768 0.32353771634615386 0.20547934615384617 0.3201536346153846 0.20415707451923076 0.3116045048076923 0.20310737259615383 0.30702909375 0.20492330528846156 0.3010623509615385 0.20537954326923075 0.29619960336538464 0.2062534375 0.2977633725961538 0.20970977644230768 0.29071281730769233 0.2091463293269231 0.2822733701923077 0.20720333653846154 0.27845327403846154 0.2061499326923077 0.27660865384615385 0.21154534615384615
1 0.26398749278846156 0.4077698413461538 0.27370598557692305 0.40432857692307694 0.2759506105769231 0.39239316346153846 0.2672850697115385 0.38725882932692307 0.2518768076923077 0.38014803125 0.2276589903846154 0.3754213894230769 0.22426419951923077 0.37790618990384617 0.23597354807692308 0.38341425721153843 0.2555971706730769 0.4067396394230769 0.26398749278846156 0.4077698413461538
1 0.30902453125 0 0.3129194423076923 0.009907540865384616 0.3210914326923077 0.012059495192307692 0.33532456971153846 0.014955665865384615 0.3468182283653846 0.015218348557692309 0.3492776129807692 0.013787406249999998 0.34744484375 0.003769375 0.34790766586538463 0 0.30902453125 0
1 0.20759534855769232 0.6593929278846153 0.20014142307692306 0.6706484206730768 0.2208269230769231 0.6796363413461539 0.22312966346153845 0.6814504975961538 0.2588439543269231 0.6877297812500001 0.2612829903846154 0.6637079687499999 0.2571978028846154 0.6597808389423078 0.22285325240384615 0.6548183004807692 0.21499479086538462 0.6568960817307693 0.20796339423076923 0.6563954375 0.20759534855769232 0.6593929278846153
2 0.37751909134615386 0.5157104350961539 0.46704821153846154 0.5296451586538462 0.49139133413461533 0.5311631538461539 0.49765890865384615 0.5120646201923077 0.49173515624999997 0.4723466442307692 0.4801692043269231 0.46282614663461535 0.3788422283653846 0.4570141730769231 0.3642852524038461 0.48760816586538464 0.31580341105769233 0.4831263076923077 0.32068325000000003 0.4991806778846154 0.37216674519230775 0.5032855360576923 0.3784964831730769 0.5077502163461538 0.37751909134615386 0.5157104350961539
2 0.3573365216346154 0.36696205048076924 0.34968331490384613 0.37480784134615386 0.35047521875 0.38870795913461537 0.3491233653846154 0.39293471394230767 0.347331235576923 0.3939639807692308 0.29766252884615385 0.3897393990384615 0.29533905048076925 0.3950961682692308 0.2984544326923077 0.40363951682692306 0.3477453461538461 0.4109409927884615 0.35462500721153845 0.4161784519230769 0.4483304615384615 0.42957815384615383 0.4635327139423077 0.42830132451923075 0.4611467596153846 0.4273837091346154 0.4601017115384615 0.4153264783653846 0.4651398485576923 0.4084290600961538 0.4717303533653846 0.4092382716346154 0.4666428197115385 0.4029715480769231 0.46043254567307695 0.3990655913461539 0.4573793365384615 0.3830138509615385 0.4625555096153846 0.3817754375 0.45754597596153845 0.37487348076923077 0.4550089014423077 0.37518662500000005 0.45124462259615383 0.3784925168269231 0.3573365216346154 0.36696205048076924
2 0.7665749374999999 0.8015147572115384 0.7660687524038461 0.7942589855769231 0.7583505168269231 0.7120455625000001 0.7670712283653847 0.70797803125 0.7667182572115384 0.6996932620192309 0.759258125 0.6823347139423077 0.7389168173076922 0.6469116923076924 0.6240726129807693 0.6328105985576923 0.6179448317307692 0.6269199014423077 0.5573791730769231 0.6287323125 0.5406546875 0.6308095961538461 0.5348648052884616 0.6444859278846155 0.5251671538461539 0.6453505240384616 0.5096682211538461 0.6486059471153846 0.5069509855769231 0.6595765721153846 0.5183604302884615 0.6784678461538461 0.51686875 0.6906166105769231 0.5183429206730769 0.6897699567307692 0.5210226971153846 0.7014234014423076 0.5446302908653846 0.7660421009615385 0.581658625 0.8220119110576923 0.60238628125 0.8317505673076924 0.7972004086538462 0.8536154134615385 0.8172172475961539 0.846824233173077 0.8456282932692307 0.8276840000000001 0.8171304014423076 0.8252125576923077 0.8076813605769231 0.8240523629807692 0.7882795384615384 0.8144563485576923 0.7866985721153846 0.8050132884615385 0.7665749374999999 0.8015147572115384
2 0.718524201923077 0.5591724639423077 0.7329479735576924 0.5524199471153847 0.6994541778846154 0.5295878942307692 0.5669455504807692 0.5184360288461538 0.5593697451923076 0.5617556682692307 0.6301991923076924 0.6317090288461539 0.7391042548076924 0.6501990384615385 0.7430162596153846 0.6183383076923078 0.7349349783653847 0.5918157524038462 0.718524201923077 0.5591724639423077
2 0.31070014663461537 0.5056522836538462 0.3091403605769231 0.50894675 0.3130899759615385 0.5242622451923077 0.36123508173076924 0.5301737211538462 0.3629040673076923 0.5356176971153845 0.3616366274038461 0.5459401778846154 0.3598427091346154 0.5605504567307692 0.3652448701923077 0.5734449278846154 0.4683119254807692 0.5869664302884615 0.4746891826923077 0.5825104062500001 0.48714695192307694 0.5569783149038462 0.48226687740384616 0.5302040120192307 0.31070014663461537 0.5056522836538462
2 0.6488697163461539 0.23414098076923076 0.6621901634615385 0.27313499038461536 0.7284843485576923 0.2863728942307692 0.7431608605769231 0.36968248798076925 0.7882893365384616 0.2971012548076923 0.8903248677884614 0.2960484110576923 0.8375151201923077 0.20974926201923075 0.6836042980769231 0.19085138942307692 0.6488697163461539 0.23414098076923076
2 0.7653727115384614 0.028828759615384614 0.7604799855769231 0.05992426682692308 0.7480594879807693 0.1173183966346154 0.72109915625 0.16162299759615387 0.6852962884615384 0.18144749519230768 0.6825938846153845 0.18595172836538462 0.6908686201923077 0.18857975480769232 0.7855191610576924 0.19778335576923078 0.8104938004807691 0.20487989423076922 0.8933050096153846 0.12626606730769233 0.8574890264423077 0.041166879807692305 0.7653727115384614 0.028828759615384614
2 0.4236007524038462 0.3327425625 0.3900129903846154 0.32861850240384616 0.3733695096153846 0.3716106298076923 0.42367997355769227 0.37170262019230765 0.4265939855769231 0.3610987091346154 0.4236007524038462 0.3327425625
2 0.4886769471153846 0.07275545192307692 0.4883076610576923 0.08276505528846154 0.503885579326923 0.09221395673076924 0.5279611442307692 0.07381085576923077 0.5385897692307693 0.07630475 0.5498110649038461 0.05974887740384616 0.5388747115384616 0.04772645673076924 0.5377924495192308 0.03794162740384615 0.5472695384615385 0.03187134855769231 0.5659478413461538 0.03313709375 0.5711002596153846 0.02859113221153846 0.5691429759615384 0.025932783653846155 0.5645573365384615 0.021924055288461537 0.5692656370192307 0.01355547355769231 0.5597636634615385 0.012388778846153846 0.5516305360576923 0.00379353125 0.5361726995192307 0.006933096153846153 0.5013841129807692 0.06488540384615385 0.4886769471153846 0.07275545192307692
2 0.5709908533653846 0.026199975961538464 0.5547445072115385 0.027227704326923077 0.5427721586538461 0.03458347115384615 0.5387770817307692 0.04239481730769231 0.5423413870192307 0.051658245192307696 0.5531551177884615 0.062053593750000004 0.5435695120192308 0.07447801201923077 0.5457288245192308 0.07877318028846154 0.5540656274038461 0.08483436057692308 0.5662328605769231 0.08683206490384615 0.5787835865384615 0.09139562980769231 0.5847267836538461 0.08128455528846154 0.595024860576923 0.0656832860576923 0.5944546177884615 0.05938685817307692 0.6043143774038462 0.05019998317307692 0.6100618269230769 0.039057365384615385 0.6229371754807692 0.029817603365384616 0.6311177860576923 0.012424927884615385 0.5776815721153846 0.00737505048076923 0.5709908533653846 0.026199975961538464
0 0.2585226346153846 0.44155567788461536 0.2547246153846154 0.43091349038461535 0.24287224759615383 0.43072766346153846 0.22611806971153847 0.4286705096153846 0.21921660817307692 0.4297373846153846 0.21554683653846154 0.43883798798076923 0.2255793701923077 0.44706194471153843 0.24900345913461536 0.4499380625 0.2585226346153846 0.44155567788461536
0 0.4933670120192308 0.2004186081730769 0.4905349495192307 0.200070875 0.5013343052884616 0.1746978581730769 0.5056019951923078 0.14781759615384615 0.48304905048076924 0.13565845192307693 0.45006531490384616 0.12223871634615385 0.4229476682692308 0.1080884326923077 0.40846612259615384 0.11640557211538462 0.40033082451923074 0.13561732932692308 0.4052828894230769 0.1578666778846154 0.40819521394230773 0.1654380360576923 0.4220524423076923 0.17796014663461537 0.44039167307692306 0.1852696201923077 0.4626324639423077 0.19231258894230768 0.4838037596153846 0.1999697956730769 0.4933670120192308 0.2004186081730769
1 0.4177794495192308 0.2641820841346154 0.42769018509615386 0.260925625 0.4461501225961539 0.24624590625 0.47311686298076927 0.23974386057692307 0.4739796971153846 0.23271663221153846 0.4772813894230769 0.22508210096153844 0.4330841225961538 0.21699553365384616 0.4217743269230769 0.23164642067307695 0.4170895072115384 0.23107119951923077 0.4050400576923077 0.2322716875 0.4022570432692308 0.24530970673076924 0.4049952163461539 0.2518924735576923 0.4184277932692308 0.25890173798076926 0.4177794495192308 0.2641820841346154
1 0.22427321875 0.7541920673076923 0.23637760096153848 0.7486055793269231 0.2368642908653846 0.7404843581730769 0.23416895913461538 0.7342091057692308 0.22067352403846152 0.7351514495192308 0.21177762980769232 0.73889521875 0.2083530048076923 0.7466557067307692 0.1657868173076923 0.7622645384615385 0.16893306490384616 0.7648673701923077 0.21070596875 0.7517806610576923 0.21548587980769232 0.7531131177884615 0.22427321875 0.7541920673076923
1 0.27783609134615384 0.23480833173076923 0.271041875 0.23500176682692306 0.26601094951923077 0.23724537499999998 0.2633906610576923 0.2384550576923077 0.2555895985576923 0.2376584110576923 0.2522327067307692 0.23742758894230767 0.2505297331730769 0.2383871995192308 0.2527116009615385 0.23899765384615385 0.2612078317307692 0.24157227403846154 0.2646246923076923 0.24503449278846154 0.2802422956730769 0.2537225576923077 0.29056975240384614 0.25954455528846154 0.2959781658653846 0.2559770841346154 0.29904596875 0.25484249759615385 0.3026395985576923 0.2513947524038462 0.3090177788461539 0.2416796418269231 0.3082821394230769 0.23651146634615383 0.3025121370192308 0.235803 0.29084329567307693 0.23521655528846155 0.27783609134615384 0.23480833173076923
1 0.2593935048076923 0.3097392692307693 0.26934481730769233 0.3144672716346154 0.2707724014423077 0.3172822331730769 0.2844541225961538 0.32269999759615386 0.2922612764423077 0.3234470192307692 0.29813584375 0.32811776442307694 0.29916647596153845 0.33394681490384615 0.30652784855769233 0.32650849759615386 0.32205890625 0.3429034615384615 0.3288889302884615 0.3397926442307692 0.3270639495192308 0.33561912740384614 0.3159480528846154 0.3307481322115385 0.3122978509615385 0.32721696394230765 0.2767544543269231 0.31626366826923075 0.23954718509615386 0.2950108293269231 0.24131854326923077 0.29962106730769233 0.24854328365384618 0.30270452403846154 0.24592127884615383 0.3050222596153846 0.2528830240384615 0.30543375 0.2527755360576923 0.3111230576923077 0.2593935048076923 0.3097392692307693
1 0.3027118197115385 0.1628435048076923 0.29506788221153846 0.16470582451923077 0.2876241538461538 0.16471875961538462 0.2846285096153846 0.16898548557692308 0.28041534134615387 0.17310271875000002 0.29227824278846154 0.1773601778846154 0.3053346394230769 0.18174402884615384 0.32130103125 0.18277754567307694 0.32287314663461536 0.16997369951923075 0.3027118197115385 0.1628435048076923
2 0.5340006274038461 0.19726710817307694 0.5309970432692308 0.23617104807692307 0.5412370288461539 0.23942323076923078 0.5440433173076923 0.22378869230769233 0.5662966370192307 0.23051079567307695 0.5631686129807693 0.24876565384615384 0.570075704326923 0.25027869471153846 0.6017873365384616 0.25217752403846155 0.6271298149038462 0.26262386057692305 0.6599713245192308 0.26998107451923076 0.6471347451923077 0.23711168509615385 0.6720812475961538 0.2002370408653846 0.6102288629807693 0.19064765384615387 0.5878160432692308 0.19988507211538462 0.5784003677884615 0.2113631466346154 0.5710773413461538 0.22045848798076922 0.54762884375 0.21624946153846156 0.5464700985576922 0.19680329807692307 0.5340006274038461 0.19726710817307694