0 0.8136787475961539 0.29437758413461534 0.8183395408653846 0.30428723317307693 0.8310478870192307 0.3172695408653846 0.83554903125 0.3041972716346154 0.8395203076923077 0.29266385096153846 0.8297719399038462 0.27699197115384616 0.8092061971153846 0.2647467307692308 0.7974520336538462 0.2592620793269231 0.779982454326923 0.24838460096153847 0.7664151033653847 0.24371298798076924 0.7613046105769231 0.24537815144230768 0.7552112043269231 0.2484439110576923 0.7345139831730769 0.2410333605769231 0.72551190625 0.23191803365384617 0.7041639134615385 0.23230428846153844 0.6847220384615385 0.22560991346153847 0.6655037475961538 0.22271904086538463 0.6567460673076924 0.22170875 0.6585076033653846 0.23722136057692306 0.6911829855769231 0.2464671754807692 0.7060879711538461 0.2501620048076923 0.7319342379807693 0.25734029326923075 0.7655819567307692 0.26376224278846155 0.7785320408653846 0.27022653365384613 0.8136787475961539 0.29437758413461534
0 0.6367019879807692 0.8525203509615384 0.6091226466346155 0.8306555360576924 0.5885650889423076 0.82701959375 0.5754855528846154 0.8369251418269231 0.5735878581730769 0.8458896730769231 0.5708002091346154 0.8469882668269231 0.6054686346153846 0.8623504086538462 0.6387875937499999 0.871090264423077 0.6576604975961539 0.88307203125 0.6367019879807692 0.8525203509615384
1 0.6165622692307693 0.3322315168269231 0.6880112379807692 0.34041895432692304 0.6861929254807693 0.33265924278846154 0.7016426538461539 0.33681669471153847 0.7023010288461538 0.3420564423076923 0.7308806153846154 0.3453314134615385 0.7737354975961538 0.3546752139423077 0.7876182139423077 0.35597733653846153 0.8036797644230769 0.35685849759615385 0.8065366802884615 0.3485614134615385 0.7705034230769231 0.3442815216346154 0.759460201923077 0.348606389423077 0.7524867932692308 0.3421415769230769 0.7451704110576922 0.34696890384615386 0.7347919735576922 0.34300492307692304 0.7323158076923076 0.3398365504807692 0.7170923822115385 0.3409741418269231 0.7121448221153847 0.33753151923076924 0.6613451225961539 0.3246713076923077 0.6594661033653846 0.3211318221153846 0.6468946802884615 0.3205651418269231 0.6406498149038462 0.3163918966346154 0.6324442355769231 0.31645897355769226 0.6218335240384616 0.31165196875 0.5812039591346154 0.3141474831730769 0.5677949735576923 0.29774750961538465 0.5514186105769231 0.29505439903846153 0.5480385048076923 0.2997819807692308 0.5473380841346154 0.3069051105769231 0.5533241706730769 0.32468863221153843 0.56577003125 0.33388953846153846 0.5951451826923078 0.33908876201923077 0.6004383966346154 0.3237161538461538 0.6132753581730769 0.33673387740384614 0.6165622692307693 0.3322315168269231
1 0.5164563076923077 0.6425891995192308 0.5285015793269231 0.637686610576923 0.5261771634615384 0.6305334278846153 0.5038120697115385 0.6097009759615385 0.47476810336538466 0.5919988677884616 0.46412166826923074 0.5996545192307692 0.44981424278846155 0.6110360192307692 0.44688631490384617 0.6195393389423077 0.43810252884615386 0.6450493052884615 0.4694033317307692 0.6585598149038462 0.4920257692307692 0.6532000649038461 0.49456693990384615 0.6527264182692308 0.5040371778846153 0.6414893605769231 0.5164563076923077 0.6425891995192308
2 0.44993780528846156 0.5105336201923077 0.4595136610576923 0.4827233149038461 0.4553047259615385 0.4750454591346154 0.4601909423076923 0.4409533677884615 0.4468151153846154 0.4200042668269231 0.43452798317307695 0.4118872427884615 0.16631687740384615 0.3304303774038461 0.17203156971153846 0.3417321370192308 0.12957475721153847 0.4212342259615385 0.10931966826923077 0.42826089182692306 0.061553370192307694 0.4195860841346154 0.052423663461538456 0.4421021971153846 0.10015805048076923 0.47876812259615387 0.4058359014423077 0.5669149663461538 0.41606634615384613 0.5611035552884616 0.43895721153846157 0.5145251442307692 0.44993780528846156 0.5105336201923077
2 0.3553489879807692 0.6247156009615384 0.36908693990384617 0.6320212451923077 0.3696768942307692 0.630307891826923 0.35019137019230767 0.6034753004807693 0.3359452163461538 0.5996650985576923 0.33901407932692307 0.59676965625 0.34192815624999995 0.5833993485576923 0.34152060817307694 0.5698613076923077 0.35142406730769227 0.5656053677884615 0.35044135096153844 0.5537680264423077 0.3613275216346154 0.561349423076923 0.3712309807692308 0.5570934831730769 0.33552977403846157 0.54976090625 0.09694460576923077 0.4856470360576923 0.14043038461538462 0.5408312716346153 0.15074525240384615 0.5501324447115384 0.15475828846153844 0.5464235576923077 0.16908619711538464 0.5520158485576923 0.15684776682692309 0.5618073076923077 0.1629502860576923 0.5734821682692307 0.19080229567307694 0.5907383605769231 0.20622150240384615 0.5949935456730769 0.3449943389423077 0.6332902235576923 0.34102107932692305 0.6191233125 0.3553489879807692 0.6247156009615384
0 0.2427743942307692 0.26504902884615383 0.18920458413461538 0.2541452235576923 0.14679636778846156 0.24708466105769228 0.12427545432692308 0.24733322596153845 0.10251143990384616 0.25256266346153844 0.09737210817307693 0.25785568509615386 0.08712382692307694 0.27553256971153844 0.10991440144230769 0.28904074999999996 0.11678350240384616 0.29798948076923076 0.13361563221153847 0.3094460024038461 0.15666774759615384 0.3221037355769231 0.17245972836538462 0.3317647331730769 0.2575045168269231 0.3525834879807693 0.26686520192307694 0.35438700721153843 0.28723187259615385 0.3458549206730769 0.29852496634615383 0.32759729086538464 0.2716078870192308 0.2754563221153846 0.2427743942307692 0.26504902884615383
2 0.1737792091346154 0.34110947115384616 0.16494466105769232 0.3305079879807692 0.1388138076923077 0.31206990865384615 0.04520037980769231 0.28505725961538464 0.011973204326923077 0.38155598798076923 0.018791663461538464 0.38974304326923076 0.04843520432692308 0.41978939182692304 0.11412839903846154 0.4272903653846154 0.1303152716346154 0.42626269711538456 0.14272952403846154 0.41919801201923074 0.1737792091346154 0.34110947115384616
0 0.29064035336538463 0.2105493485576923 0.26522558173076927 0.1908494831730769 0.254759375 0.23251397355769232 0.25320780769230766 0.24074590865384618 0.3059817668269231 0.26695606730769234 0.3249955649038462 0.26035376682692307 0.31492983894230775 0.23351728125000001 0.29064035336538463 0.2105493485576923
0 0.11919210576923077 0.0701696875 0.07535483413461538 0.1974823653846154 0.14318417307692308 0.2378554951923077 0.21446607692307693 0.2584781057692308 0.25097503365384616 0.1926148629807692 0.18057624759615384 0.12262719951923076 0.1729264326923077 0.09122800240384615 0.11919210576923077 0.0701696875
1 0.5096236802884616 0.19406612019230768 0.5511506802884616 0.1966885985576923 0.5771055697115385 0.2004616971153846 0.5844334783653846 0.19680952884615385 0.5594374807692307 0.17789268990384616 0.4996783365384615 0.16315417307692306 0.4916784206730769 0.16348726923076923 0.4977793293269231 0.18620803365384614 0.5096236802884616 0.19406612019230768
2 0.37670025961538467 0.7793912451923077 0.37990205528846155 0.7784530000000001 0.3821787596153846 0.7739310841346154 0.3745835961538461 0.7709077163461538 0.37905550721153847 0.7516500096153845 0.3912953173076923 0.7579052283653845 0.40320781730769234 0.7546604711538462 0.4068689855769231 0.7502071225961539 0.4074819735576923 0.7463367692307692 0.4050315721153846 0.7410034639423076 0.3936712307692308 0.7321940769230769 0.4056926875 0.7098218966346154 0.3927486514423077 0.6951613533653845 0.3712611802884615 0.7053127403846153 0.3455683509615385 0.6985066995192307 0.34468887980769225 0.7010608701923077 0.35398607451923075 0.7115909639423077 0.3473120168269231 0.7288837283653845 0.31653429086538465 0.7452057475961538 0.2878325576923077 0.7345066658653846 0.27692516826923075 0.7348323701923077 0.2710697548076923 0.7413871754807692 0.28195795192307693 0.7557479807692308 0.3378257788461539 0.7815150913461538 0.34740075 0.7746084615384615 0.360660875 0.7799905745192308 0.3647877620192308 0.7826360024038461 0.3700149807692308 0.7779056009615384 0.37670025961538467 0.7793912451923077
2 0.3856734663461538 0.1591945769230769 0.34086856249999997 0.13901126682692308 0.3328519471153846 0.1378480048076923 0.2458683341346154 0.11820717067307693 0.2360126923076923 0.13465286298076923 0.27001937259615383 0.17810866826923075 0.2834147235576923 0.20018244471153845 0.31008707692307697 0.22840719471153845 0.32699781971153846 0.25644716346153845 0.38827598076923076 0.27358972115384617 0.4228393341346154 0.2545430120192308 0.42053227884615385 0.24897513942307692 0.4022389014423077 0.20459478125 0.3856734663461538 0.1591945769230769
2 0.5201643317307693 0.6992490961538462 0.5151053028846154 0.7025822932692307 0.5015778245192307 0.6995214879807693 0.5049245408653846 0.7060684302884616 0.5609021033653846 0.732334704326923 0.5753488509615384 0.7261828052884615 0.5763239903846153 0.7087200240384616 0.538262014423077 0.6857655865384615 0.5359131177884615 0.69258728125 0.5256513942307692 0.6979442884615386 0.5259409086538461 0.6971034759615384 0.5164297740384616 0.6938285288461539 0.5201643317307693 0.6992490961538462
2 0.5122584951923077 0.5080184350961539 0.5086737259615385 0.5039803389423076 0.4965917451923077 0.5054454447115385 0.4700165192307692 0.49629486057692307 0.45468525000000004 0.49756390144230767 0.4506429615384615 0.5093035625 0.4341816057692308 0.5139454903846153 0.4224361850961538 0.5576893485576924 0.47911291105769227 0.5706566875 0.4932690721153846 0.5727095384615384 0.504442 0.5690681658653847 0.5122584951923077 0.5080184350961539
1 0.5392887716346154 0.7638436009615385 0.543018875 0.7679139927884615 0.5547539278846154 0.764821076923077 0.5599956634615384 0.7650466201923076 0.564135014423077 0.7577316057692307 0.5728210048076924 0.7652393533653845 0.5759523052884615 0.7623248533653846 0.58138571875 0.7628115913461537 0.5835677163461539 0.7605639567307693 0.5866423605769231 0.7620396562499999 0.593481125 0.759399125 0.5992574975961539 0.7609799471153846 0.6006704567307692 0.7588756538461539 0.6100958894230769 0.7581283942307693 0.6132908701923078 0.7600270528846154 0.6691917235576923 0.5961532379807692 0.6756114783653846 0.5945743725961539 0.8493086802884615 0.18908325480769234 0.8496203942307693 0.18672398557692307 0.8458750504807693 0.18360659375 0.8367598677884616 0.1795452283653846 0.8344118894230769 0.18209315384615385 0.8275079759615385 0.17360902403846154 0.824044295673077 0.1768527091346154 0.8179893653846153 0.17308202403846154 0.8165400432692308 0.17029383653846153 0.8039948822115384 0.17283148798076922 0.7431608677884616 0.1543081610576923 0.7387098822115384 0.15160437259615384 0.7393012692307692 0.1553393221153846 0.7264875961538462 0.15771776201923077 0.7186453846153846 0.1519889375 0.7113929423076922 0.1567850456730769 0.7052635216346155 0.15350332692307694 0.70086025 0.16247463701923076 0.6954390841346154 0.16213407692307694 0.6862889038461539 0.16462642548076925 0.6813042548076923 0.16220026201923077 0.6836203774038462 0.15547375240384614 0.6752328990384615 0.16723151201923075 0.6239782043269231 0.17674526442307695 0.61733234375 0.17305503365384614 0.6111067283653846 0.17973080288461538 0.6005896105769231 0.17587877884615383 0.5989905480769231 0.18297640865384615 0.5868743653846153 0.18622201201923078 0.5838468774038461 0.1787025264423077 0.5746593269230769 0.17766843509615382 0.5619369062499999 0.1808117668269231 0.5747581850961538 0.18946761778846152 0.7503816802884615 0.41675671875 0.6787448894230769 0.5816237115384616 0.6726285961538461 0.5874251514423077 0.6656071442307692 0.5850074711538462 0.6634738197115385 0.586295875 0.6576150528846154 0.5811376201923077 0.6520068413461538 0.5811585408653847 0.6494481634615384 0.5777754302884616 0.6383034759615385 0.5717020961538462 0.6339356875 0.5749361442307692 0.6229192836538461 0.5688537451923077 0.60736578125 0.5634982451923076 0.6142113509615384 0.5595202884615385 0.6030516298076922 0.5506735096153846 0.5961834735576923 0.5463566298076923 0.5756605649038462 0.5376219639423077 0.5644889110576923 0.5301729591346154 0.5586408629807692 0.5287094206730769 0.5567402427884616 0.5327752355769231 0.5471267836538461 0.5322510721153846 0.551722201923077 0.54162359375 0.5557040721153846 0.5457806754807693 0.5615736225961538 0.5486357524038461 0.5705861995192307 0.5509050024038461 0.6694605528846154 0.5899011153846154 0.6644164230769231 0.6034977115384615 0.5689103173076924 0.7503871346153846 0.5496090240384615 0.7648595697115385 0.5214610697115385 0.7610943846153847 0.5207227908653846 0.7638746249999999 0.5232046778846153 0.7659358870192308 0.5309180336538462 0.768343375 0.5370140504807692 0.768632377403846 0.5319693485576923 0.7633817764423078 0.5392887716346154 0.7638436009615385
1 0.6425651923076923 0.05415459615384615 0.59266509375 0.06021897355769231 0.5661147475961539 0.09270746153846154 0.5538284134615384 0.11848426201923078 0.6168870144230769 0.16344343990384613 0.6448862211538462 0.16146116105769232 0.6619462379807692 0.16153267788461537 0.675386454326923 0.16711876201923076 0.6890688990384616 0.16700328125 0.6816658557692308 0.1537892764423077 0.6931756875 0.145171 0.7256432596153846 0.13021163701923077 0.7393591442307692 0.13008992067307693 0.8281211947115386 0.1945466971153846 0.8456010048076923 0.20830243509615384 0.8449528365384615 0.2051867644230769 0.7466289783653846 0.12388017788461539 0.7155757427884615 0.08511460576923077 0.6669671105769232 0.05771237740384615 0.6425651923076923 0.05415459615384615