2 0.6528673052884616 0.605959173076923 0.6860018798076923 0.520031173076923 0.7106596490384616 0.4409581778846154 0.7042288100961538 0.3796722259615385 0.6685554326923077 0.31224762740384615 0.6045874495192307 0.24285230288461537 0.6038480360576923 0.22665569951923076 0.6019349495192308 0.2082652692307692 0.5866208100961539 0.17793927884615385 0.5765752740384615 0.17449859375 0.5649432115384616 0.19301425480769233 0.5137879519230769 0.3750407163461539 0.5154415024038461 0.3954004927884615 0.6332975985576923 0.6273709134615385 0.6528673052884616 0.605959173076923
2 0.5236155913461539 0.2677155769230769 0.41530804086538464 0.2964145264423077 0.4027551201923077 0.3308012331730769 0.4276341322115385 0.5797457932692308 0.45459825000000004 0.6352025576923077 0.49705954326923074 0.6902551033653845 0.5577494326923077 0.7530569783653847 0.5941212211538461 0.6729097403846154 0.5721233365384616 0.6233153509615386 0.5343131418269231 0.4526479735576923 0.5104418076923077 0.36145190865384613 0.5448076514423077 0.26811171875 0.5236155913461539 0.2677155769230769
2 0.5284060192307692 0.8979632908653846 0.5430124375 0.8875892163461538 0.5560947884615385 0.8770240024038463 0.5587108749999999 0.8639273028846154 0.5600888677884616 0.8486046658653846 0.5554977572115385 0.8096643677884615 0.5442395192307692 0.752195778846154 0.5346249014423077 0.7270513341346153 0.49941452403846154 0.6858827668269231 0.4669599519230769 0.6471764927884615 0.4524510048076923 0.6513393028846154 0.4501695817307692 0.6675724615384616 0.45040677644230764 0.6769201899038462 0.44988025961538464 0.7027374326923077 0.46177058653846154 0.8161581514423077 0.46460361538461536 0.8455369735576923 0.47109905769230764 0.8764449567307693 0.49374724519230767 0.9024067091346153 0.49075415625 0.9071504759615384 0.512756358173077 0.9102426826923077 0.5284060192307692 0.8979632908653846
0 0.20374583173076924 0.906538579326923 0.23245061538461537 0.9048550288461539 0.23713068028846152 0.8969361514423076 0.23311320913461536 0.8849360432692308 0.23032491346153844 0.884544173076923 0.2218096682692308 0.8843157620192308 0.2040192764423077 0.8741841370192307 0.20084183173076922 0.8613568173076923 0.1936892139423077 0.8717870697115385 0.19258060096153845 0.8897297740384615 0.20374583173076924 0.906538579326923
1 0.24016811538461538 0.8949422163461538 0.2439277548076923 0.9017877836538462 0.2497409591346154 0.9106972307692308 0.2610881466346154 0.9186091586538462 0.27223073557692307 0.9039441322115385 0.2749417355769231 0.896670735576923 0.2598608004807692 0.8914157091346154 0.24767994951923075 0.8869832644230768 0.2448900625 0.8852539567307692 0.24510411538461538 0.886183201923077 0.24082468990384615 0.8878181442307693 0.24714730048076922 0.8932255913461538 0.2446109110576923 0.8969268798076923 0.24016811538461538 0.8949422163461538
2 0.43421638461538464 0.7815758341346153 0.4257614855769231 0.7728253966346154 0.4168959278846154 0.75534840625 0.41760919230769233 0.7273440865384615 0.4136383533653846 0.7094944543269232 0.40081493509615385 0.70877584375 0.38744486538461537 0.7177097956730769 0.38762409615384613 0.7566525432692307 0.39162519711538457 0.7972160192307692 0.3928462644230769 0.8460345745192307 0.39387120192307695 0.8559080120192307 0.4327517427884615 0.88408190625 0.44360664423076923 0.8758780745192307 0.43130390865384616 0.7908959014423077 0.43421638461538464 0.7815758341346153
2 0.3187321778846154 0.675821375 0.3147299206730769 0.6355113437500001 0.31500469471153847 0.610627048076923 0.3335366658653846 0.5959860889423078 0.33561489182692306 0.5862260024038461 0.3198004951923077 0.5739282115384615 0.2972013798076923 0.5793748413461539 0.29575478365384616 0.6381011995192308 0.30663657932692306 0.6803464158653847 0.3187321778846154 0.675821375
2 1 0.06535663221153845 0.9060384663461538 0.052151199519230765 0.8843534879807693 0.049518572115384615 0.8731743701923077 0.04753245192307692 0.6754561322115384 0.019744963942307694 0.6126621250000001 0.2297849831730769 0.8755722163461539 0.5196986995192308 0.9680972620192307 0.5135431899038462 1 0.45138505048076927 1 0.06535663221153845
2 0.4309386418269231 0.7931270528846154 0.44535259615384615 0.8867520024038461 0.45836321875 0.8922693942307693 0.4839467980769231 0.8934210552884616 0.4770068605769231 0.883822983173077 0.4507480120192308 0.701222451923077 0.45392929086538464 0.6524692764423077 0.46319223317307695 0.6421050552884615 0.43575450240384617 0.5822934206730769 0.4095419423076923 0.6314755697115384 0.42006585336538466 0.7657769062500001 0.43555487019230765 0.7863980865384614 0.4309386418269231 0.7931270528846154
2 0.3488357355769231 0.7386129326923078 0.36600739663461535 0.8406948485576924 0.3925107788461538 0.8559012572115384 0.3864089014423077 0.7362390961538462 0.3488357355769231 0.7386129326923078
2 0.42948379807692305 0.5928245624999999 0.4016352091346154 0.42411052884615386 0.3596543918269231 0.43736956730769233 0.38272990625000003 0.7012311322115384 0.4080104711538462 0.7047840841346154 0.3989222788461539 0.6268475360576923 0.42948379807692305 0.5928245624999999
2 0.2854967860576923 0.7602596610576923 0.2914697043269231 0.7604304903846154 0.2940280745192308 0.8062322884615385 0.3017590865384615 0.818662079326923 0.30589322596153845 0.8212489158653846 0.3072084591346154 0.8261140120192307 0.3152044495192308 0.8225575240384615 0.31866423317307696 0.8263868004807692 0.32578467307692305 0.8253816923076923 0.32991881490384617 0.8279685288461539 0.2968841201923077 0.6402426826923077 0.29366729326923074 0.6417964110576923 0.2785046298076923 0.6430084735576924 0.26915479567307693 0.6704214975961539 0.2770158798076923 0.7069394326923076 0.2854967860576923 0.7602596610576923
2 0.3476282620192308 0.7364143557692308 0.3442783846153846 0.7297185961538462 0.34019434134615384 0.720521891826923 0.33746306490384614 0.7119994711538461 0.33691185817307695 0.6980195841346154 0.33451855769230765 0.6895446634615384 0.33402338221153843 0.6727137788461538 0.33817482451923075 0.6661039326923077 0.3370219110576923 0.6539530793269231 0.33980988461538464 0.6442927403846154 0.3447525168269231 0.6320532908653846 0.34968794951923077 0.6274672259615385 0.3498774326923077 0.6236666562500001 0.34825090865384617 0.6071609326923076 0.3474854735576923 0.5845282115384616 0.3435414110576923 0.5820603076923077 0.3372456850961539 0.5835732668269231 0.3339938004807692 0.5965345 0.3261304134615385 0.6040521009615385 0.3165095552884616 0.6113227043269231 0.31629465865384615 0.6180016322115385 0.31546115865384616 0.6265072211538462 0.31780495192307695 0.6455115144230769 0.31963600000000003 0.6630143076923076 0.3223493846153846 0.6768139038461538 0.32564223798076924 0.6916402139423077 0.33134310576923076 0.7096868774038462 0.31988767307692306 0.7248612692307692 0.3268608605769231 0.744032016826923 0.3333512331730769 0.8124965697115385 0.3369322331730769 0.8278475408653846 0.34679173798076923 0.8316309663461539 0.3541351850961538 0.8302652596153847 0.36143632211538457 0.83177553125 0.3637065408653846 0.8335240240384615 0.3503244230769231 0.7401593677884615 0.3476282620192308 0.7364143557692308