1 1 0.6974185937499999 0.9713952764423077 0.6949183629807693 0.9430771682692308 0.6994035096153847 0.9378784879807692 0.7582196466346154 0.9580312644230768 0.8395865192307692 0.9736891778846153 0.8926801346153846 1 0.9155350384615384 1 0.6974185937499999
1 0.3126754230769231 0.6149896442307692 0.3097328293269231 0.6135069350961538 0.3030610480769231 0.6165124110576923 0.30674130048076925 0.6382619879807692 0.3158509158653846 0.6381183485576922 0.3126754230769231 0.6149896442307692
1 0.3968822548076923 0.6307945625 0.39759796875000003 0.6245884975961539 0.3921379158653846 0.6168742091346153 0.38789877884615387 0.6114529134615384 0.3853951658653846 0.6053087403846154 0.3822574543269231 0.5983466177884615 0.3799295480769231 0.5878962788461538 0.3766541971153846 0.5854806875 0.37516093749999996 0.5877331658653846 0.37738927644230774 0.6029704038461539 0.3784648774038461 0.6129470961538461 0.38980374999999995 0.631019704326923 0.3968822548076923 0.6307945625
2 0.3294417235576923 0.6301642620192307 0.32547975721153843 0.6330765432692308 0.3229346298076923 0.6295373076923076 0.3201153557692308 0.6303198317307692 0.3197564807692308 0.6343190144230769 0.3225519615384615 0.6629062283653847 0.32165228124999995 0.66338471875 0.31499050961538466 0.6680461875 0.31207155528846153 0.6760571923076923 0.31330689903846154 0.6916085024038462 0.31544538701923075 0.7067031706730769 0.32102452884615384 0.7169745600961538 0.33957674759615386 0.7127369951923076 0.3420873076923077 0.7021475120192308 0.34301765865384615 0.6862531875000001 0.34002394711538464 0.6673516298076922 0.33447835096153844 0.6510270216346155 0.3311216153846154 0.6282406177884615 0.3294417235576923 0.6301642620192307
2 0.5185714807692308 0.6090793221153846 0.5097828317307692 0.6111432956730769 0.5128296875 0.6428042475961538 0.5231659591346154 0.6411671442307691 0.5251498725961539 0.636596985576923 0.5214920360576923 0.6119095024038461 0.5185714807692308 0.6090793221153846
2 0.34519773317307695 0.668055360576923 0.34146352644230765 0.7124381586538462 0.34297771875 0.7164766730769231 0.3718145600961539 0.7111253774038461 0.3718546706730769 0.7095734471153846 0.37297369951923076 0.6725711490384616 0.3715160264423077 0.6669781081730769 0.37070298076923075 0.6655613028846153 0.34519773317307695 0.668055360576923
1 0.4759588076923077 0.5682292067307693 0.47466345673076926 0.5709879302884615 0.47611024278846154 0.57768028125 0.4843882043269231 0.5717548485576923 0.4817956225961538 0.5627128124999999 0.47789567307692304 0.5623001177884616 0.4759588076923077 0.5682292067307693
1 0.4320052259615385 0.6713973533653845 0.4327518221153846 0.6645368052884616 0.4272854182692308 0.6445709038461539 0.41590116346153844 0.6249375072115384 0.41273913221153846 0.645642826923077 0.42372632932692306 0.6714766201923077 0.4320052259615385 0.6713973533653845
2 0.4762920096153846 0.6437081201923077 0.4727181826923077 0.6282583942307693 0.47379319230769235 0.6250641730769231 0.4773854783653846 0.6190744903846154 0.4759145961538461 0.6126547548076923 0.47346779567307695 0.6115415120192308 0.4720211923076923 0.6138762019230769 0.4667702524038461 0.6150214615384615 0.4673068197115385 0.6384785312500001 0.4684281634615385 0.6455584206730769 0.4762920096153846 0.6437081201923077
2 0.5467069879807692 0.5920792764423077 0.5496649591346153 0.5930219591346154 0.554496375 0.5924135384615384 0.5547597451923078 0.5867495072115385 0.5530554134615385 0.5737588413461538 0.5475270937500001 0.5743208461538462 0.5479748293269231 0.575661110576923 0.5456675120192307 0.5788265120192307 0.5467069879807692 0.5920792764423077
0 0.4240881802884615 0.5647072788461538 0.41896167067307694 0.5604793100961538 0.4183508004807692 0.5650111971153846 0.4160332668269231 0.5742709278846154 0.41461775 0.5878453269230769 0.4187989855769231 0.5987413173076923 0.4246402091346154 0.6019600961538462 0.4333656610576923 0.5993909375 0.43636846153846154 0.5944578076923077 0.43496679807692307 0.5884750985576923 0.43125667307692306 0.5650502764423077 0.4297481105769231 0.5596668942307692 0.42658827884615386 0.5622281298076923 0.4240881802884615 0.5647072788461538
0 0.5128697788461538 0.5737173149038461 0.5090433894230769 0.5710082043269231 0.5058835408653846 0.5707022860576922 0.5016012403846154 0.5709549423076923 0.5005151947115385 0.5719557427884616 0.5002727163461539 0.5781764567307692 0.5006866442307693 0.5847188004807692 0.5014480504807692 0.5895261322115385 0.5030529927884616 0.5938190697115384 0.5046544783653846 0.5980901514423077 0.5083034591346154 0.5995729783653846 0.5126480576923077 0.5997136490384615 0.5157326634615385 0.5996506923076923 0.5196174447115385 0.5928530937500001 0.5193707860576923 0.5854554663461539 0.5166108221153846 0.5797102932692307 0.5144645841346154 0.5759286850961538 0.5128697788461538 0.5737173149038461
0 0.47982908653846157 0.601372516826923 0.47284952644230765 0.6004171995192308 0.47430121153846155 0.6118127067307693 0.4732863269230769 0.6167669759615385 0.4729824855769231 0.6284405288461539 0.4738551995192308 0.6413837115384615 0.47512431971153846 0.6459986346153846 0.4795962235576923 0.6501286826923077 0.4885858822115384 0.6530503966346154 0.4915244759615385 0.6499418076923077 0.4915803245192307 0.6433922596153846 0.4932286730769231 0.6399952331730769 0.4929334471153846 0.6347332692307692 0.49251359375000003 0.6229503413461538 0.4916616971153846 0.618739733173077 0.4905626682692308 0.614030673076923 0.488459875 0.6082934134615384 0.4861062427884616 0.6040518605769231 0.4838819543269231 0.6020073870192307 0.47982908653846157 0.601372516826923