0 0.2150669519230769 0.42210614903846155 0.21362823798076924 0.41732148798076923 0.1941820985576923 0.3902432716346154 0.14848858173076923 0.3847333125 0.09722846634615386 0.38744123798076924 0.045380319711538455 0.3995204591346154 0.043657995192307696 0.419113076923077 0.0398115625 0.4297805528846154 0.06816978125 0.4650905504807692 0.06649000240384616 0.458783875 0.18444369471153846 0.4420271875 0.2150669519230769 0.42210614903846155
1 0.39194486778846155 0.9805577139423077 0.41371304567307693 0.9983717403846154 0.4533337091346154 0.9991836995192307 0.5281984831730769 0.9828946754807693 0.5495225408653847 0.9679984110576924 0.58550190625 0.9357267788461539 0.6296842644230769 0.9154341538461538 0.6465549206730768 0.9021395192307692 0.6447751586538462 0.8909025384615384 0.6411362163461539 0.8879269639423076 0.6195114423076924 0.9011114927884616 0.5467524182692307 0.920602326923077 0.49154876923076923 0.9311216899038463 0.4460787403846154 0.9533776298076924 0.4090584807692308 0.9689839639423077 0.39194486778846155 0.9805577139423077
1 0.24412153365384615 0.29265578605769227 0.16288828846153847 0.3233146995192308 0.15262731009615385 0.3516125264423077 0.15889252884615385 0.36967447596153846 0.1777907139423077 0.36731201201923075 0.27337723557692306 0.36297775480769234 0.2892983581730769 0.32742649519230765 0.28414834855769233 0.3022002475961539 0.24412153365384615 0.29265578605769227
1 0.33200846634615383 0.5911062524038462 0.33210171875 0.585713798076923 0.3154913894230769 0.5716804350961538 0.2920253365384615 0.5689405552884615 0.25990650961538464 0.5659611514423077 0.2263147548076923 0.5718126923076923 0.20772984375 0.5817605192307692 0.1823267139423077 0.5970704759615384 0.16656083173076922 0.6124806274038461 0.16521709134615387 0.6282953774038462 0.16875607211538463 0.6384902259615385 0.17233704567307692 0.6551183629807693 0.17766252163461538 0.6704245384615385 0.19507900721153845 0.6714171394230769 0.2398117403846154 0.6691787235576924 0.2929484903846154 0.6656092427884615 0.32231467548076925 0.6571903990384615 0.36082665865384617 0.6397876057692307 0.3614286177884616 0.6316257379807693 0.35158938942307694 0.6057645721153846 0.35037640865384617 0.6102555168269231 0.3417322644230769 0.60408921875 0.33200846634615383 0.5911062524038462
2 0.23107392307692307 0.4368159975961538 0.17045419471153847 0.4574381514423077 0.0847570576923077 0.47467935336538464 0.048559858173076925 0.48408054086538466 0.02720283653846154 0.5251235432692307 0.11477272836538462 0.5195195336538462 0.15610501923076925 0.5322597740384615 0.1576376298076923 0.5522165408653846 0.2795293990384615 0.5255579591346154 0.3057096346153846 0.47365957932692304 0.27821932692307694 0.44495081971153844 0.23107392307692307 0.4368159975961538
2 0.29788260336538464 0.4829325889423077 0.29657939903846153 0.4898445024038462 0.29678712259615386 0.4911560216346154 0.32758409615384615 0.4889671033653846 0.36282299038461535 0.4847302331730769 0.38132936057692307 0.4804546899038461 0.3964289663461538 0.4699966225961539 0.4134549495192308 0.4565612019230769 0.41772059134615386 0.4532133485576923 0.41860578125000003 0.4436622019230769 0.41907808653846157 0.4315042043269231 0.40619485336538463 0.4107227475961538 0.3932521971153846 0.40470613701923075 0.3716071105769231 0.40411771874999997 0.3646182043269231 0.4052246514423077 0.3484510961538462 0.4091296899038461 0.3284626778846154 0.4190010528846154 0.30764592548076924 0.42364252163461535 0.28937615865384614 0.42922501201923074 0.27089866826923076 0.4334959783653846 0.28271696634615384 0.44774059855769227 0.2880160985576923 0.4509179639423077 0.30075102884615385 0.45562305288461535 0.3006941730769231 0.4704040889423077 0.29788260336538464 0.4829325889423077
2 0 0.5393508533653846 0.0114803125 0.6118346899038462 0.013930723557692308 0.6110444735576923 0.026912603365384615 0.6206731875 0.04267801923076923 0.6082507139423077 0.09553124038461538 0.6326104254807692 0.12200088221153846 0.6219781057692307 0.09856361778846154 0.6321301442307692 0.12040177163461538 0.6251525889423076 0.1338023389423077 0.6043410384615384 0.35021857932692313 0.5688856298076923 0.35726212500000004 0.5671891177884615 0.3632733197115385 0.5393486201923077 0.1742005432692308 0.5698757307692308 0.17050841826923074 0.5663774495192307 0.15889636057692308 0.5588554663461538 0.1589146923076923 0.5524292163461538 0.15234292788461537 0.5371046634615385 0.11847546153846154 0.5208418245192308 0.07393853125 0.52263428125 0 0.5352374350961538 0 0.5393508533653846
2 0.22516036057692307 0.7805965408653847 0.21430223798076925 0.7656853173076923 0.16508238461538463 0.7758544591346154 0.15899679567307692 0.7910758221153846 0.13883803846153847 0.810899639423077 0.04716217548076924 0.8206727019230768 0.044602459134615385 0.8209596947115384 0.05474045913461538 0.8849685048076924 0.19178940865384617 0.8642899350961539 0.2068680625 0.8523911802884616 0.21219132451923078 0.8325435889423077 0.2315844326923077 0.82115653125 0.21546412740384616 0.8130207596153846 0.22516036057692307 0.7805965408653847
2 0.33482270192307695 0.3683165408653846 0.2630153966346154 0.3837229615384615 0.22371859134615385 0.3926192115384615 0.2104570576923077 0.4148693485576923 0.1812913389423077 0.4423107019230769 0.19805274038461537 0.4423448004807692 0.20992789423076924 0.4418083798076923 0.24285640625000002 0.43793743509615385 0.3422905240384615 0.4154665144230769 0.36275124999999997 0.39343715625000003 0.35007317788461534 0.37395103124999995 0.33482270192307695 0.3683165408653846
2 0.15261401682692308 0.7830786802884616 0.15663666586538463 0.7745093197115385 0.16245621875000002 0.7764695769230769 0.3884537860576923 0.7334716370192308 0.39543234615384615 0.7287480240384615 0.4035539495192308 0.6906809879807692 0.1877464831730769 0.731849201923077 0.17674989423076923 0.7316625288461539 0.1761447283653846 0.7234265384615385 0.1906194855769231 0.72045621875 0.1847951826923077 0.7145238125 0.1852054471153846 0.6928153149038461 0.12192207451923077 0.6992366971153847 0.10869286298076923 0.7186379591346154 0.11862164423076924 0.7255756346153847 0.10207825721153846 0.7283385889423077 0.11824569951923077 0.7353078173076923 0.10377094471153846 0.7382781346153846 0.08668040865384616 0.7664460192307693 0.06660925721153846 0.7759819302884616 0.03531612019230769 0.7623280576923077 0.04438058894230769 0.8195588605769231 0.14054608173076924 0.8087867572115385 0.14456872836538462 0.8002173990384616 0.14784946153846154 0.7980143653846153 0.14859137259615385 0.7916480384615384 0.15515284134615384 0.78724196875 0.15261401682692308 0.7830786802884616
2 0.21541167307692308 0.41325472355769227 0.17878457451923074 0.38106354567307693 0.12538825721153846 0.38243343509615385 0.08120820192307693 0.3920865168269231 0.04400018269230769 0.4059466274038461 0.036835521634615384 0.4106167259615384 0.041262139423076924 0.4284719471153846 0.06640709374999999 0.4677930096153846 0.17631407932692306 0.44509075721153846 0.21541167307692308 0.41325472355769227
2 0.4529325721153846 0.2596497596153846 0.4455405456730769 0.24905270913461536 0.4412098317307693 0.24582154807692308 0.41728298076923076 0.25138715384615384 0.3802236418269231 0.2583356322115385 0.3666174206730769 0.26868995432692305 0.34566917788461543 0.2769871658653846 0.34299256730769234 0.28419959375 0.3518745408653846 0.29205439423076923 0.35126421874999997 0.3003503677884615 0.35697716826923076 0.3001592307692308 0.4533134567307692 0.2781291634615385 0.45372820673076925 0.2687853076923077 0.4529325721153846 0.2596497596153846
2 0.4275882475961538 0.8210259567307693 0.41612147836538466 0.8139540000000001 0.41665052163461536 0.8042102932692308 0.4113976394230769 0.7884278822115385 0.4018033173076923 0.7887856298076923 0.3958070480769231 0.8032625408653846 0.31725906971153844 0.8164834158653846 0.3199371658653846 0.82030828125 0.31707360817307695 0.8369944615384616 0.30905575240384614 0.8517915625 0.43240223798076927 0.8384297764423077 0.43905501923076923 0.8280979158653847 0.43484005769230766 0.8233546201923077 0.42811106971153845 0.8244203870192308 0.4275882475961538 0.8210259567307693
2 0.24279499278846156 0.5586075576923076 0.24707515625 0.5513015961538461 0.2617897860576923 0.5554220336538461 0.27921297596153843 0.53813940625 0.2860773293269231 0.5209191490384616 0.2773956778846154 0.5206842019230769 0.2501554326923077 0.5303763173076923 0.16054801682692307 0.5520875360576923 0.164171625 0.5628167067307692 0.19767875 0.5564308437500001 0.20743143028846156 0.5694092355769231 0.21378037740384614 0.5732336177884615 0.22740049759615386 0.5683875600961539 0.24737213221153848 0.567382076923077 0.2515820240384615 0.5634953245192308 0.24553501682692308 0.561764235576923 0.24279499278846156 0.5586075576923076
2 0.35665398557692307 0.6149376923076922 0.35969804567307695 0.6341571346153846 0.3173711057692307 0.6579401875 0.3510364423076923 0.6534878052884616 0.35187284855769235 0.6686750913461539 0.3526857956730769 0.6738078341346154 0.39185326923076924 0.6794219399038461 0.39512428846153846 0.6754017259615386 0.3997711658653846 0.655395701923077 0.37524993990384614 0.6041250288461538 0.349006264423077 0.6060907115384615 0.35665398557692307 0.6149376923076922
2 0.37488886057692306 0.3642777764423077 0.3764503221153846 0.33918357692307693 0.31480948557692306 0.3520503125 0.2789266682692308 0.3701653341346154 0.37488886057692306 0.3642777764423077
0 0.36061610817307693 0.27023798798076926 0.37295797596153846 0.26049886538461536 0.3793909663461538 0.2521437548076923 0.3714304951923077 0.24057448076923077 0.36122841586538457 0.23279598076923075 0.3516189399038462 0.23156274278846153 0.33887115625 0.23107552403846154 0.3296299471153846 0.23459731490384617 0.32269944471153844 0.23981125 0.3243851923076923 0.25307145192307695 0.3294870360576923 0.26210588942307694 0.3389999903846154 0.27319690625 0.34790597836538456 0.27522207932692305 0.36061610817307693 0.27023798798076926
1 0.4856064182692308 0.13996658413461538 0.42769926442307693 0.12855691826923077 0.42485048557692306 0.12047685576923077 0.4026990528846154 0.11986904567307693 0.39390992548076925 0.133908625 0.42058731971153845 0.13673739903846155 0.44099716105769227 0.13644260576923076 0.4811504519230769 0.14155202403846154 0.4856064182692308 0.13996658413461538
1 0.42624595192307696 0.12274550480769232 0.4611855841346154 0.11568461538461539 0.45318606250000004 0.10760706009615384 0.4520332307692308 0.10500122115384616 0.42266340384615386 0.10797656730769231 0.40791565865384616 0.10906754567307692 0.40073820432692303 0.10935785576923077 0.4023769182692308 0.11970429807692308 0.4151535817307692 0.1201869375 0.4247970673076923 0.12144798798076922 0.42624595192307696 0.12274550480769232
1 0.38297653365384615 0.0790833389423077 0.41508064423076924 0.07355870432692307 0.42807976442307694 0.06525907692307692 0.4310701442307692 0.06656971153846154 0.4470596490384615 0.05958071634615385 0.44107888221153846 0.05695944951923077 0.4670771225961538 0.04036019711538462 0.4692030072115384 0.03378272115384615 0.45919320673076924 0.035816257211538464 0.4552080600961539 0.0306548125 0.4425613701923077 0.036226377403846155 0.4350499759615385 0.033847540865384614 0.439519375 0.057206451923076926 0.4082797620192308 0.07061919471153846 0.3794580096153846 0.06939148076923077 0.38415154326923073 0.05883880528846153 0.37031008653846154 0.046773576923076925 0.32663150721153844 0.06706940144230769 0.33229141826923075 0.07775821875000001 0.3403804951923077 0.08359748557692306 0.31534863221153847 0.12143823076923077 0.3286619471153846 0.12512223557692306 0.34303056009615385 0.1179459735576923 0.38613640384615383 0.0964171875 0.38649505288461533 0.08877519230769232 0.38297653365384615 0.0790833389423077
1 0.3629624615384615 0.5039283822115385 0.3663962403846154 0.5056086274038462 0.37730926923076924 0.514137608173077 0.3882373076923077 0.5128549182692308 0.4022554807692308 0.511082798076923 0.4109801754807692 0.5110287644230769 0.42321397836538466 0.5028503509615384 0.4339115048076923 0.4900189134615385 0.43915075240384616 0.4780519807692307 0.4401335408653846 0.4640703653846154 0.4389409014423077 0.46158701682692305 0.44294714903846155 0.44669498798076923 0.4140329254807692 0.44993012980769226 0.4060208701923077 0.46457693509615383 0.3958493605769231 0.4706361490384615 0.37898913701923076 0.47465096634615384 0.3608726899038462 0.48064071634615385 0.3547095504807692 0.4869613485576923 0.3538398942307692 0.49156389423076924 0.3578539206730769 0.49672076442307694 0.3629624615384615 0.5039283822115385
1 0.4837079110576923 0.3877901057692308 0.43737772836538463 0.3948957163461539 0.4389787908653846 0.39977085096153847 0.4455870144230769 0.3994379158653846 0.4421926658653846 0.4041747668269231 0.4506370697115385 0.4154350264423077 0.4448691274038462 0.41845649759615383 0.4468027019230769 0.42281422836538457 0.4456188365384615 0.4258067620192308 0.4424990336538462 0.4272303653846154 0.44460530048076924 0.43529524519230767 0.46479656490384613 0.43128397355769227 0.46027753125 0.42371742067307694 0.46814836778846153 0.4195495913461539 0.4849878269230769 0.4272727019230769 0.4892173293269231 0.425192 0.48949403365384614 0.41628495673076926 0.4837079110576923 0.3877901057692308
2 0.1573595144230769 0.6687770673076923 0.04055181490384615 0.6127701153846153 0.01189505048076923 0.6144532451923077 0.03429170192307692 0.7558601418269231 0.0738189735576923 0.7704748028846153 0.11541919711538462 0.7359353004807693 0.33907557692307694 0.6974078221153845 0.34680769711538456 0.6589377379807692 0.1307869735576923 0.6931520600961538 0.1573595144230769 0.6687770673076923
1 0.39381705769230774 0.7327549591346153 0.3953457932692308 0.7240894543269231 0.40619115624999996 0.7220978533653846 0.3968745288461539 0.7154239471153846 0.4039718269230769 0.7126649663461537 0.39721078605769233 0.7053041322115384 0.40175250240384613 0.7032320745192308 0.38860856009615385 0.6998697956730768 0.4056630024038462 0.6911934326923077 0.40957350240384616 0.6791547932692308 0.3484798389423077 0.6730465817307691 0.34625195673076925 0.6834660024038463 0.33298363942307696 0.6793184278846154 0.33222711298076923 0.6745419038461539 0.2679111514423077 0.6727615432692308 0.2542363870192308 0.6781971802884615 0.25939006971153844 0.70456809375 0.25706025 0.7266802043269232 0.2759023533653846 0.7231537139423078 0.2798601033653846 0.7236250889423077 0.27163421634615387 0.7329031802884616 0.2561213485576923 0.73906978125 0.2634083341346154 0.7421812668269231 0.2551824495192308 0.751459358173077 0.26357791586538465 0.7555571225961538 0.24963001201923077 0.7593928365384616 0.24951720432692306 0.7708299855769231 0.26411775240384616 0.7712395216346154 0.2957025504807692 0.7624360865384615 0.3055088221153846 0.7815471754807692 0.38378991586538463 0.7705041538461538 0.4016609014423077 0.776110875 0.40020266346153843 0.7730720745192308 0.41059938221153847 0.7714253942307692 0.41769049038461536 0.7610573076923076 0.40841048317307693 0.7315307427884616 0.39381705769230774 0.7327549591346153
1 0.4276413774038461 0.2444518485576923 0.4407654471153846 0.23535233653846152 0.41399506009615383 0.23212334375 0.37947312019230767 0.22331698317307694 0.3664424831730769 0.21767945913461537 0.3430650192307692 0.2229754735576923 0.34180576201923074 0.22792188942307692 0.3460777235576923 0.22928680288461536 0.3579058149038462 0.2301354543269231 0.37439977884615383 0.23726597115384618 0.3771421923076923 0.2443006201923077 0.3779970432692308 0.2523147379807692 0.39393978846153843 0.25091830528846154 0.40394848076923073 0.2477562932692308 0.4115693894230769 0.2474621394230769 0.4276413774038461 0.2444518485576923
1 0.5404313293269231 0.5616306442307692 0.5459645625 0.5575010985576923 0.5498276634615384 0.5551630721153846 0.5509556634615385 0.5523785625 0.5490266634615385 0.5474889807692308 0.5442653197115385 0.5443426225961538 0.5394285841346154 0.5431501442307692 0.522403329326923 0.5478052211538461 0.5307436394230769 0.5516793533653847 0.5330085889423077 0.5586900384615384 0.5328208846153847 0.5647945576923077 0.5354489447115385 0.5643783149038462 0.5404313293269231 0.5616306442307692
1 0.5459258341346154 0.5301540769230769 0.5056555961538461 0.5383248173076923 0.4930235048076923 0.5449231298076923 0.4933538605769231 0.5499995240384615 0.5030675745192308 0.5535731418269231 0.5111467740384615 0.5528080552884616 0.5117650793269231 0.5509175625 0.5227947067307692 0.5484071418269231 0.5222023076923077 0.5446668798076924 0.5466513245192307 0.5405289711538461 0.5459258341346154 0.5301540769230769
1 0.4452145048076923 0.2327887235576923 0.45581944471153846 0.22516705528846154 0.456375125 0.2174606610576923 0.4472431442307692 0.21195255048076925 0.42989286778846153 0.21436860817307693 0.3947397403846154 0.21596944471153845 0.3828283028846154 0.22281876923076924 0.3890658677884616 0.22481843990384617 0.4131550096153846 0.22794096875 0.4452145048076923 0.2327887235576923
1 0.49716943509615386 0.11222603365384616 0.4758830576923077 0.11184636538461537 0.48706731490384614 0.11367667307692307 0.5265991802884615 0.1200961514423077 0.5268324615384615 0.11801767548076923 0.5220125697115384 0.11581006490384614 0.49716943509615386 0.11222603365384616
1 0.24838515384615387 0.38854643269230765 0.24988827163461538 0.3836443822115384 0.24871116586538464 0.37621243269230764 0.24556933413461537 0.3707680432692308 0.2385648653846154 0.364674 0.22979569951923076 0.36183046394230767 0.21788196153846154 0.36287092548076927 0.20898063942307693 0.3638658149038462 0.19772221875 0.36437094230769235 0.1807697908653846 0.3670559447115384 0.16038232932692306 0.37197797355769235 0.1516442860576923 0.3835363870192308 0.16790858413461537 0.3860393004807693 0.17726895432692308 0.3879427115384615 0.18296415625 0.39044322836538464 0.19016352403846154 0.39776783413461536 0.2043699254807692 0.411202670673077 0.2062351610576923 0.4134467091346154 0.21159954326923075 0.4138585048076923 0.21307241346153846 0.41362522596153845 0.22521386538461538 0.4091627451923077 0.2299923485576923 0.40120246875 0.23925474278846154 0.39762753125 0.24416007932692307 0.3951410288461539 0.24838515384615387 0.38854643269230765
2 0.3245192307692308 0.5444711538461539 0.6418269230769231 0.7211538461538461