0 0.32545809615384613 0.4097947115384616 0.3184663966346154 0.41255082451923075 0.3129343581730769 0.4167244927884616 0.30568791346153845 0.41787221634615385 0.2974913052884615 0.42081917067307695 0.2791289423076923 0.4220787427884615 0.26679113701923074 0.4223841225961538 0.25343076923076924 0.41623327884615385 0.2503255216346154 0.42002257932692305 0.23864199759615384 0.440055641826923 0.22688607932692306 0.4518332524038462 0.20611120673076921 0.48487063942307695 0.2038461778846154 0.5017632163461538 0.2027279495192308 0.541602951923077 0.2138027283653846 0.5646264086538462 0.23205514423076926 0.5782693437499999 0.24159787019230772 0.5916197980769231 0.2600326298076923 0.5986156730769231 0.2733206033653846 0.5965110673076923 0.2766251682692308 0.5860720192307692 0.2823395576923077 0.5752512908653846 0.30267465384615383 0.5786487067307692 0.31742228125000005 0.5779616538461538 0.3377743485576923 0.5813563798076923 0.3572861971153846 0.571647829326923 0.36776480528846156 0.5518056057692308 0.37143765625 0.52809509375 0.3775203269230769 0.5040029014423077 0.3904087596153846 0.48377900240384614 0.3890590528846154 0.4674589399038461 0.38537550721153846 0.4597986610576923 0.37710650240384613 0.4544901634615384 0.3685103533653846 0.4393178269230769 0.3520858798076923 0.4138209807692308 0.3467567427884616 0.4113675528846154 0.33365111778846157 0.40682510096153846 0.32545809615384613 0.4097947115384616
0 0.5715457500000001 0.4005652235576923 0.6562882620192307 0.3657793846153846 0.7858412956730769 0.31999501442307693 0.8505422235576923 0.26894690865384613 0.865759860576923 0.21795692307692308 0.8409918365384615 0.18107930769230768 0.8123567836538462 0.15647144951923078 0.7821468677884614 0.14959894711538463 0.7378273581730769 0.1546910673076923 0.7053413749999999 0.17924966346153845 0.6343730841346154 0.22741240384615385 0.5599509615384616 0.27222093509615386 0.5358187812499999 0.2760430985576923 0.5715457500000001 0.4005652235576923
2 0.8507831418269232 0.634464391826923 0.9331583846153847 0.6214174350961539 0.9535888942307692 0.6081730192307693 0.9648336177884616 0.4185286610576923 0.9656687283653846 0.3883243221153846 0.9087542932692307 0.4198869302884616 0.8280097139423077 0.40764264663461536 0.8181716802884615 0.41670143990384617 0.8507831418269232 0.634464391826923
2 0.9114041490384616 0.2115635576923077 0.8616018798076923 0.21696674278846156 0.8542705865384614 0.21812790625 0.8564272067307692 0.2553590048076923 0.8254042235576923 0.27278904567307694 0.8050953509615385 0.2985539038461539 0.8213487475961538 0.4011738173076923 0.8992196490384615 0.41888912740384615 0.9612486442307693 0.3840317307692308 0.96230646875 0.3788483076923077 0.9357060528846154 0.2227621610576923 0.9114041490384616 0.2115635576923077
2 0.8074919855769231 0.5401674110576923 0.8003447956730769 0.4950418365384615 0.7964769254807693 0.4828128581730769 0.7645552475961538 0.4878687572115385 0.6919796394230769 0.5096275817307693 0.71391628125 0.660321875 0.7363127764423076 0.6619066081730769 0.7290761514423078 0.6589425432692307 0.8033950480769231 0.6420395937500001 0.8137860841346154 0.6044002163461538 0.8113198076923077 0.5703763100961539 0.8074919855769231 0.5401674110576923
2 0.6527206850961539 0.3797201201923077 0.6222580192307692 0.3975026274038462 0.6183455673076923 0.3990511658653846 0.6295842283653846 0.4786863365384615 0.6577632596153846 0.5121674375 0.694267 0.5063858125 0.826341576923077 0.4780595408653846 0.810149875 0.37143572836538463 0.7951785600961538 0.3469859158653846 0.762891735576923 0.34007081490384616 0.6527206850961539 0.3797201201923077
2 0.6934741850961538 0.5152195120192308 0.6898000624999999 0.5042138197115384 0.6651275480769231 0.5068211490384615 0.6135433124999999 0.4673636298076923 0.6170663485576923 0.45907281490384616 0.5742766225961539 0.4812924567307692 0.6172903389423077 0.6676376658653846 0.7080230528846154 0.6558446201923077 0.6934741850961538 0.5152195120192308
2 0.4683699759615385 0.4948153870192308 0.5043269759615385 0.7115143605769231 0.515284985576923 0.7185333533653846 0.5298294831730769 0.7118408341346154 0.5782674663461539 0.696505858173077 0.5796201225961538 0.7050461923076923 0.5918075192307692 0.7042305384615385 0.5906125504807692 0.6759268028846154 0.5908368269230769 0.6255002427884615 0.5650694711538462 0.47840827403846153 0.5526569423076924 0.45188122836538464 0.5410699495192308 0.4460532716346154 0.5330598293269231 0.44732195192307694 0.49104098076923075 0.4462907091346154 0.4738155 0.4567053317307692 0.4683699759615385 0.4948153870192308
2 0.3838045576923077 0.508093125 0.37534672596153845 0.5241088125 0.36270718028846155 0.55337296875 0.39809988701923077 0.7322403221153846 0.4619679903846154 0.7189896802884616 0.4732956225961538 0.7161505817307692 0.47542160576923076 0.7147456634615386 0.47574132932692303 0.6968839975961539 0.4817062524038462 0.6948942716346154 0.4992006875 0.6764023509615384 0.47983862019230766 0.5641501514423077 0.47465762499999997 0.5314386394230769 0.4706068341346154 0.5058629471153846 0.46720904807692304 0.4844101730769231 0.46976901442307695 0.4609223701923077 0.48097560576923076 0.44238136778846154 0.42795076201923077 0.4497347043269231 0.3902503581730769 0.45466088701923074 0.39568042548076926 0.4789499230769231 0.3911757956730769 0.49015958413461536 0.3838045576923077 0.508093125
2 0.33086472115384613 0.7273075793269231 0.3609988365384615 0.7275506850961538 0.3891954639423077 0.7155609567307692 0.3659240432692308 0.5686309879807692 0.36001751442307695 0.5670353269230769 0.30026200240384615 0.5815387740384615 0.29765059615384615 0.5769132764423077 0.29030233173076925 0.5780771274038462 0.33086472115384613 0.7273075793269231
2 0.22376062740384617 0.5735686514423077 0.2025697139423077 0.4990859014423077 0.15708929567307692 0.508820454326923 0.12991893509615385 0.5984634807692307 0.15685959134615385 0.7448355192307693 0.17241881490384614 0.7599267692307692 0.2487985528846154 0.7553764495192308 0.27533334134615384 0.7210320168269231 0.2617984879807692 0.6830254495192307 0.2529451730769231 0.5915409663461538 0.22376062740384617 0.5735686514423077
2 0.5387402019230769 0.09777200721153846 0.5377834543269231 0.11545590865384615 0.5612898028846154 0.12174140865384617 0.5731868173076923 0.18499391346153848 0.581457889423077 0.1661515360576923 0.6333156971153847 0.18547897836538463 0.6409538197115385 0.22184189182692307 0.6930606682692309 0.18354012740384615 0.6821204038461539 0.1026037235576923 0.5387402019230769 0.09777200721153846
2 0.7560594206730769 0.14678750961538461 0.7738753629807692 0.15822385096153846 0.7834298052884615 0.1567105769230769 0.7975477475961538 0.16160356971153847 0.8135796754807691 0.1673777235576923 0.8346880144230769 0.1770850721153846 0.8518744567307692 0.1957501706730769 0.8602553653846154 0.2205471514423077 0.9095416514423077 0.21155666826923078 0.9250210360576923 0.21384219471153848 0.8982723509615386 0.11239691586538461 0.8902298774038461 0.10654166586538462 0.8120287836538461 0.10706122596153846 0.7657219399038462 0.11794842548076923 0.6970357091346154 0.15613594711538464 0.6997876658653847 0.17351110817307694 0.7466385384615385 0.14354240865384615 0.7560594206730769 0.14678750961538461
2 0.08643709375 0.41751018028846154 0.10019245913461537 0.4758007908653846 0.12312277403846153 0.501405079326923 0.1560200048076923 0.4992134879807692 0.1850952451923077 0.5016678125 0.21587117548076923 0.47663696875 0.2325656418269231 0.44375819951923073 0.23737764663461539 0.38352533653846155 0.2468370168269231 0.3336331442307693 0.21419853846153847 0.2752912860576923 0.21310780288461537 0.2684046514423077 0.19881961778846155 0.2545286105769231 0.1991245985576923 0.23734271153846154 0.128180875 0.22338357211538462 0.11311354567307694 0.23786849519230768 0.09848117067307692 0.3409913389423077 0.08643709375 0.41751018028846154
2 0.4866944326923077 0.12020369230769232 0.3741086033653846 0.1799738846153846 0.3926524158653846 0.2512533125 0.4748917235576923 0.28984967548076923 0.4786861442307692 0.29085099278846155 0.5480398365384616 0.25566946153846154 0.5759716634615384 0.18028004807692308 0.5599214735576923 0.12474473317307691 0.4866944326923077 0.12020369230769232
0 0.3263529807692308 0.26068591346153847 0.30988240384615384 0.20568161778846153 0.25022250240384614 0.1287461778846154 0.20706623076923075 0.1286614014423077 0.17907098076923075 0.14807339182692308 0.19124670432692306 0.19221675721153847 0.20461277884615384 0.23849375240384615 0.21775817548076923 0.27788564182692305 0.23505402884615384 0.31086118990384615 0.2502697139423077 0.33608505528846155 0.26474903125 0.3130548004807692 0.25858489423076925 0.30137528846153844 0.2718218942307692 0.29235869471153847 0.2948181586538462 0.2794974375 0.3263529807692308 0.26068591346153847
1 0.3113676201923077 0.12191800961538461 0.3105172764423077 0.1165491514423077 0.3012570264423077 0.10487236298076923 0.2890696274038462 0.10568801682692307 0.27468038221153845 0.11347058653846154 0.26853240865384614 0.12649638221153847 0.2625888221153846 0.1460847596153846 0.2600740360576923 0.17172502403846154 0.26351378365384615 0.19860502403846156 0.2817158004807692 0.22532974759615382 0.29466506009615384 0.2188898870192308 0.30116727403846155 0.20799082451923076 0.31031227644230774 0.20872523798076925 0.32191982932692303 0.21457315625 0.34667678125 0.23589400240384617 0.36155854567307694 0.23133090384615385 0.34819381009615386 0.18846728125 0.33466044230769226 0.14453894951923077 0.33398231971153847 0.14025745432692308 0.3206108990384615 0.13359748798076923 0.3113676201923077 0.12191800961538461
2 0.5625 0.3737980769230769 0.8509615384615384 0.7475961538461539