2 0.8148518990384616 0.6138025192307692 0.8095251225961538 0.6017822980769231 0.8174536129807692 0.5953886057692308 0.7608780552884615 0.5752846033653847 0.7319059783653846 0.5883713100961538 0.7060105576923077 0.6125231129807692 0.6726041538461539 0.6667112139423076 0.6405051201923077 0.7116770192307692 0.6369950504807692 0.7199462211538462 0.6381872524038462 0.7477923509615384 0.8800661610576923 0.8842725673076923 0.9475659711538462 0.7252529783653846 0.93638403125 0.72008809375 0.9039900841346153 0.7043822307692308 0.8758095216346155 0.6787502572115385 0.8461324543269231 0.6075620504807693 0.8236682908653846 0.6175448557692308 0.8148518990384616 0.6138025192307692
2 0.5211324879807692 0.15204650721153848 0.517239625 0.1571415889423077 0.4968497620192308 0.14485333413461537 0.4786549495192308 0.1534798173076923 0.47149626442307696 0.1605623942307692 0.4628090096153846 0.18102828365384616 0.45996587259615385 0.20239963701923078 0.46347750240384616 0.23814679807692307 0.45913857451923074 0.30950761538461535 0.48201857692307687 0.3363659879807692 0.5248781586538461 0.3576730336538461 0.5886674591346154 0.39331412740384614 0.6176940432692307 0.40563518028846157 0.6722230336538462 0.39217101923076925 0.7025774423076924 0.36223499759615385 0.717145201923077 0.32791550721153845 0.7132349855769231 0.28577068990384613 0.695573954326923 0.25645628846153845 0.6757928509615384 0.24549504326923077 0.6888791923076922 0.24037903846153846 0.6790689278846155 0.23490101201923078 0.6874349711538461 0.23057539423076923 0.6816580937500001 0.19136081971153845 0.5516021706730769 0.1112414951923077 0.5396666899038461 0.11123581009615384 0.5277312091346154 0.11123012740384615 0.5085283533653846 0.12956808653846152 0.5211324879807692 0.15204650721153848
2 0.5152594158653846 0.4335100336538461 0.5190878317307692 0.4707858245192308 0.5335388028846154 0.5101082067307693 0.6157892572115385 0.5634533677884616 0.6153464278846154 0.5644966081730769 0.6986046586538461 0.5150290961538462 0.8028822067307692 0.5396291658653847 0.7722984182692307 0.4688708533653846 0.6506564230769231 0.3963425552884615 0.6250994663461539 0.4063886033653846 0.58621325 0.3898823846153846 0.5152594158653846 0.4335100336538461
2 1 0.21247924278846153 0.998518375 0.21153870913461537 0.7508035649038463 0.2786505528846154 0.7425697283653846 0.3103897860576923 0.7640481610576924 0.4565149879807692 0.8108935168269231 0.4998831514423077 0.8608444519230769 0.5113088221153845 0.9954668653846154 0.46470523076923076 1 0.46479971394230774 1 0.21247924278846153
2 1 0.4793676418269231 0.9518396466346153 0.4883735697115385 0.8690893725961538 0.5177055456730769 0.8430093677884615 0.5300644110576923 0.8420822307692308 0.6058428341346154 0.8701745961538462 0.668536576923077 0.8747710913461538 0.6822203653846154 0.9060692235576924 0.7189348052884615 0.9451302259615384 0.730991235576923 1 0.6017261490384616 1 0.4793676418269231
2 0.22585842548076923 0.04544981971153846 0.20286901923076922 0.06889781009615384 0.28892599519230766 0.10542682932692307 0.27869358173076925 0.14795987740384617 0.3007447860576923 0.15732006009615385 0.33395070192307696 0.13431592788461538 0.37287302163461533 0.14692657451923077 0.39142355048076927 0.12159439182692308 0.40346616105769234 0.09936610817307692 0.3304594158653846 0.05666199759615384 0.30206442307692305 0.062189971153846155 0.2959461298076923 0.08888842548076922 0.22585842548076923 0.04544981971153846
2 0.023619774038461536 0.6160197596153847 0.025140377403846153 0.6194897524038462 0.03847746875000001 0.6251510120192307 0.059845711538461535 0.6083659158653846 0.08791106009615385 0.6146479807692308 0.15318866826923078 0.6288677091346154 0.15852405288461538 0.6019093509615385 0.1517390360576923 0.58610159375 0.04589784855769231 0.5546636490384615 0.03828834375 0.5514336057692307 0.016450415865384614 0.5781405889423077 0.016365076923076923 0.6101338894230769 0.023619774038461536 0.6160197596153847
2 0.7059635793269231 0.18056628605769232 0.7339586153846154 0.19918490865384617 0.8024477788461539 0.2619158966346154 0.8831385745192308 0.24096189423076925 0.7809789879807691 0.15182573798076923 0.7054237235576923 0.08879316105769232 0.6835689831730769 0.10644000721153847 0.6772716995192307 0.12127547596153845 0.6935055408653846 0.15912760336538462 0.7059635793269231 0.18056628605769232
0 0.24789349278846154 0.3161814591346154 0.25587496875000004 0.3334929110576923 0.27853774759615385 0.3490333557692308 0.29168597596153845 0.34103494230769227 0.3071820408653846 0.30998835096153843 0.30255210096153845 0.3055968533653846 0.2866665576923077 0.29814770432692306 0.2717842379807692 0.2960130240384615 0.26423355528846154 0.2962843028846154 0.24814325240384616 0.29921351201923074 0.24789349278846154 0.3161814591346154
0 0.4101996201923077 0.16449084615384615 0.4132199206730769 0.20202111298076925 0.4166050024038462 0.20041618509615383 0.4393755408653846 0.2070580048076923 0.4378178269230769 0.19372258653846153 0.4492636418269231 0.20044596875 0.45260669951923077 0.20762272115384617 0.46070945913461536 0.20716934615384613 0.4721552764423077 0.21389272596153847 0.47437533653846153 0.18807440865384617 0.4798731875 0.16715999759615385 0.4829599639423077 0.15988800961538463 0.4867611971153846 0.16048760096153847 0.48655623798076925 0.14828768028846154 0.4915554206730769 0.14282329086538462 0.48458153125 0.1322947403846154 0.4796848052884615 0.1321716514423077 0.4764260216346154 0.1377571826923077 0.46827051201923076 0.14321962259615384 0.46127525480769227 0.1215689375 0.44403918028846157 0.13004109375 0.436972170673077 0.14378938461538462 0.41344570192307695 0.15098559134615386 0.4101996201923077 0.16449084615384615
2 0.8182590817307692 0.16944269471153847 0.8469159278846153 0.16580026201923076 0.8549152235576922 0.13984592548076924 0.8909421610576923 0.12276491346153845 0.7467236514423077 0.06154778846153846 0.8182590817307692 0.16944269471153847
2 1 0.16905721875000002 0.8975568173076923 0.12557266826923077 0.8582532283653846 0.1459160673076923 0.8308458245192308 0.17476734615384615 0.8192547403846154 0.17068009615384616 0.8831424086538462 0.2403841298076923 0.9990801057692308 0.21112533173076922 1 0.20986504567307693 1 0.16905721875000002
2 0.39107422115384616 0.48362055528846154 0.4007323317307692 0.47701953124999996 0.4070967451923077 0.4754480456730769 0.4175202548076923 0.4777360552884616 0.4236264326923077 0.47006186778846154 0.4534488389423077 0.47374014663461533 0.45625971634615387 0.46979118990384616 0.4803175144230769 0.47487911778846154 0.48724463221153846 0.47738495913461537 0.47781455769230774 0.45927755528846154 0.48043245673076923 0.4531101730769231 0.4751618221153846 0.4440288509615385 0.47214055048076925 0.43505134375 0.47070746394230767 0.4263134350961538 0.46699112259615383 0.4243195072115385 0.46056609375 0.4126116634615385 0.46118475240384615 0.41115419951923077 0.39245685096153843 0.38498653125 0.3589100144230769 0.40623451442307695 0.3693298509615385 0.47439061778846153 0.39107422115384616 0.48362055528846154
2 0.3939722067307692 0 0.4916490865384615 0.08271489903846155 0.4217385 0.04175957211538461 0.40528127884615384 0.06636887740384614 0.4202332379807692 0.10206544230769231 0.4602282620192308 0.12130557451923077 0.4916439567307692 0.13237749519230768 0.49349296875 0.09253247596153846 0.5115986947115384 0.06409641826923076 0.5863534278846154 0.0935827764423077 0.5940038461538462 0.09683018509615385 0.6122105168269231 0.07520862259615385 0.5157579735576923 0 0.5007617331730769 0 0.5346764783653846 0.030999228365384615 0.5963384591346154 0.08427787740384615 0.5930953894230769 0.09191806730769231 0.45826043028846153 0 0.3939722067307692 0
0 0.5144628629807693 0 0.5169179038461539 0.005952651442307693 0.5428433533653846 0.03234745913461538 0.5722040144230769 0.052867490384615384 0.6029071009615385 0.07028183413461539 0.6329207836538462 0.0801068173076923 0.6811974471153845 0.05151366105769231 0.70316984375 0.05497404567307692 0.7137687067307692 0.04755924278846154 0.6017261514423077 0 0.5144628629807693 0
2 0.07794851682692308 0.6655881346153846 0.1088990673076923 0.6493760264423076 0.14227865865384615 0.6274414471153846 0.05940323076923077 0.61708625 0.025895723557692304 0.6322129927884615 0.030741252403846155 0.6703912788461538 0.05777656730769231 0.6705689423076924 0.07794851682692308 0.6655881346153846
1 0.47358336538461543 0.8618429567307693 0.5217718557692308 0.931564201923077 0.6306875264423077 0.9803853197115384 0.7531188485576923 0.9403215 0.81053959375 0.8946792355769231 0.8278426057692307 0.8579539086538461 0.8249174447115385 0.8567122524038461 0.7158768557692308 0.8000525264423076 0.6261974783653846 0.7425400384615385 0.5136098485576923 0.8204956394230769 0.47358336538461543 0.8618429567307693
2 0.4987980769230769 0.4987980769230769 0.9975961538461539 0.9975961538461539