2 0.8625075456730769 1 0.8732377235576922 0.9691343774038461 0.8248848677884616 0.8762088461538462 0.7781650168269232 0.8970171802884616 0.757623204326923 1 0.8625075456730769 1
0 0.4156069927884615 0.5192183317307693 0.41538231009615384 0.5388004783653846 0.4166262091346154 0.5539586081730768 0.4194100769230769 0.56355528125 0.42340049278846154 0.5639901706730769 0.42568230528846157 0.5557736586538462 0.4309060168269231 0.53993365625 0.4315453701923077 0.5343196394230769 0.43080264182692307 0.5111572451923077 0.42832262499999996 0.49920687259615387 0.42796305528846157 0.4968088966346154 0.4155738317307692 0.5011259855769231 0.41177387259615383 0.5015843653846154 0.41484096875000004 0.5094176971153846 0.4156069927884615 0.5192183317307693
1 0.9200591225961539 0.7581715528846154 0.9373795264423077 0.7128412403846155 0.9310365625 0.6047692283653846 0.9220738557692307 0.59347909375 0.9166652067307692 0.5982932668269231 0.9228284350961539 0.6144886899038462 0.9277623413461539 0.6985306418269231 0.9176923461538462 0.6971868245192308 0.9200591225961539 0.7581715528846154
2 0.09279038221153847 0.6586700576923078 0.08905587259615386 0.6495468245192307 0.0888651610576923 0.6454870649038462 0.08754939182692308 0.6346539543269232 0.0874345 0.618901951923077 0.09269607932692307 0.6033376995192308 0.09873409375 0.5945557331730769 0.07863163701923076 0.5812722331730769 0.06753045913461539 0.5804412668269231 0.054975841346153846 0.5822404975961539 0.03692142548076923 0.5973580144230769 0.031056084134615383 0.600741875 0.019788153846153844 0.6241814735576923 0.019442841346153848 0.6340699615384615 0.053243043269230766 0.6608777163461539 0.07734615865384614 0.6761163725961539 0.08994828125 0.6725033461538461 0.09709480288461539 0.6705152596153846 0.09524300961538461 0.6655108750000001 0.09279038221153847 0.6586700576923078
0 0.30429419711538463 0.6052171850961539 0.30427040384615384 0.5922970913461538 0.3107232908653846 0.5720880408653847 0.30407164903846157 0.5571843750000001 0.2928136610576923 0.5504160456730769 0.2890538798076923 0.5483637499999999 0.29185650240384614 0.5778255 0.2922265745192308 0.5944308100961538 0.28477235336538465 0.6433143629807693 0.2747826225961539 0.6691417956730769 0.28599740625 0.6907488822115385 0.2872728677884615 0.6678258461538462 0.31020402644230766 0.6418170384615384 0.31276312980769233 0.6233930144230769 0.30429419711538463 0.6052171850961539
2 0.4560394086538461 0.7083817668269231 0.4394259014423077 0.6917580817307692 0.43168388221153847 0.7166929519230769 0.4483618317307692 0.7310179086538462 0.4560394086538461 0.7083817668269231
0 0.5924165288461538 0.49085685096153847 0.5917730240384615 0.5092844375 0.5958844399038461 0.5094280120192308 0.5968747139423077 0.49149806249999994 0.6011422235576923 0.48717178605769235 0.5970654110576923 0.48603725721153845 0.5924165288461538 0.49085685096153847
0 0.36114570192307693 0.4896836370192308 0.36043643990384616 0.4564952067307692 0.3491840745192307 0.45681999999999995 0.34740811298076923 0.46959280528846153 0.3470547836538461 0.4874183389423077 0.36114570192307693 0.4896836370192308
0 0.910766076923077 0.521036108173077 0.9073754711538461 0.52019996875 0.9037508629807692 0.522437704326923 0.9017175961538462 0.5221767115384616 0.89971525 0.5210301826923077 0.8956328966346153 0.5205076466346154 0.8949045552884616 0.5259496778846153 0.8969792716346153 0.529104173076923 0.89977496875 0.5270274807692308 0.9020330216346154 0.5249320144230769 0.9053954302884615 0.5224951346153847 0.9085330625 0.5224147115384615 0.9106895048076923 0.5232288629807692 0.9108508341346154 0.526316545673077 0.9131280264423077 0.523672889423077 0.9130173677884615 0.5227612980769231 0.910766076923077 0.521036108173077
0 0.9295076225961538 0.62044271875 0.9220359543269231 0.5941110673076924 0.925778891826923 0.6737205697115385 0.9241728461538461 0.6662126875 0.9085136947115384 0.6880001394230769 0.9185315072115384 0.7479643413461539 0.9291291658653846 0.7110754375 0.9295076225961538 0.62044271875
1 0.5691422115384616 0.5579757716346154 0.5716258485576924 0.5516873100961539 0.56823940625 0.5475581730769231 0.5672982019230769 0.5314395552884615 0.5677193509615385 0.5193793966346154 0.5664158990384616 0.5136342043269231 0.5632636754807693 0.5105054086538462 0.5601609038461539 0.5127613677884615 0.5631466081730769 0.513857795673077 0.564667733173077 0.5206238653846154 0.5656246682692307 0.5290379134615384 0.5653794879807692 0.536058951923077 0.5632423725961538 0.5396785552884615 0.5616002283653846 0.54363209375 0.55634534375 0.5571911370192308 0.5519940673076923 0.5593823870192307 0.5518573894230769 0.5560422475961538 0.5506662475961538 0.5760972812499999 0.5602015745192308 0.576430264423077 0.5659309375 0.5705929038461538 0.5673712211538462 0.5656190432692307 0.5691422115384616 0.5579757716346154
1 0.7961225552884615 0.6874529374999999 0.7893960072115385 0.6892023725961539 0.7891903197115385 0.7023466634615385 0.7950662644230769 0.7104469591346153 0.8011062860576923 0.7070480889423076 0.8077328485576923 0.6941069110576923 0.8226966250000001 0.6614024663461537 0.8250481490384616 0.657537028846154 0.81043084375 0.6590109134615385 0.8042110576923077 0.6607569375 0.8013650240384614 0.6715291514423077 0.7961225552884615 0.6874529374999999