0 0.8359164302884616 0.6386860721153845 0.7694080360576923 0.611378548076923 0.764903908653846 0.6274230000000001 0.7675773269230769 0.6413171875000001 0.7756471201923076 0.6541784254807692 0.7820808317307691 0.649562423076923 0.81635584375 0.6444956850961538 0.8550669951923078 0.6504924903846153 0.8594783870192307 0.6459533173076923 0.8548259927884616 0.6441674302884616 0.8359164302884616 0.6386860721153845
1 0.5646671201923077 0 0.5562912860576923 0.014425786057692309 0.5565133629807693 0.094918 0.5413118028846153 0.14434616586538462 0.5789692908653846 0.1814093173076923 0.6258981201923077 0.13285621153846153 0.6243282644230769 0.1222056923076923 0.6617743437500001 0.026526855769230768 0.5926695240384615 0 0.5646671201923077 0
1 0.8114595625000001 0.5409521947115384 0.827240235576923 0.5310374471153846 0.8458593173076923 0.5137284086538462 0.8708653197115385 0.5318348605769231 0.87646409375 0.5297184086538461 0.8730137884615385 0.5241520360576923 0.8521949399038462 0.5076528846153846 0.8476979206730769 0.5027274230769231 0.8449456730769231 0.49529619951923076 0.84470640625 0.48136478125 0.8409464375 0.4703475120192308 0.8357279254807692 0.4673016057692308 0.8336969711538462 0.46012356490384615 0.8128310048076923 0.45000475721153843 0.7959803341346153 0.46266059374999996 0.7924204399038461 0.47193443509615385 0.7825639110576923 0.48305684615384614 0.7663482740384615 0.5044876923076923 0.7634470528846153 0.520389110576923 0.7756207163461538 0.5261285480769231 0.8020226370192307 0.5426380288461539 0.8223828918269231 0.5728007163461538 0.8269974278846154 0.5628653100961538 0.8114595625000001 0.5409521947115384
1 0.839186451923077 0.7750193365384616 0.8203811899038461 0.7522548509615384 0.7878230360576922 0.7175283173076923 0.7704919278846153 0.6931021057692307 0.7776294086538461 0.6658403870192308 0.7672068341346154 0.6451562163461539 0.7617475793269232 0.6441744038461539 0.7395964903846154 0.6301260913461538 0.726126639423077 0.6282732067307693 0.7053428125000001 0.6280916514423077 0.688986329326923 0.67070175 0.6950271802884616 0.6919078389423077 0.7109831009615385 0.7024879495192308 0.7241037475961538 0.7052968894230769 0.7398258341346153 0.6991039182692307 0.7602206201923077 0.7024775384615385 0.7691612451923077 0.7048194182692308 0.7795039375 0.7247382908653847 0.83410846875 0.7803216370192309 0.8398342043269231 0.7841783942307692 0.8428153197115384 0.7764123269230769 0.839186451923077 0.7750193365384616
1 0.6982671875 0.31844039903846155 0.6961809254807693 0.3019041514423077 0.6925395841346155 0.29377616826923075 0.6808840024038462 0.2757942067307692 0.6633119519230769 0.2555648269230769 0.6562008389423077 0.22134061778846154 0.6541242956730768 0.20032920192307693 0.6275451249999999 0.20361051682692308 0.58023115625 0.21691919471153845 0.5640408245192308 0.21070431009615384 0.5161390769230769 0.20357305048076924 0.4434308605769231 0.25661500240384616 0.4395981153846154 0.37654808173076926 0.5115700192307693 0.4221622139423077 0.68321890625 0.35764251201923075 0.6921168365384616 0.3520766033653846 0.6928700432692309 0.3501144326923077 0.6982671875 0.31844039903846155
2 0.3112728413461538 0.1467817355769231 0.22925186298076922 0.20049077403846155 0.1687834375 0.2113566971153846 0.12752901442307693 0.3454809086538461 0.24097885576923075 0.42993279567307696 0.4162742572115385 0.4665573125 0.49024209375 0.44722333894230765 0.498361 0.4060485240384616 0.43933547115384614 0.3731532548076923 0.4468882451923077 0.2601697716346154 0.28853625721153847 0.19938413701923074 0.4547562163461538 0.2529762091346154 0.3133631466346154 0.16803541346153847 0.3112728413461538 0.1467817355769231
2 0.6066273653846154 0.5669507043269231 0.6002845985576923 0.5645159447115384 0.5876783149038461 0.6194666418269231 0.6156102427884615 0.6414926009615385 0.6346540456730769 0.6488028317307692 0.6384441610576924 0.6357309086538462 0.63333034375 0.61113640625 0.6615395360576923 0.597721951923077 0.6677632884615385 0.6162729927884616 0.6553950288461539 0.638991125 0.6568298100961538 0.660561920673077 0.6955125865384615 0.6640832524038461 0.7068899254807692 0.6312923004807692 0.7312700552884616 0.6309585144230769 0.7378109567307691 0.6076149254807692 0.7331172668269231 0.5977322043269231 0.71568265625 0.5894282259615384 0.6066273653846154 0.5669507043269231
2 0 0.8436404783653846 0.07418075961538462 0.8721158052884616 0.17804704086538464 0.8386176442307692 0.2369051033653846 0.5919793149038461 0.16682192307692306 0.5412131201923077 0.1091890360576923 0.47136236057692305 0.020079716346153846 0.42353020673076924 0 0.4342512067307692 0 0.8436404783653846
1 0.902701576923077 0.4610893125 0.8964679615384615 0.4522980216346154 0.8932325336538463 0.45975318509615387 0.8742944543269231 0.4570809278846154 0.8858806923076923 0.4423331730769231 0.8672076322115385 0.43220301923076926 0.8592312572115385 0.4414403846153846 0.8549419423076923 0.4526144350961539 0.8484404399038462 0.4579864423076923 0.8391975168269231 0.46183216346153844 0.8404846802884616 0.4623262596153846 0.8402898125 0.46765457692307694 0.8467411322115385 0.4701310048076923 0.85437778125 0.46372546875 0.8589918389423077 0.47386199759615383 0.8680611081730769 0.4714188894230769 0.8690442427884615 0.46885774038461536 0.902701576923077 0.4610893125
2 0.1563595216346154 0 0.06776343509615385 0.23080069471153844 0.09288344711538461 0.2396177331730769 0.10334113221153846 0.21237453365384618 0.16750719230769232 0.20833111778846153 0.241977375 0.1978397091346154 0.31513906009615383 0 0.1563595216346154 0
2 0.599798733173077 0.5302755576923077 0.587937704326923 0.5611745913461539 0.7183223942307693 0.5836639278846154 0.7408521201923077 0.5095829158653846 0.650502891826923 0.4906601995192308 0.6282711225961539 0.5254459807692308 0.599798733173077 0.5302755576923077
1 0.36123820432692305 0.7800452740384615 0.3483062403846154 0.7716923581730769 0.3140008245192308 0.7924591322115385 0.28330958173076926 0.8281921538461539 0.2761850961538462 0.8378987163461539 0.3649313966346154 0.8832928245192307 0.38353133653846155 0.8791050769230769 0.3841617956730769 0.8442741995192308 0.38369287740384617 0.8056325096153846 0.36123820432692305 0.7800452740384615
1 0.7418177884615385 0.4946447620192308 0.754305 0.4937269567307692 0.7746340048076923 0.48916023076923076 0.7909582572115385 0.4782929423076923 0.8007949326923077 0.45827619711538464 0.8158769975961538 0.44503624999999997 0.8236116778846154 0.4332533725961539 0.8175749014423077 0.42571068509615384 0.8194607644230769 0.42357900240384616 0.8269815432692307 0.4207547668269231 0.8313463557692308 0.4214704951923077 0.8363881875 0.4157988485576923 0.8371065769230769 0.40275639423076925 0.8287923437500001 0.38719455528846153 0.8152820144230769 0.39819409134615386 0.8157534158653846 0.37647818509615383 0.8120389182692308 0.41405906490384614 0.8075751754807693 0.4256875120192308 0.8044894783653846 0.4215249855769231 0.7969400384615385 0.42899091105769227 0.7987616201923077 0.43562252163461535 0.7893905985576922 0.43645683173076927 0.7890106033653846 0.44614559374999996 0.7818411586538462 0.44392275240384615 0.7793645120192308 0.4522004158653846 0.7742917187499999 0.4513886778846154 0.7697184206730768 0.4582552379807692 0.7667422788461539 0.4588545985576923 0.760072329326923 0.46431006009615383 0.7516433990384616 0.4737864447115384 0.7388101346153846 0.4354540769230769 0.7222887019230769 0.4319558413461539 0.712487875 0.44817098317307696 0.7088650697115385 0.4743883701923077 0.7162621875 0.48673071634615384 0.7253087716346154 0.48735962740384614 0.7321493389423076 0.4918813052884615 0.7412877884615384 0.48112309375 0.7440939591346154 0.4812523653846154 0.7418177884615385 0.4946447620192308