2 0.6261241610576923 0.50098625 0.6447620697115385 0.4340158629807692 0.5911555913461538 0.4165980600961538 0.5639917115384615 0.3994178966346154 0.5848397764423077 0.33525415384615387 0.4267135360576923 0.26510314182692307 0.39456940625 0.27760860576923074 0.38910611057692307 0.32799848317307695 0.3592424663461538 0.4247137355769231 0.3203091370192308 0.47258262259615386 0.2655895889423077 0.4777528870192308 0.25860684134615386 0.5088523774038461 0.38765089903846156 0.5820851370192307 0.4812595769230769 0.5916392379807692 0.5132729471153846 0.5603186105769231 0.5407423052884616 0.5045478076923077 0.5432511225961538 0.48241324999999996 0.6261241610576923 0.50098625
2 0.6336632548076923 0.1460587235576923 0.5016448966346154 0.09970649759615384 0.4918977548076923 0.19321156730769232 0.46409721634615386 0.21526637740384616 0.5988744687499999 0.24523071153846152 0.6284972115384615 0.1858145096153846 0.63194359375 0.15930341346153845 0.6336632548076923 0.1460587235576923
2 0.25702979567307693 0.3514608389423077 0.2482836826923077 0.29626199759615385 0.07536140384615385 0.2591128918269231 0.05209936538461538 0.2604624206730769 0.004530173076923077 0.40686534374999994 0.011845509615384615 0.4217370288461538 0.117348125 0.4441099375 0.20437754326923077 0.43906719951923073 0.2369594855769231 0.40445044230769234 0.24234090625 0.39666859375 0.25702979567307693 0.3514608389423077
2 0.21833023317307693 0.21681614423076923 0.24001465384615386 0.0703915673076923 0.182386875 0.054139783653846155 0.19292518509615386 0.050146038461538464 0.12956190865384615 0.02205722355769231 0.05551996153846154 0.24993490865384616 0.06545815625 0.2488373701923077 0.23594315625 0.2992860697115385 0.32049137019230767 0.28962018990384614 0.3446557860576923 0.23805686778846152 0.2826608509615384 0.23524581249999998 0.21833023317307693 0.21681614423076923
2 0.7127986490384616 0.16569785817307692 0.696411545673077 0.15809279567307694 0.6758464278846154 0.1502584951923077 0.6727059182692308 0.18361465625 0.6655939783653846 0.21339985096153846 0.6549529759615385 0.26724467067307695 0.62942384375 0.3036248942307692 0.6702905384615385 0.31231814423076926 0.6875971153846153 0.30649053846153845 0.700441985576923 0.28545780288461536 0.7065023870192307 0.26680580288461536 0.7222386105769231 0.26846194951923075 0.7353947259615385 0.2200194831730769 0.7245533293269231 0.21649690144230768 0.7251269014423076 0.18573954807692308 0.7127986490384616 0.16569785817307692
0 0 0.8632712644230769 0.11981033653846153 0.9022000024038461 0.13235348798076924 0.8942725264423077 0.1857359110576923 0.8035905865384615 0.17691014903846153 0.6926959807692307 0.07376690625 0.6511887163461538 0 0.6804400697115385 0 0.8632712644230769
2 0.7696930793269231 0.3070226129807692 0.7718991586538462 0.3130447355769231 0.7791735745192307 0.3156724038461538 0.8050366105769231 0.3252040913461538 0.8102045817307691 0.32465071153846153 0.8126888389423077 0.3196004350961538 0.8128405649038462 0.3199618125 0.8143715384615385 0.31524995432692304 0.8162738389423077 0.3139235649038462 0.816563076923077 0.3124811610576923 0.8190979783653846 0.3041825264423077 0.8194470865384615 0.3006230408653846 0.8183616586538461 0.29700555048076926 0.8198826802884616 0.29077808413461537 0.8193561658653846 0.2884224663461538 0.7816539495192308 0.2746838990384615 0.7757186586538461 0.2833420504807692 0.7700569687500001 0.3026997427884615 0.7696930793269231 0.3070226129807692
2 0.6237812644230769 0.29547793509615383 0.6340124302884615 0.25868823798076923 0.6294988990384615 0.2514842716346154 0.5920707091346153 0.24275597355769232 0.5567426658653847 0.23816691346153848 0.5297317259615385 0.23167109375 0.49550512259615387 0.22628762980769232 0.4646153052884615 0.2185314879807692 0.4548682956730769 0.21423621153846154 0.44765968509615384 0.2153268485576923 0.44133182211538463 0.21900823076923076 0.42556705769230774 0.22533680528846153 0.4156633677884616 0.23472204326923077 0.4029008581730769 0.2661041129807692 0.40786181971153845 0.27458173798076924 0.42815947596153847 0.2674454230769231 0.4767321153846154 0.28666048798076926 0.5479933028846153 0.31783264903846153 0.5788475288461539 0.3335952283653846 0.5885356610576923 0.3459133774038462 0.5791455288461539 0.3669163389423077 0.5688482307692307 0.39336197115384613 0.5743045240384616 0.3871168293269231 0.5828800384615385 0.37386718509615385 0.5979440192307692 0.3512509086538461 0.6130273629807692 0.3206229254807692 0.6237812644230769 0.29547793509615383
2 0.13672873798076923 0 0.1356519951923077 0.0033138701923076924 0.2402733581730769 0.06512229086538461 0.24988325961538463 0 0.13672873798076923 0
2 0.6926523028846153 0.4805680697115384 0.6822672187500001 0.48679614663461535 0.6854713557692308 0.4990240240384616 0.6950020745192307 0.5101147355769231 0.6903103774038463 0.5245542932692308 0.7053453677884616 0.5150598701923077 0.7060018437500001 0.5056947836538461 0.7078855769230769 0.49989724759615384 0.7053955384615385 0.43035904326923075 0.6710924471153846 0.4623760576923077 0.6919047956730769 0.4755239927884615 0.6926523028846153 0.4805680697115384
2 0.8013674350961538 0.19750035576923078 0.7840438774038462 0.20238621153846154 0.7678675673076923 0.23400340384615384 0.7770015817307693 0.24222853846153847 0.8082628076923076 0.2550265841346154 0.8296173221153846 0.20139798076923077 0.8013674350961538 0.19750035576923078
2 0.6022313365384615 0.13466958173076923 0.7103647115384616 0.1608740168269231 0.7287646754807693 0.19138664663461538 0.7477787980769232 0.18416936778846155 0.7639567836538461 0.12924290624999998 0.7883289134615384 0.12602311298076924 0.7963925336538461 0.10634157932692309 0.6473743750000001 0.06238775961538461 0.6439036778846153 0.06793372596153846 0.6319843509615384 0.08412990625 0.6022313365384615 0.13466958173076923
2 0.6538461538461539 0.47716346153846156 0.5096153846153846 0.8990384615384616