1 0.5305813125 1 0.7751456225961538 0.9699712788461539 0.7821093341346154 0.9545231610576923 0.7791941274038462 0.9393166586538462 0.7637582572115384 0.9256700889423077 0.7472653870192307 0.9206245192307693 0.6752556826923077 0.8771479759615384 0.6532059855769231 0.8699383677884616 0.638453235576923 0.8618553990384614 0.6195371225961538 0.8542836274038461 0.5959221850961538 0.8515357019230769 0.51827475 0.8483289014423078 0.5224330192307692 0.8563121346153846 0.5187667115384615 0.8610092043269231 0.5057166778846154 0.8753296610576923 0.5058592451923076 0.8937003389423077 0.5106493125 0.9327123004807691 0.5189112019230769 1 0.5305813125 1
1 0.512553014423077 0.8613429399038461 0.5344584783653846 0.8525088317307692 0.6137298293269231 0.8612314879807692 0.6822139495192308 0.8850810817307693 0.7802790048076923 0.9437466153846154 0.7797539951923077 0.9207467836538462 0.7216800240384615 0.8786991442307692 0.6690814951923076 0.8436597740384616 0.6149640673076923 0.8149739447115384 0.5478130408653846 0.7832575072115385 0.5228300817307692 0.8139750769230769 0.5106773389423077 0.8554287884615385 0.512553014423077 0.8613429399038461
1 0.7242363894230769 0.026926509615384616 0.7470603052884616 0.021029266826923076 0.7632247596153847 0.013487403846153847 0.7366034471153846 0.018608463942307692 0.7192418653846153 0.023835014423076926 0.6966574495192308 0.027827887019230772 0.6709520769230769 0.03283648317307692 0.6619357980769232 0.03457606009615385 0.6572901875 0.049332930288461536 0.6605973557692307 0.06126095192307693 0.6621117139423076 0.06602219951923077 0.6750562884615385 0.06626258894230769 0.7040416899038462 0.04666479567307692 0.7180945865384616 0.03321515625 0.7234831418269232 0.031943596153846156 0.7242363894230769 0.026926509615384616
1 0.9327248052884615 0.5917145552884615 0.9135714447115385 0.5688559567307693 0.9134812716346155 0.5579335144230769 0.9239464014423077 0.5356399423076923 0.9272598124999999 0.5268296610576922 0.9004631418269231 0.5133129903846154 0.8793965168269231 0.5158996466346154 0.8670063437500001 0.51742096875 0.8885263028846153 0.5492282572115385 0.8919897427884614 0.5723416826923077 0.8970369230769231 0.5725577932692307 0.9090021923076923 0.5828579831730769 0.9258165360576923 0.5866668173076923 0.9069919254807692 0.6024191850961539 0.8991297572115384 0.6101163269230769 0.905210079326923 0.61860903125 0.9327248052884615 0.5917145552884615
1 1 0.7837101225961539 0.9988435408653846 0.7835394567307692 0.9614277235576923 0.8046919423076923 0.9644343557692309 0.8680037187499999 0.9805123629807693 0.9447554134615385 1 0.9423626322115385 1 0.7837101225961539
1 0.9496227235576923 0.9485481850961539 0.9824769639423077 0.9445141899038462 0.9609736105769231 0.8114569014423078 0.9593915336538461 0.8116511562500001 0.9277473413461539 0.8241885096153846 0.9190760961538461 0.8458100192307693 0.9292031706730769 0.9018545721153846 0.9496227235576923 0.9485481850961539
1 0.9305538725961539 0.7144635841346154 0.9759735072115384 0.692825329326923 0.9264627716346154 0.6989044831730769 0.9150052668269232 0.6857182115384616 0.9057405889423078 0.6547329230769231 0.9077585360576923 0.6355096274038462 0.9072284326923078 0.6311922764423077 0.8988018197115385 0.6249303918269231 0.8814295288461539 0.6168528052884615 0.8597662596153846 0.6005371971153847 0.8637020144230768 0.6058821442307692 0.8500489471153846 0.6104726274038461 0.8545175408653846 0.6201571802884616 0.8628633966346153 0.6702308052884616 0.8690415721153847 0.7205480000000001 0.8722278100961538 0.7376865480769231 0.8784894735576922 0.7442142524038461 0.9036056586538461 0.74404446875 0.9305538725961539 0.7144635841346154
1 0.9139021129807693 0.67632071875 0.9475459038461539 0.6643736754807693 0.9606280264423077 0.6565099855769231 0.9750628822115384 0.6406640985576922 0.9326321201923077 0.6286830216346153 0.90114209375 0.6200347043269231 0.9047353269230769 0.6492992379807692 0.9139021129807693 0.67632071875
1 0.7792467139423077 0.08505030048076923 0.782025516826923 0.09611700961538462 0.7914738605769231 0.10354106490384615 0.8076358389423077 0.095841375 0.8229669543269231 0.08729493028846155 0.8509299230769231 0.08291273317307693 0.8602770192307693 0.07794736057692307 0.8600474879807692 0.0760779903846154 0.8534325576923076 0.056898134615384614 0.815892560096154 0.052945891826923074 0.7879462451923077 0.05732604326923077 0.7792467139423077 0.08505030048076923
1 0.8388749567307693 0.5883059375 0.8419924038461539 0.5876746754807692 0.8468687283653846 0.5858109038461539 0.8562239831730769 0.5882088365384616 0.8790673990384616 0.6113824134615384 0.8798040649038461 0.6019623293269231 0.8814407548076922 0.589133610576923 0.8791195745192308 0.58110553125 0.8738810072115384 0.5706571009615384 0.8729229375 0.5521154735576923 0.8757811658653847 0.5477209350961538 0.8744823052884616 0.5463668918269231 0.8572734471153846 0.5398957115384616 0.85177459375 0.5335228341346154 0.8463318317307693 0.538483201923077 0.8384106899038462 0.5538229783653846 0.8284543605769231 0.5726881754807692 0.8388749567307693 0.5883059375
1 0.838291610576923 0.041385569711538464 0.8395019927884615 0.022193665865384613 0.8546198269230769 0.0003453605769230769 0.8230448701923077 0.004222276442307693 0.8043227620192308 0.008418615384615384 0.7903742884615385 0.028225788461538462 0.7819205360576924 0.04638692548076923 0.7849316009615385 0.059345259615384616 0.8231818990384615 0.0575176298076923 0.838291610576923 0.041385569711538464
1 0.6505394783653846 0 0.6522373918269231 0.006942153846153846 0.6532588677884615 0.018427944711538462 0.6520094519230769 0.02752695673076923 0.656672420673077 0.026954415865384614 0.6673563341346154 0.020898716346153846 0.6818290769230769 0.007013497596153846 0.6902174014423077 0 0.6505394783653846 0
1 0.7463942307692307 0.4891826923076923 0.5024038461538461 0.9783653846153846