0 0.588549576923077 0.07157968028846154 0.5885372427884615 0.049101689903846155 0.5753051057692308 0.030633014423076924 0.5586054447115385 0.026826442307692308 0.517552983173077 0.04135113942307692 0.49388307211538457 0.055642699519230766 0.47858879567307694 0.07181737019230769 0.4841604423076923 0.08433149519230769 0.49251468509615387 0.10309542788461538 0.5196480432692308 0.1078861778846154 0.561417125 0.09491894230769231 0.588549576923077 0.07157968028846154
0 0.48540065625 0.31151578846153843 0.49400409615384616 0.32094255048076925 0.5026281394230769 0.31046556009615384 0.5118629711538462 0.3163099254807692 0.5340319423076922 0.31140896634615384 0.5697419423076924 0.2971778677884615 0.5882115456730769 0.2839679951923077 0.57404678125 0.2521534110576923 0.5524833918269231 0.25346608894230765 0.5358769927884615 0.2608597331730769 0.4970784182692308 0.2831032740384615 0.4835334903846154 0.2775272451923077 0.47984447836538463 0.28413900000000003 0.49707456490384616 0.2930435913461538 0.5001541418269231 0.29996043509615383 0.48540065625 0.31151578846153843
0 0.44585646875 0.24603388942307694 0.44307681730769227 0.2510418846153846 0.4418785120192308 0.25803896875 0.44347444471153846 0.2664677572115385 0.4484758389423077 0.2696272980769231 0.45067653846153843 0.27134063942307696 0.4586585673076923 0.2731731153846154 0.4620588341346154 0.2727364783653846 0.4682585336538461 0.26889893509615387 0.47305809615384614 0.2651461394230769 0.4814382932692308 0.2597991442307692 0.48563827884615385 0.25792918990384617 0.49523909375 0.25688641586538463 0.5054390600961539 0.2523450985576923 0.5184195216346154 0.24602719230769232 0.5238190841346154 0.24200726201923078 0.5186210456730769 0.22710277403846155 0.5068174230769231 0.21835369230769233 0.49941688221153846 0.2194941033653846 0.49342208894230766 0.21733285576923075 0.4862410432692308 0.2189141730769231 0.4808410600961538 0.2213184014423077 0.47624163942307696 0.22552071634615387 0.4720416538461538 0.22739067067307694 0.46426103365384613 0.23085482451923076 0.45546120192307693 0.23531139423076922 0.45185518028846156 0.23851541346153848 0.44585646875 0.24603388942307694
1 0.5755444831730769 0.6496735673076923 0.5602926586538461 0.6554737307692308 0.5731648798076923 0.6546945769230769 0.5817989254807693 0.6577831490384616 0.5900907788461539 0.6600510624999999 0.5959623725961538 0.6599041370192308 0.6007565552884615 0.6602542788461538 0.6062734447115384 0.6607691586538462 0.61638321875 0.6567545024038461 0.6307235528846153 0.6444274615384615 0.6288827764423076 0.6373239471153845 0.6169204879807691 0.6386883605769231 0.6060823317307692 0.6454945889423077 0.5965197764423077 0.6448001875 0.5875059927884615 0.6453383461538462 0.5755444831730769 0.6496735673076923
1 0.5360625168269231 0.10678092307692308 0.47930081971153843 0.10513870432692309 0.4801018028846154 0.10855249759615385 0.48110208173076924 0.10918440625 0.5228810673076923 0.10941789663461539 0.5800426225961538 0.11034345432692307 0.5788426274038462 0.11087772596153847 0.5754431995192307 0.11454577163461538 0.6090202427884616 0.11089017788461539 0.6246021057692308 0.10880035817307691 0.6280041826923076 0.09060548557692308 0.6264039038461539 0.09024071394230769 0.5944244903846154 0.10878791105769231 0.586023673076923 0.10929641346153847 0.5780412211538462 0.10584823076923076 0.5360625168269231 0.10678092307692308
0 0.5862891177884616 0.58134871875 0.5922620865384615 0.5740849591346154 0.5930140600961539 0.5628037956730769 0.5874564543269231 0.5546445913461538 0.5767711875 0.5539287980769231 0.5644806057692308 0.5582541562500001 0.5534810168269231 0.5645936274038461 0.54673978125 0.5701839206730769 0.5416112163461538 0.5741874495192307 0.5375617235576923 0.5840524831730769 0.5388469471153846 0.5886580673076923 0.5416152788461539 0.5897190504807692 0.5398089110576924 0.5908186754807693 0.5402292403846154 0.5943671947115384 0.538406 0.6049611802884616 0.5409744110576923 0.6064065528846154 0.5436427379807692 0.5951583076923077 0.5519913197115385 0.5922926610576923 0.5628818341346153 0.5883126514423077 0.5750695721153846 0.5854752235576923 0.5782700144230769 0.5857878100961538 0.5840517692307692 0.58752265625 0.5900209951923077 0.5906161658653846 0.591743420673077 0.5892759134615384 0.5862891177884616 0.58134871875
0 0.3783042475961539 0.16197252403846155 0.3792789879807692 0.1636409375 0.3794862668269231 0.16671093509615384 0.3819518293269231 0.16964423557692307 0.3938881009615385 0.16749214903846152 0.40997841826923076 0.16050203125 0.4140816322115385 0.15867516346153848 0.41206086057692304 0.15413643509615385 0.40611834375 0.15448868990384618 0.39792137980769227 0.14498520432692308 0.3962300096153846 0.14170720913461538 0.391139704326923 0.14397355769230769 0.3850695769230769 0.1498210625 0.38253534134615386 0.15569280048076922 0.37862567788461543 0.1574334951923077 0.3745867548076923 0.15836298076923078 0.3752390961538462 0.1608699423076923 0.3783042475961539 0.16197252403846155
0 0.40408357692307695 0.41708219951923076 0.401728326923077 0.4165323076923077 0.4001023221153846 0.41647436778846153 0.3992252163461538 0.4180463942307692 0.4015743221153846 0.41978053365384616 0.40445390625 0.4268211682692308 0.4026154639423077 0.4286300817307692 0.4023832067307692 0.42873349038461533 0.4029127596153846 0.4304958629807692 0.40622871875000005 0.42841137259615386 0.4155068894230769 0.42726899519230765 0.42450097836538464 0.42543646634615384 0.43737856249999996 0.42050225240384614 0.4426046129807692 0.41916585096153847 0.449016875 0.41393052884615383 0.4492337355769231 0.4043123774038462 0.4425415168269231 0.39995962259615386 0.4395216009615384 0.3991149014423077 0.42552175 0.40574766586538463 0.4145539375 0.41023122115384614 0.40982502403846155 0.412736298076923 0.4080706610576923 0.4153070360576923 0.40408357692307695 0.41708219951923076
0 0.45089925 0.5307224038461539 0.46042268750000004 0.5298704567307693 0.4698106802884615 0.5292351899038461 0.48046242788461535 0.5251356057692308 0.4876236947115385 0.5219472043269231 0.4919322211538461 0.5156851322115384 0.49062048076923076 0.5083634495192307 0.4873924110576923 0.5011130889423077 0.4794811153846154 0.4983456105769231 0.46351380528846153 0.5069142283653846 0.4528744519230769 0.5090622716346154 0.4457594014423077 0.5162611394230769 0.4425937331730769 0.5255589182692307 0.4444530985576923 0.529735125 0.45089925 0.5307224038461539
0 0.46838065384615385 0.56305846875 0.4756580528846154 0.5598183629807691 0.48161244471153847 0.55553403125 0.49918692307692303 0.5490125072115385 0.5016250240384615 0.5456334711538461 0.49955803846153846 0.5370842812500001 0.49420795913461535 0.5329332211538461 0.48742664903846156 0.5333288028846154 0.4781943389423077 0.5371265408653846 0.4687311346153846 0.5462396298076923 0.4601247956730769 0.5504015456730769 0.45794027163461537 0.5611737620192307 0.46001191346153847 0.5628576826923077 0.4630318581730769 0.563806639423077 0.46838065384615385 0.56305846875
0 0.4527681610576923 0.5713822379807693 0.4590581105769231 0.5672265072115384 0.4540232067307692 0.5593037115384616 0.44253280528846156 0.5639678149038462 0.44144278125 0.5655825096153846 0.43758502403846156 0.5684294807692308 0.44077417788461537 0.5749152860576923 0.4527681610576923 0.5713822379807693
0 0.4791774711538462 0.6941948173076924 0.48152640144230774 0.6952514014423077 0.48186876682692303 0.6967496129807693 0.47997212259615385 0.698063185096154 0.48588318990384616 0.7008177139423076 0.49049675000000004 0.7013351514423077 0.49780658894230767 0.6987929831730769 0.5036195336538462 0.6964307692307692 0.5021534326923077 0.6910022091346154 0.49675185336538463 0.6873084591346154 0.4936160120192307 0.6872972355769231 0.49100274759615387 0.6870533437499999 0.4903193125 0.6890082740384614 0.4902292956730769 0.6902124879807693 0.48475189423076925 0.6926511850961539 0.4816160504807692 0.6926399639423076 0.48004168028846156 0.6926459110576922 0.4791774711538462 0.6941948173076924
0 0.45920175240384614 0.08041429086538462 0.5070879711538462 0.04399493990384615 0.4974673798076923 0.04343062980769231 0.4816380985576923 0.036995139423076924 0.4734305408653846 0.03632296153846154 0.4561928725961539 0.04776808173076923 0.4365637836538462 0.06837476201923078 0.42855330528846153 0.08111534855769231 0.4293624350961539 0.09100645673076922 0.4347709855769231 0.09669524759615385 0.43838990625 0.09346810817307692 0.45920175240384614 0.08041429086538462
2 0.6064572524038462 0 0.6014489639423076 0.00200009375 0.5893981177884615 0.010145504807692309 0.5906888485576923 0.03580735576923077 0.61179440625 0.03558713461538461 0.6196671057692308 0.03880369471153847 0.6206952548076923 0.04731152403846154 0.6317883173076922 0.04064808894230769 0.6328999639423076 0.03536691105769231 0.6428813774038461 0.033984653846153845 0.6434527451923077 0.03525679807692308 0.6539744423076923 0.02732121875 0.6540055216346154 0.0351466875 0.6962166418269231 0.03470624038461539 0.7043235240384615 0.028732971153846154 0.7067694182692308 0.034596127403846155 0.7173221995192307 0.03448601682692308 0.7212555793269231 0.037081038461538464 0.7278749759615385 0.03437590625 0.7304862115384616 0.03919161298076923 0.7384277572115384 0.034265793269230765 0.7222793701923076 0.01659163701923077 0.742902875 0 0.6064572524038462 0
2 0.6754167740384616 0.4881683533653846 0.6669439951923077 0.48492110336538463 0.5987443677884615 0.5158762908653846 0.5891910913461539 0.5259851177884616 0.5896397692307692 0.5392337427884615 0.6070072764423077 0.5554789783653846 0.6124525745192307 0.5536453317307692 0.69236321875 0.5227407427884615 0.6930125336538461 0.5136771850961538 0.6754167740384616 0.4881683533653846
2 0.49702251923076923 0.34074425480769227 0.48180265144230766 0.34536605528846154 0.46357327403846155 0.36427228125 0.4637815625 0.3711991201923077 0.4459447403846154 0.38614278125 0.4507451466346154 0.38562139423076924 0.45055273076923075 0.3900334831730769 0.46879067788461537 0.3792202740384615 0.4737920721153846 0.3823798149038462 0.5066417427884615 0.36073462500000003 0.49702251923076923 0.34074425480769227
2 0.4997445168269231 0.18934129567307692 0.5015820192307692 0.1839361394230769 0.49724301201923077 0.14767734615384615 0.4931705793269231 0.14384357692307692 0.43109428125 0.17500888701923076 0.43018000721153843 0.1824876466346154 0.4254515432692308 0.18671266586538462 0.3998519014423077 0.19917024759615384 0.40418369711538465 0.20785784375 0.4274161586538462 0.19857396875 0.43189136778846154 0.2128446466346154 0.4384474735576923 0.21486022836538463 0.4484220096153846 0.21184404807692306 0.4997445168269231 0.18934129567307692
2 0.5264964230769231 0.6598350504807692 0.5257921586538461 0.6561696947115384 0.52518528125 0.6548066250000001 0.5202297235576923 0.6541982043269231 0.4982111105769231 0.6665730480769232 0.5041306514423077 0.6770557596153846 0.5057957764423077 0.6786600456730769 0.5285893149038462 0.6687549615384616 0.5311048221153846 0.6652893365384615 0.5264964230769231 0.6598350504807692
2 0.5226836153846154 0.7111735096153846 0.5190062067307692 0.712810798076923 0.5188709158653846 0.7136007908653846 0.5206407548076923 0.720857514423077 0.5244540264423077 0.7206192499999999 0.5401700120192308 0.7132571658653847 0.5377231346153846 0.7077613918269231 0.5291871057692308 0.7093726057692307 0.5226836153846154 0.7111735096153846
2 0.6907777764423078 0.13512875240384614 0.6894752067307692 0.13819334375 0.6715498173076924 0.1352278798076923 0.6612201682692308 0.13734228365384615 0.6408704110576923 0.14091202403846154 0.5872924134615385 0.17423595673076922 0.6070728461538462 0.21418389423076922 0.6185418846153846 0.2265048533653846 0.6251878076923076 0.22653442788461536 0.7198104471153847 0.17345935336538462 0.7236741682692307 0.16875058173076923 0.7015020144230769 0.1368175793269231 0.6907777764423078 0.13512875240384614
2 0.45937921875 0.043517271634615384 0.43065541346153846 0.07593988461538462 0.4250507163461539 0.08507257692307692 0.4326931201923077 0.09588285576923077 0.44063518509615385 0.09293757692307693 0.45938414663461535 0.0870225264423077 0.46880204807692305 0.07739097596153846 0.4841804326923077 0.06208236538461538 0.4983010697115385 0.04853262980769231 0.48977559134615384 0.041156175480769226 0.4749661057692308 0.03596941105769231 0.45937921875 0.043517271634615384
2 0.5441157331730769 0.7260260673076923 0.5443474567307692 0.72389 0.5430105072115384 0.7188556923076923 0.5326551153846154 0.7212248100961538 0.5207780240384615 0.7276248413461539 0.5239413701923077 0.7341047644230769 0.5441157331730769 0.7260260673076923
0 0.4557035432692308 0.5943831971153846 0.45814818269230767 0.5913313798076923 0.4556370192307692 0.5867329879807692 0.4521137956730769 0.5857996009615385 0.4489848197115384 0.5873664639423077 0.4433528100961538 0.5907601298076923 0.4391081730769231 0.5946133581730769 0.4428969471153846 0.5993726802884616 0.44374888461538464 0.6002443870192308 0.44666509375 0.5992935096153846 0.4557035432692308 0.5943831971153846
0 0.4969874591346154 0.7246644447115386 0.4901551009615384 0.7272372764423077 0.49265425240384614 0.7352465528846154 0.5006672115384615 0.7319917067307693 0.4969874591346154 0.7246644447115386
1 0.6281834423076924 0.13455437740384615 0.6300621778846154 0.13877408653846154 0.6363861105769231 0.14120579567307692 0.6452255769230769 0.14027611778846152 0.6533098125 0.1381710480769231 0.6690340120192307 0.13754687499999999 0.6790480600961538 0.1375885048076923 0.6861587403846153 0.1383494158653846 0.6974942403846154 0.13349365384615386 0.6985393966346154 0.13302831971153847 0.7035461274038461 0.1319285673076923 0.7096625769230769 0.13050848557692307 0.7167715024038461 0.12454598557692308 0.7164282884615385 0.11981636778846154 0.7168945985576923 0.10179919711538463 0.7237153317307693 0.07945858653846154 0.7301889086538461 0.061963836538461534 0.7351976778846154 0.04399187740384615 0.7219068557692307 0.047841685096153844 0.708125670673077 0.05173606971153846 0.67721609375 0.06549789903846154 0.6545327836538462 0.07747367548076924 0.644940295673077 0.08567131971153846 0.6372288966346153 0.10710534134615385 0.6274180841346154 0.11934435096153846 0.6306065432692307 0.1231720625 0.6294263942307693 0.12557401682692307 0.6281834423076924 0.13455437740384615
1 0.44670483413461537 0.6278753605769231 0.4517305625 0.6254118822115384 0.45548586778846156 0.6255643100961539 0.45556281009615385 0.62370565625 0.4551367043269231 0.6227486105769231 0.44705291826923077 0.6265736201923077 0.44670483413461537 0.6278753605769231
0 0.46634615384615385 0.6550480769230769 0.028846153846153848 0.026442307692307692