2 0.6321491899038462 0 0.6367598533653845 0.017207233173076923 0.4369674591346154 0.06873035096153847 0.4398447764423077 0.09074594711538463 0.4454963629807692 0.10801347596153846 0.6358746586538462 0.05901286057692308 0.6501374254807692 0.055855699519230764 0.6548975144230769 0.06606970432692308 0.6844953269230769 0.08631179567307692 0.8534906899038461 0.047727439903846154 0.89463015625 0.04092813942307692 0.8836634927884616 0 0.6321491899038462 0
2 0.5810723052884615 0.020901516826923077 0.5762186346153846 0.06495966105769231 0.6075290913461538 0.17298615625000002 0.6285543485576923 0.18477027884615385 0.824683548076923 0.14409181490384615 0.9130574038461539 0.12754712259615386 0.9160176153846155 0.12074722836538461 0.8956011490384616 0.044551939903846156 0.6744905697115384 0.08535510336538461 0.6478065336538462 0.05686498798076923 0.6186592283653846 0.0013342692307692307 0.599782 0.006392408653846154 0.5830205576923077 0.014835862980769231 0.5810723052884615 0.020901516826923077
0 0.7295223822115384 0.5857117403846154 0.7225872403846154 0.6024870769230769 0.7240730072115386 0.6204861033653846 0.7302547884615385 0.6258073221153846 0.7438067764423076 0.6300980384615384 0.7741388124999999 0.633075329326923 0.7818389110576922 0.6351392091346154 0.7865576274038462 0.6278415504807692 0.7907254759615385 0.6184880384615384 0.7950915961538462 0.6027158485576923 0.7816410072115385 0.6040989783653846 0.7728329903846153 0.6032937908653846 0.7626985576923077 0.5974402932692308 0.7610661418269231 0.5807571682692307 0.7601148725961538 0.5718134927884615 0.77450403125 0.565107420673077 0.784389079326923 0.5627735120192308 0.7853232740384615 0.5574342524038461 0.7669731370192309 0.5493577403846154 0.7559650576923077 0.5510307379807693 0.7410024831730768 0.5680508533653846 0.7295223822115384 0.5857117403846154
0 0.8345523509615386 0.6342704182692308 0.8028400480769231 0.6509519807692308 0.7927655360576923 0.6647386875 0.7908652259615384 0.6792206033653846 0.7917604014423076 0.6987419254807693 0.7994560456730769 0.7140277572115384 0.8099909927884615 0.7290249663461539 0.8325328533653846 0.73744728125 0.8400948317307692 0.7440949903846155 0.8486905024038461 0.7437154423076924 0.8610908413461539 0.7413546105769231 0.8843419759615384 0.7389892860576922 0.9007481370192308 0.7326521274038461 0.9196037043269231 0.7165300288461538 0.9237556153846154 0.707705420673077 0.9106459735576924 0.6533860721153846 0.9089391009615385 0.6524094302884615 0.9034223509615384 0.6480991850961538 0.8901669807692307 0.6391297067307692 0.8856365745192308 0.6384024831730769 0.87257346875 0.635642108173077 0.855753889423077 0.6295513100961538 0.8345523509615386 0.6342704182692308
1 0.6461684326923076 0.5013534591346154 0.6464642740384616 0.4963776105769231 0.6354467283653846 0.49497529567307696 0.5992020697115384 0.5063133870192308 0.5693700841346154 0.52628596875 0.53004490625 0.5444652740384616 0.4971933557692308 0.5592486394230769 0.4855392067307692 0.5738083629807693 0.48514087740384615 0.581539764423077 0.49662694951923075 0.5877306009615384 0.5256620192307693 0.5892017067307692 0.4965693870192308 0.5844758100961539 0.49123706971153847 0.5706552644230769 0.5134978052884616 0.5559641177884616 0.6461684326923076 0.5013534591346154
1 0.5476283028846154 0.8481856754807692 0.57015053125 0.8369220192307693 0.5920213389423077 0.8232272307692308 0.6115176057692308 0.8153800576923077 0.6526810961538462 0.8004330721153846 0.6492072980769231 0.7948234447115384 0.6400628725961539 0.7972736850961539 0.6290552403846154 0.8002231706730769 0.6028801466346153 0.8124656129807692 0.5977164831730769 0.815160795673077 0.567660420673077 0.8349835649038462 0.5481597836538461 0.842814423076923 0.5408295360576922 0.8447785576923077 0.5421367451923077 0.8496571346153845 0.5476283028846154 0.8481856754807692
2 0.8798161538461537 0.7870167451923076 0.8488280769230769 0.7953199759615385 0.7756221634615384 0.8193423605769231 0.7674367451923078 0.8259600432692308 0.7704752451923077 0.8372998798076924 0.7736218389423077 0.8552211346153846 0.7844953100961539 0.8710894639423077 0.7969882980769231 0.8743698461538462 0.8197909543269231 0.8726842980769232 0.9344617764423078 0.8485687235576923 0.9377394302884615 0.8464838221153846 0.9239328341346155 0.7949568990384616 0.9091815120192308 0.7956043149038461 0.8939254567307693 0.7820120240384616 0.8798161538461537 0.7870167451923076
2 0.7932309495192308 0.8762335240384616 0.7712534158653847 0.8766836875 0.7447446009615385 0.8816007331730769 0.7393221706730769 0.8857817620192308 0.7297998269230769 0.8899596298076923 0.7203969783653845 0.9006633918269231 0.7233917596153846 0.9118400673076923 0.7300633461538462 0.936738764423077 0.7336825889423076 0.9472059951923076 0.7367274326923077 0.9542071658653846 0.9774682115384615 0.8897008677884616 0.9702231370192307 0.8892638413461539 0.9559273774038461 0.8604272211538462 0.9592833293269231 0.8546139302884614 0.9575950336538461 0.8452731538461538 0.8890574663461539 0.8581815552884616 0.7932309495192308 0.8762335240384616
0 0.660450608173077 0.6770385528846153 0.6221722740384615 0.6777468774038462 0.5868693990384616 0.6872062524038461 0.5616194927884616 0.7000576923076923 0.5721192860576922 0.7076669951923077 0.5855742620192308 0.7140472620192307 0.595521295673077 0.7122388629807692 0.6518357307692307 0.7032352019230769 0.66750065625 0.695994923076923 0.6758213245192307 0.688116858173077 0.660450608173077 0.6770385528846153
0 0.6875695456730769 0.40217414663461537 0.6689138485576923 0.4097261418269231 0.654770045673077 0.43137097836538457 0.6670990288461538 0.44590496874999996 0.6750227572115384 0.44684217067307697 0.6814577307692308 0.4308479014423077 0.6949981033653846 0.43842943269230766 0.7174294927884616 0.4421246754807692 0.7418329927884616 0.4417064975961538 0.7694926538461538 0.4276497596153846 0.7646374543269231 0.40090031730769227 0.75417596875 0.3991216658653846 0.7289161947115385 0.40487571394230765 0.6875695456730769 0.40217414663461537
1 0.8219793653846155 0.6423610360576923 0.8239293846153846 0.6336542548076923 0.828633860576923 0.6192428870192308 0.8250923221153846 0.6120075625 0.8182457259615384 0.6024400721153846 0.8037210721153846 0.5981476634615385 0.7897900769230769 0.6040139735576923 0.7868335889423077 0.6169076995192307 0.7852162307692307 0.6308766057692308 0.7912526971153846 0.6413431923076923 0.8040824903846153 0.6453902259615384 0.8219793653846155 0.6423610360576923
1 0.5503700096153846 0.2437556153846154 0.5525048701923077 0.23730768990384615 0.55355865625 0.23300314182692305 0.5522733052884615 0.22820614423076924 0.5504972403846154 0.21951844471153845 0.54820634375 0.21096869471153848 0.5478390985576923 0.209598125 0.5427465432692308 0.20912645673076924 0.5322907668269231 0.21119358653846154 0.52208590625 0.21429521394230772 0.5156930192307693 0.2171099110576923 0.50490603125 0.2200002764423077 0.5007434927884615 0.22917749038461538 0.5002208245192308 0.23958286298076922 0.5035852572115385 0.23978309375 0.5184830769230769 0.2460565576923077 0.5350971081730769 0.24637900480769231 0.5438247620192308 0.24404043749999998 0.5503700096153846 0.2437556153846154
1 0.5435016346153846 0.5144705048076923 0.5655714086538461 0.507892391826923 0.5637594278846154 0.49926678125 0.530580295673077 0.5040999399038462 0.5121073822115385 0.5070386490384615 0.49975431009615384 0.5120274687499999 0.4986104807692308 0.5133482475961538 0.5014832259615385 0.5203430697115384 0.5045762692307693 0.5205110961538462 0.5398553533653846 0.5141009639423078 0.5435016346153846 0.5144705048076923
2 0.622364545673077 0.2604195985576923 0.6166147283653847 0.2956417091346154 0.6206194278846154 0.3105874543269231 0.6229825216346154 0.33352778365384617 0.6205680841346154 0.34344325 0.6781793221153846 0.33643547115384614 0.7024176778846154 0.3324590649038462 0.7342883293269231 0.32391934855769233 0.7626286899038461 0.31632557211538465 0.7860276322115385 0.3092164302884616 0.7891123942307693 0.2923885576923077 0.7998754110576923 0.2852900625 0.8104649711538462 0.2681301129807692 0.80137428125 0.2436172980769231 0.7968889639423077 0.23639002884615384 0.8004845360576923 0.22617556490384613 0.7887287908653846 0.22005698798076923 0.7454611923076923 0.2333293341346154 0.7293571899038462 0.23932321153846156 0.6397320360576924 0.2591411346153846 0.622364545673077 0.2604195985576923
2 0.5673270865384615 0 0.5671942379807692 0.010000358173076922 0.5665820817307693 0.020954338942307693 0.5804767451923077 0.029367790865384616 0.5820036778846154 0.016140110576923078 0.5992591971153846 0.006794810096153846 0.6138366298076924 0.00255653125 0.6201606225961539 0.001544045673076923 0.6288114447115384 0.016766302884615385 0.6354845336538462 0.019017930288461538 0.6303886947115385 0 0.5673270865384615 0
2 0.5596207283653846 0.23503375721153846 0.55329553125 0.24221975 0.5868619519230769 0.24422546394230768 0.60129778125 0.22112084375000002 0.6189426201923076 0.20999239903846154 0.6289629182692308 0.20639810576923076 0.62196521875 0.18538163701923077 0.6116196153846154 0.1826625721153846 0.5998452908653846 0.18490812740384616 0.5806737740384615 0.19553628125 0.5486804423076923 0.20960002884615386 0.5596207283653846 0.23503375721153846
0 0.5785242764423077 0.8040397019230769 0.5883242115384616 0.80227071875 0.62447628125 0.7902929014423077 0.64951175 0.7798772596153847 0.6574047283653847 0.7629501995192308 0.6531166418269231 0.7549880576923077 0.6340753725961539 0.7558056466346154 0.6286202764423077 0.7530003173076923 0.6190947668269231 0.7509883629807692 0.6128403942307693 0.7532413125 0.5833085048076924 0.7659984735576923 0.5283483798076923 0.7829984038461538 0.5248433846153846 0.7842348581730769 0.5655367620192308 0.8003846826923078 0.5785242764423077 0.8040397019230769