0 0.5177849375 0.5084430120192308 0.5156982475961539 0.5070230456730769 0.5142638028846154 0.5054762980769231 0.5107896225961539 0.5098027644230769 0.5105887427884616 0.5134704254807693 0.5109378894230769 0.5176171610576923 0.5099315600961538 0.52297396875 0.5102143966346154 0.5244290360576923 0.513987329326923 0.5297358293269231 0.5161879975961539 0.5317421658653847 0.5190640937500001 0.5372232860576923 0.5211899471153847 0.5434587692307692 0.5238582884615385 0.5490028124999999 0.5258701610576924 0.5546519206730769 0.5274620384615385 0.5546580240384615 0.533191766826923 0.5526202211538462 0.5372518197115385 0.5524395504807692 0.5388277163461539 0.5512317091346154 0.5417675264423077 0.5488572283653845 0.5421216105769231 0.5436272043269231 0.5424204879807693 0.53933196875 0.5404520625 0.5315558413461539 0.5393755961538461 0.5260178990384615 0.5374734807692307 0.5209334447115385 0.5351790336538461 0.5195764014423078 0.5342710961538462 0.5161242716346154 0.5325541418269231 0.5119053413461538 0.52808584375 0.5076352331730769 0.5245800336538461 0.5083166923076923 0.5203945673076923 0.5055016490384616 0.5206819567307692 0.5057613173076922 0.5188774471153846 0.5082306490384615 0.5177849375 0.5084430120192308
0 0.4327172572115385 0.6145669639423077 0.43661403605769233 0.6264307764423077 0.4422299110576923 0.639042252403846 0.44823837980769227 0.6536734495192308 0.4525429086538461 0.6718137115384616 0.4560701153846154 0.6858679302884615 0.4637474158653846 0.6928048197115384 0.47216807932692306 0.695382610576923 0.4818674759615385 0.6924379543269231 0.4869781370192308 0.6861706538461539 0.48978715144230767 0.6761586875 0.4940920985576923 0.6658333990384615 0.4986117620192308 0.6565256610576923 0.498173125 0.6460856850961538 0.4954311057692308 0.6360709086538462 0.4888939855769231 0.6268163581730769 0.4829708894230769 0.6248123725961539 0.4792870961538461 0.6181359735576923 0.47847888701923075 0.60988640625 0.47159099759615386 0.6070106754807691 0.4683203293269231 0.6023725408653846 0.4616078221153846 0.5963074014423076 0.45733303125 0.5865905600961538 0.45062052644230766 0.5805254206730769 0.4444990216346154 0.57750071875 0.4398939855769231 0.5741812451923077 0.43491266346153845 0.5688388822115384 0.4314896298076923 0.5716002836538462 0.4267485360576923 0.5756771778846154 0.4248855192307692 0.5823724807692308 0.4241421538461539 0.586731579326923 0.4256979495192308 0.590643764423077 0.4280661778846154 0.6028272355769231 0.4327172572115385 0.6145669639423077
0 0.51851096875 0.5819109278846154 0.5328483028846154 0.5677423509615385 0.5236439014423077 0.5467681466346154 0.5165127836538461 0.5276672740384616 0.505580704326923 0.5153904855769231 0.50062446875 0.5133112524038462 0.4954861826923077 0.5279680504807692 0.4943407956730769 0.5630794831730769 0.4956671706730769 0.5757359254807692 0.5056072115384616 0.5829091201923077 0.51851096875 0.5819109278846154
1 0.6147133942307692 0.5024261394230769 0.6035034230769231 0.45015337740384614 0.5971758245192308 0.4499859831730769 0.5983356346153846 0.4532539254807692 0.6147493317307693 0.5080085721153846 0.6032882235576923 0.5137297740384615 0.59963690625 0.5165355504807693 0.5926909230769231 0.5185843894230769 0.5893782908653846 0.5150362355769231 0.5880696442307692 0.5083038365384616 0.5865445096153846 0.48696383413461536 0.58685084375 0.5155275216346153 0.5856457932692307 0.5255207043269231 0.5877739014423077 0.5390805913461538 0.5914945384615384 0.5502123509615384 0.5987381875 0.5550924230769231 0.6077061274038461 0.5526505552884615 0.6134759903846153 0.5473369423076924 0.6297328221153846 0.5365140216346154 0.6257299254807692 0.5240172355769231 0.6174076418269231 0.5081905264423077 0.6147133942307692 0.5024261394230769
1 0.3291882043269231 0.6452162091346154 0.32520913942307694 0.6586109302884615 0.3261396802884615 0.6655745913461538 0.33740829086538465 0.6705287331730769 0.3362452668269231 0.643303545673077 0.34710369711538464 0.6016612620192308 0.3461020697115385 0.6007741346153846 0.33351409855769226 0.6356080673076924 0.3291882043269231 0.6452162091346154
2 0.3907126418269231 1 0.3912105456730769 0.9270330096153846 0.3664695576923077 0.9019568076923077 0.29983981490384615 0.8700577403846155 0.25436839182692306 0.9071365769230769 0.17149527884615384 0.8450386875 0.16573734855769232 0.8553759495192307 0.24469303846153848 0.9239599567307692 0.24352374759615386 0.9357041514423077 0.16271488701923076 0.870906139423077 0.14824395432692308 0.8541785721153846 0.1458215 0.8684426947115385 0.14877648317307693 0.8747649254807693 0.2096899423076923 0.9215683725961538 0.2367279471153846 0.9496689278846154 0.24081852163461537 0.9707131033653845 0.2634403581730769 0.9893271394230769 0.2755184735576923 1 0.3907126418269231 1
2 0.2033383173076923 0.7325373749999999 0.1986330625 0.7358410120192308 0.19893676442307692 0.7405374927884616 0.2393260625 0.792141798076923 0.2363735240384615 0.8014153725961539 0.23152449759615384 0.8071134423076922 0.18536696634615385 0.7502971947115384 0.18175411778846154 0.7470327764423076 0.1782148004807692 0.7532876322115385 0.22727069711538464 0.8158736658653846 0.22092659134615383 0.8321622067307692 0.22068408894230768 0.8401427139423077 0.22355396394230767 0.8395848677884616 0.2679830504807692 0.8967370889423076 0.29884233413461536 0.8717165985576922 0.35613999759615383 0.8970455120192308 0.36638425 0.8823653485576923 0.36869161057692307 0.8850946971153846 0.3722514591346154 0.8788583918269232 0.36978003846153845 0.8753721033653845 0.37433449759615384 0.8467425504807693 0.31751068269230764 0.7840662475961538 0.3118656850961538 0.776441326923077 0.29080435576923075 0.7599355216346153 0.26781172355769234 0.7794602091346154 0.2663787764423077 0.7813164014423077 0.2448690408653846 0.7839198149038461 0.2033383173076923 0.7325373749999999
2 0.2605484591346154 0.6859420721153846 0.2529066201923077 0.690853266826923 0.2980759447115385 0.7507690024038461 0.34655540865384615 0.8100413125 0.37096215865384613 0.8339203557692307 0.3925674302884615 0.7770494567307692 0.32035243750000003 0.7017911538461538 0.3047357956730769 0.6922279903846154 0.28479059615384616 0.71785409375 0.2605484591346154 0.6859420721153846
2 0.8258939927884617 0.5723763413461538 0.8255006802884615 0.5797550985576924 0.83051996875 0.6055771057692307 0.8447328317307693 0.6880981201923078 0.8672495889423076 0.6910236129807692 0.9149139158653846 0.6915175504807693 0.9292783581730769 0.6619051923076923 0.906264423076923 0.5811174663461538 0.8875962716346154 0.5603826322115385 0.8748592451923076 0.5701607668269231 0.8695760673076923 0.5711877115384616 0.8258939927884617 0.5723763413461538
2 0.7966026057692308 0.5765599663461539 0.7748466682692308 0.5358481586538462 0.7642521899038462 0.5436772379807693 0.7868898269230769 0.5888379471153846 0.7913898677884615 0.6075487331730769 0.8226560408653847 0.6660199783653845 0.8348799567307693 0.6532538798076923 0.8256385769230769 0.5789845408653846 0.8245283269230769 0.5688328822115385 0.8268374278846153 0.5718323461538461 0.8232661298076922 0.5667793533653847 0.8196906081730769 0.5617046394230769 0.8186273966346154 0.5607618725961538 0.7966026057692308 0.5765599663461539
1 0.6516851177884615 0.4961410841346154 0.6446520480769231 0.49417255288461537 0.6400201971153846 0.4917598125 0.6343053629807692 0.4923072115384616 0.6343603413461539 0.49894522836538463 0.6380087091346154 0.5070934831730769 0.6421865745192308 0.5157022644230769 0.6434887043269231 0.53093275 0.6457904350961539 0.5321531490384616 0.6529085 0.5302060865384616 0.6612332307692307 0.5324644567307693 0.6632773413461539 0.5215644230769231 0.6555969326923077 0.49702597596153847 0.6498476466346154 0.4909539086538462 0.6235179735576923 0.45178474759615384 0.6211149302884615 0.4500431298076923 0.6223276274038461 0.45201612740384617 0.6516851177884615 0.4961410841346154