2 0.7683002115384615 0.7024661754807693 0.7592878173076923 0.7053944807692307 0.7586990697115384 0.7055857764423077 0.7866778894230768 0.7815252307692307 0.79800053125 0.8265432403846155 0.8250790576923077 0.81598503125 0.8286003990384615 0.8166007403846154 0.8186278389423076 0.7879630048076923 0.8255346778846153 0.7724418966346154 0.8663310072115386 0.7529934326923077 0.87838890625 0.7411005096153847 0.8886595985576923 0.70942734375 0.8871184879807692 0.710796875 0.8593594326923076 0.6764212427884615 0.8016488749999999 0.6907617451923076 0.8010450288461539 0.6909579471153846 0.7683002115384615 0.7024661754807693
2 0.5527352812499999 0.5333220889423077 0.5592954783653846 0.5603953605769231 0.5610369735576923 0.5657551274038461 0.5711793028846154 0.5866967788461538 0.5875922163461539 0.6041307307692307 0.6027674014423077 0.6120536971153846 0.6289164086538462 0.5887210576923076 0.6354335120192308 0.5722573004807692 0.63649484375 0.5595488629807692 0.6364323581730769 0.5570964471153846 0.5919633822115384 0.49435638221153844 0.5898115625 0.4945654615384615 0.5551217331730769 0.5167301971153846 0.5527352812499999 0.5333220889423077
1 0.5318621177884615 0.764898795673077 0.5235990576923076 0.7572917716346154 0.5227385769230769 0.7575713581730769 0.5182531225961539 0.7615905961538462 0.5173775456730769 0.7618750889423077 0.5069987067307692 0.7536634711538461 0.5016043269230769 0.748978233173077 0.4907296394230769 0.7422197788461538 0.47179950000000004 0.7522244302884615 0.4594888485576923 0.7678083100961538 0.45745585096153846 0.7555929134615386 0.4485560192307692 0.7430468629807692 0.4477784735576923 0.7703434663461538 0.4459445384615384 0.7825232548076924 0.4382354711538462 0.7914660600961538 0.43675646634615384 0.7958004951923077 0.43763219471153847 0.8341438245192307 0.43926721875 0.8361966754807693 0.45663556730769234 0.8421372620192307 0.49273514423076925 0.8523058341346155 0.5099873677884615 0.8608682548076924 0.5301815072115384 0.8903505504807693 0.5426149855769231 0.9107928100961539 0.5583483124999999 0.914680545673077 0.5788916778846154 0.8680856778846154 0.5842708076923077 0.834148 0.5471394831730769 0.7792488149038461 0.5426357764423076 0.7742741778846154 0.5318621177884615 0.764898795673077
2 0.5031984615384615 0.48035967788461537 0.48880205528846155 0.48407945432692306 0.48088637259615385 0.4876093149038461 0.47362637259615387 0.49094840865384615 0.47694032451923074 0.5145542692307692 0.4881469639423077 0.5099551129807692 0.5119604951923077 0.5017275384615385 0.5290052379807693 0.4928033004807692 0.5603227908653846 0.4831176995192308 0.5535661322115385 0.4678703822115385 0.5530320432692307 0.4651479423076923 0.5245293004807693 0.4734288677884615 0.5031984615384615 0.48035967788461537
2 0.4766386658653846 0.5284193125 0.4712505096153846 0.5118362716346154 0.41197277884615385 0.5237677259615384 0.41835507932692306 0.5729973269230769 0.43822159375 0.5665423052884615 0.43996056490384616 0.5549948461538462 0.4766386658653846 0.5284193125
2 0.8897433052884616 0.701924391826923 0.8930658966346154 0.7174409903846153 0.9045489639423077 0.7514467163461538 0.9242653533653846 0.7633296778846154 0.9286794735576923 0.7281684567307691 0.9300234879807692 0.6979923076923077 0.9165079014423078 0.6537759375000001 0.9162421153846154 0.6555776057692307 0.8919697788461539 0.6560237331730769 0.8837904110576923 0.6638272980769231 0.87988325 0.6702427403846154 0.8897433052884616 0.701924391826923
2 0.5926598221153846 0.612330485576923 0.5833318317307692 0.6002131514423077 0.5700026634615385 0.5885716370192308 0.5629678653846154 0.5908573798076924 0.5500002860576922 0.5950708028846153 0.5416268004807692 0.6097764014423077 0.5380227403846154 0.6189225048076923 0.5409217596153846 0.6498808509615385 0.5559337740384616 0.7016306298076922 0.6172484278846154 0.6825102524038461 0.6021706923076923 0.6379549375 0.5926598221153846 0.612330485576923
2 0.44677629326923074 0.6470108990384615 0.38655781009615386 0.6665770697115385 0.44492575240384613 0.7309494663461538 0.4895318389423077 0.7081245697115384 0.44677629326923074 0.6470108990384615
0 0.37887448557692305 1 0.3843089254807692 0.9941521370192308 0.3340764206730769 0.8601502115384616 0.3156840961538461 0.8378570552884615 0.30263183413461536 0.8182841538461538 0.2936932043269231 0.81820340625 0.27584560096153843 0.8284577932692307 0.2636043557692308 0.8354202980769231 0.25474014182692306 0.856166403846154 0.24905895673076922 0.8833187115384615 0.2533148701923077 0.9444444206730769 0.2801128533653846 1 0.37887448557692305 1
2 0.3885804831730769 0.5911813942307692 0.36242905048076923 0.6001240456730769 0.3355795480769231 0.6150854639423077 0.3410703076923077 0.6525307524038462 0.38270196874999995 0.6666269663461539 0.44333106250000004 0.6384622163461539 0.43978489182692304 0.6244662524038461 0.44437327884615385 0.6046861923076923 0.46454043990384614 0.5927870625 0.45361399759615384 0.5673775144230769 0.43884140144230765 0.5784149110576923 0.43333432451923076 0.5717391057692308 0.3885804831730769 0.5911813942307692
2 0.6428812163461538 0.6659615384615385 0.645600110576923 0.6717611370192308 0.6990158028846154 0.656633 0.6899191778846153 0.6439949543269231 0.6766921514423078 0.6238328149038461 0.6653803028846154 0.5607671370192308 0.6351181153846154 0.5728275913461538 0.633211483173077 0.6157060721153846 0.6414512379807692 0.6564239062499999 0.6428812163461538 0.6659615384615385
2 0.4571002283653846 0.5790316201923077 0.46908275721153847 0.5908433653846153 0.48477008413461536 0.5833403533653846 0.49888632932692306 0.5654544927884616 0.5140697307692308 0.5508530024038462 0.5242508509615385 0.5487478990384616 0.5346144831730769 0.53328428125 0.5495610144230769 0.5151286418269231 0.5603119086538462 0.5092295769230769 0.5638125552884615 0.50325809375 0.5677748581730769 0.49593366826923074 0.5715058269230769 0.49349618269230766 0.5782079423076923 0.49737780528846154 0.5638663173076923 0.48390441586538463 0.4750549639423077 0.5200009158653847 0.45444135336538466 0.5569282211538462 0.4571002283653846 0.5790316201923077