2 0.9001170384615385 0.14111717307692306 0.9337973653846153 0.12055807211538462 0.7779216754807692 0.06688576682692307 0.7518269134615385 0.09385972115384617 0.7178074134615385 0.14850593990384617 0.7147550024038462 0.17211772596153846 0.7596018052884616 0.2330599110576923 0.796392735576923 0.24383782932692308 0.9001170384615385 0.14111717307692306
0 0.33379186538461536 0.8201380096153846 0.3590456706730769 0.8476682427884616 0.37422370673076927 0.8591726754807693 0.4029499855769231 0.8035814543269232 0.42941969711538464 0.7893605456730769 0.40265888221153845 0.7487549759615385 0.3455092379807692 0.7721466875 0.3294870408653846 0.7908425673076922 0.33379186538461536 0.8201380096153846
0 0.588303704326923 1 0.6423022908653846 0.8298306538461537 0.6395421177884616 0.8231870985576923 0.585408923076923 0.7817974495192307 0.5145360600961538 0.7744509110576924 0.4759188894230769 0.8351198942307693 0.45353143028846155 0.9222145913461539 0.5056779687499999 0.9913634254807693 0.5307604014423076 1 0.588303704326923 1
0 0.6053811033653846 0.4608795192307692 0.6291218269230769 0.49097160576923077 0.6655607908653847 0.5126320889423077 0.7430654783653845 0.5247149254807693 0.7670049230769231 0.5366033533653846 0.7677082283653847 0.48848750240384614 0.794860326923077 0.4804872427884615 0.7729367860576922 0.45558887980769225 0.7605396274038461 0.43853873798076926 0.6959973317307693 0.4135922307692308 0.6347071129807692 0.42169664903846155 0.5898032211538461 0.4317754158653846 0.6053811033653846 0.4608795192307692
1 0.6073407115384616 0.5930592716346154 0.6388057043269231 0.5763728966346154 0.6914626682692308 0.5871458052884615 0.7318792668269231 0.6120886129807692 0.7455824663461539 0.6149617932692307 0.7676948677884615 0.6005681923076923 0.7824982980769231 0.5753769663461539 0.7761724086538462 0.5475008557692308 0.7409445889423077 0.5252897932692308 0.6954435865384615 0.5151131682692308 0.6599953413461539 0.5148337211538462 0.6239512980769231 0.51986225 0.5746062908653846 0.5386504855769231 0.5738388725961538 0.5907047115384615 0.5925084158653846 0.593465233173077 0.6073407115384616 0.5930592716346154
1 0.40300460576923075 0.713544983173077 0.38940662740384613 0.7359334134615385 0.3889476033653846 0.7445963653846154 0.39332500240384616 0.7612028485576924 0.40081931009615385 0.7637833461538462 0.41154290625 0.7668457043269231 0.42374702644230766 0.7729381370192308 0.43815693509615383 0.7823103677884615 0.4458720625 0.7843368269230768 0.4541658990384615 0.7821520504807692 0.4632387115384615 0.7802354951923077 0.4686974879807692 0.7814850288461539 0.47684100721153844 0.7773807788461539 0.47873315144230766 0.776772153846154 0.4838277235576923 0.7766361394230769 0.49350294951923074 0.7679962235576923 0.4999202596153846 0.7469157211538462 0.5059664374999999 0.7244697884615385 0.503784358173077 0.7186778629807692 0.48500513461538464 0.7096913701923077 0.45965397115384615 0.7003321923076923 0.43952021874999997 0.6978100889423077 0.4362940913461539 0.6998496033653846 0.41459191586538463 0.7043258076923077 0.40300460576923075 0.713544983173077
2 0.17354093509615384 0.35046189423076923 0.19428457451923078 0.3604623269230769 0.2023729014423077 0.32222517788461535 0.18729700240384617 0.3141763052884615 0.17354093509615384 0.35046189423076923
2 0.041804973557692304 0.7236268197115384 0.03437925 0.7451926899038461 0.07092904807692307 0.7665312932692309 0.07844381971153847 0.7362425865384616 0.041804973557692304 0.7236268197115384
2 0 0.8566465336538461 0.003349560096153846 0.8577998798076922 0.033749774038461536 0.8490278173076924 0.029860728365384615 0.8427831538461539 0.03610117307692308 0.8368759903846155 0.030907314903846152 0.8268291586538462 0 0.834303485576923 0 0.8566465336538461
2 0.33902756490384617 0.47447865865384614 0.3523855673076923 0.4718098581730769 0.3614652307692308 0.4655976706730769 0.3757722307692308 0.4601727836538462 0.3787317451923077 0.4435498125 0.3788096298076923 0.43529568750000003 0.3472281033653846 0.4264915336538462 0.31112072115384615 0.4389466033653846 0.30908511538461536 0.45690031490384614 0.3185934879807692 0.4695128774038461 0.33902756490384617 0.47447865865384614
2 0.5020487788461538 0.2671738052884615 0.5183496153846154 0.3174767307692308 0.5251547740384616 0.3538213149038461 0.5443649399038462 0.3956749278846154 0.5654323052884616 0.41991843990384614 0.5930161129807693 0.43256666826923074 0.6113456153846154 0.42566901201923074 0.6123628028846154 0.4178283245192308 0.63130103125 0.40925005528846153 0.6376304495192309 0.3981979399038461 0.6275054975961538 0.39095371153846153 0.5969525432692308 0.3552531129807692 0.5959435024038462 0.32153436298076926 0.6009320096153846 0.3119332524038461 0.6267546610576923 0.2906037548076923 0.6361330264423077 0.2755834038461539 0.6237381057692308 0.2725756346153846 0.6239320600961539 0.2720123461538461 0.5607842475961539 0.25278909615384615 0.5346167788461538 0.2506872043269231 0.5159161442307693 0.25621942548076926 0.5020487788461538 0.2671738052884615
2 1 0.20804386057692306 0.9683513533653846 0.20603936057692307 0.9568477091346155 0.21353214423076924 0.9428123990384615 0.21729538221153846 0.9161946778846153 0.2243545168269231 0.8262311778846154 0.43379503124999996 0.8154801802884616 0.42435500961538464 0.8042674663461539 0.43100286298076923 0.8073228894230768 0.44062840625 0.8177604038461539 0.45473103125 0.8107806947115385 0.46758446634615386 0.8198216490384616 0.4783258846153846 0.8174734014423077 0.48514568990384616 0.8270962235576923 0.4941972475961538 0.8360946923076923 0.5087269735576924 0.8522268052884615 0.5247904038461538 0.9207879110576923 0.5550811490384615 0.9700539639423076 0.571077201923077 0.9996464230769231 0.5846981658653847 1 0.5836713028846154 1 0.20804386057692306
2 0.20735154326923075 0.2758289735576923 0.19526394711538464 0.27166687980769233 0.18410496634615384 0.3097468197115385 0.19963081009615385 0.3150927956730769 0.20436479086538462 0.3181855024038462 0.20363460576923076 0.30346493028846155 0.20735154326923075 0.2758289735576923
0 0.40862127163461537 0.303952 0.4330150480769231 0.3212399639423077 0.45469436538461544 0.32703956490384617 0.47974027884615383 0.32733761298076924 0.49378797115384615 0.2972731370192308 0.5058406129807692 0.2687269639423077 0.5148945625 0.2402508846153846 0.51930628125 0.23180132211538462 0.5172007067307692 0.22718337259615387 0.4909364927884615 0.23033626923076925 0.45389419471153847 0.23477354567307693 0.4133743966346154 0.2407587355769231 0.4007470408653846 0.2602410072115385 0.40862127163461537 0.303952
2 0.47816633894230764 0 0.47262662740384614 0.0045416322115384615 0.4491542980769231 0.016689271634615387 0.46146764423076925 0.04262156971153846 0.4810054567307693 0.08116761057692308 0.48851678365384615 0.10978943509615384 0.49920636298076926 0.12359631009615385 0.5292483317307692 0.14847724759615383 0.5724421875 0.16326007451923077 0.6246130336538461 0.18556693269230767 0.645540689903846 0.16964026442307695 0.6657039158653847 0.14476438942307693 0.6685341971153846 0.11970346153846154 0.6672583990384615 0.11782400721153846 0.6517325552884615 0.11247802884615385 0.6414863028846154 0.09738364182692308 0.6157484567307693 0.0711719110576923 0.59997 0.04404647596153846 0.5777617067307692 0 0.47816633894230764 0
2 1 0.1470625096153846 0.9726793245192307 0.13394620192307694 0.9458700528846153 0.12471503125 0.9257318798076923 0.12039119711538461 0.8694762091346154 0.17827213461538463 0.8256865769230769 0.22377106490384616 0.9162045024038462 0.12764186057692306 0.8767373052884615 0.1605875264423077 0.7994029735576924 0.24896980528846152 0.7041543774038461 0.3452253076923077 0.6923006947115385 0.37624776201923077 0.69716853125 0.4165608028846154 0.7308955793269232 0.43431715625 0.7633317475961537 0.45250662500000005 0.7770885192307693 0.4704074639423077 0.7985476370192307 0.47955163221153846 0.8135109326923077 0.4838263076923077 0.8082070841346154 0.45830484375 0.80502528125 0.43351405528846154 0.8139793365384616 0.4313315841346154 0.8304385480769232 0.4141588389423077 0.9083020745192307 0.2425642620192308 0.9184027740384615 0.23024540865384616 0.9851403701923077 0.20317929567307694 1 0.20660247836538462 1 0.1470625096153846
2 0.5476741081730769 0.6204448822115385 0.5252399855769231 0.6375180216346154 0.5022170673076923 0.6563011442307692 0.49559332932692307 0.660703670673077 0.49568916105769234 0.682676673076923 0.4961210216346154 0.6961693966346154 0.5008483125000001 0.7121087668269231 0.5036214951923077 0.7188018052884615 0.6398175600961539 0.75615678125 0.6452862620192307 0.751356545673077 0.6659115216346153 0.7432016514423078 0.6965562812499999 0.7356164158653846 0.7203444807692307 0.7256927836538462 0.7485069927884616 0.7105695841346154 0.761238391826923 0.6443628004807693 0.7461624927884615 0.6363139254807693 0.7419364110576924 0.6300882259615384 0.7304397644230769 0.6261296129807692 0.6202344519230769 0.5910407067307692 0.5979798100961539 0.5890934711538461 0.5810074615384615 0.6013864903846154 0.5476741081730769 0.6204448822115385
2 0.1344297235576923 0.6926704086538462 0.13990204086538463 0.6767776490384616 0.14410394951923078 0.66771578125 0.1492460048076923 0.6589776370192308 0.13089610336538463 0.6558996274038461 0.11274101442307692 0.683582201923077 0.11036506490384615 0.7061892692307693 0.11785537019230768 0.7063381105769231 0.1344297235576923 0.6926704086538462
2 0.46875 0.4987980769230769 0.9375 0.9975961538461539