0 0.5664336370192308 0.5254555937500001 0.5345100576923077 0.6075742427884616 0.5180527740384615 0.6809871538461538 0.5246237644230769 0.7109594399038461 0.5398567307692308 0.6889914230769231 0.5609479807692308 0.6371109879807692 0.5716046850961539 0.5980619951923077 0.5735326057692307 0.5819152764423077 0.5716684206730769 0.5506645192307692 0.5701409831730769 0.5370859086538462 0.5672334014423077 0.5274370048076923 0.5664336370192308 0.5254555937500001
0 0.5867258485576923 0.6491018894230769 0.6034074831730769 0.6538852716346154 0.6154966562499999 0.6290994447115386 0.6275231490384615 0.5871580793269231 0.6320969663461539 0.5581914110576923 0.6305580192307693 0.5385867139423077 0.6342811274038461 0.524542579326923 0.6259272548076923 0.5211068461538462 0.6223422235576923 0.5140560697115385 0.6201284350961539 0.5174182163461538 0.6104956346153846 0.5510117812499999 0.6053194302884616 0.5777798701923077 0.5933126947115385 0.6207124471153846 0.5867258485576923 0.6491018894230769
0 0.41964359855769234 0.43770055769230765 0.3989236875 0.5035398798076923 0.3990301610576923 0.5088814110576924 0.42007739903846153 0.5162854278846154 0.42848132692307694 0.48409156971153844 0.43924302163461537 0.44797457211538466 0.4446713966346154 0.42763009375 0.4443908341346154 0.42289567307692305 0.4433331418269231 0.4258775384615384 0.4422227379807693 0.4083120673076923 0.4322533149038461 0.4094503221153846 0.42875749038461536 0.4131018798076923 0.41964359855769234 0.43770055769230765
0 0.4270796322115385 0.535978375 0.41763999759615383 0.5613596875 0.4118426274038462 0.5709763533653847 0.43118754807692306 0.5427958173076923 0.44556499759615387 0.5440713509615385 0.4509550673076923 0.5358162115384615 0.463862875 0.5240772307692307 0.46598392788461535 0.5106140168269231 0.47251722596153845 0.4787598052884615 0.4756719134615385 0.45721583173076924 0.47163291586538464 0.45463410096153845 0.4704598798076923 0.45572130528846155 0.4652478413461539 0.4542267764423077 0.4547302572115385 0.4652275745192308 0.4406533533653846 0.4977110721153846 0.4270796322115385 0.535978375
0 0.38241919230769233 0.3947773485576923 0.3589626153846154 0.43541228365384615 0.3485794759615385 0.45860670913461543 0.3427040480769231 0.47909676201923074 0.3437184254807692 0.4863959639423077 0.3454755769230769 0.4889256634615385 0.34143096875 0.5008517620192308 0.3363534399038462 0.5185592139423076 0.3484027283653846 0.5361404639423077 0.3547227115384616 0.5379526899038461 0.3687291850961539 0.5097196995192308 0.38780283413461536 0.46481658653846153 0.3973816105769231 0.4292911875 0.40449071875 0.39908040865384614 0.4004964951923077 0.37072304086538466 0.39820782692307694 0.37110707451923075 0.39213042548076926 0.3814647331730769 0.38241919230769233 0.3947773485576923
1 0.6794834783653846 0.6220969182692309 0.6788795240384615 0.5925763413461538 0.6791547283653846 0.553452389423077 0.6793662884615385 0.5290386418269231 0.6745063677884615 0.5459872019230769 0.6691108581730769 0.5897752211538462 0.6502359471153846 0.6516538725961538 0.65780078125 0.683225204326923 0.6738083028846155 0.6510762884615384 0.6794834783653846 0.6220969182692309
1 0.48781008173076923 0.8318642836538461 0.49773634615384615 0.8153281730769231 0.5195444230769231 0.7309112283653847 0.5100101899038462 0.71262759375 0.4898943942307692 0.7535086995192307 0.46840859855769235 0.8159527572115385 0.48781008173076923 0.8318642836538461
1 0.9560753822115384 0.6381143605769231 0.9556723245192308 0.63657521875 0.9528970865384616 0.6351223990384616 0.9454892091346154 0.6402255673076923 0.94177215625 0.6491246947115384 0.9383919711538462 0.6609127980769232 0.9341044158653846 0.6762186466346154 0.9294607668269231 0.69311971875 0.92815965625 0.7010142740384615 0.9280272788461539 0.7037139471153846 0.9292459447115384 0.7064725072115384 0.9308141177884616 0.7073054399038461 0.9331234975961539 0.7048467451923077 0.9340427019230769 0.7027012091346154 0.9359798485576923 0.6963578485576923 0.9378726105769231 0.6893447307692308 0.93942621875 0.6832199086538462 0.942153579326923 0.6737084759615384 0.9443441706730769 0.6660689759615385 0.9477792379807692 0.6570342403846153 0.9510816923076924 0.6514656466346154 0.9490975841346153 0.654674641826923 0.9515237331730769 0.6495118004807693 0.9560753822115384 0.6381143605769231
2 0.39459194230769234 0.6902087019230769 0.38950599278846154 0.6919259783653846 0.39794919951923075 0.6624810144230769 0.4198005841346154 0.5965828701923077 0.41874621875 0.5888341802884616 0.4093979278846154 0.6180196177884615 0.38695355528846154 0.6837477259615384 0.38355666826923074 0.6954762884615384 0.37224842548076925 0.7002823341346154 0.3438609567307692 0.7854407908653845 0.3306130360576923 0.8299338076923076 0.33292288221153843 0.8547420432692309 0.34478026201923073 0.8549116875 0.3598695745192308 0.8576506538461538 0.3638261899038462 0.8490939831730769 0.3737469975961538 0.8213867764423076 0.3865753028846154 0.7784160192307692 0.39809404326923076 0.7382453966346154 0.4038951586538462 0.7093568870192308 0.39669068509615385 0.6911937740384615 0.42299807451923077 0.6059863870192308 0.4228551394230769 0.5995941009615385 0.39459194230769234 0.6902087019230769
2 0.778820264423077 0.8325241754807693 0.7848444735576923 0.8031521153846154 0.7864777451923076 0.7737802788461539 0.7824828028846155 0.7765221802884615 0.7694998125 0.8078410360576923 0.7665184687500001 0.8419730600961538 0.7601932596153845 0.857023139423077 0.7530672620192308 0.9237490576923076 0.7497113990384616 0.9577736923076923 0.7477293052884615 0.9688676418269231 0.7549708076923077 0.9826611658653845 0.7576284134615385 0.9859965937499999 0.7649987908653846 0.986795954326923 0.78655996875 0.9437011778846155 0.7972756322115385 0.8546799711538462 0.7867945480769231 0.8270358942307693 0.778820264423077 0.8325241754807693
2 0.4966153076923077 0.839262125 0.5123680961538462 0.8449289663461539 0.5239942524038461 0.8358338725961538 0.549458625 0.74433459375 0.5519462644230769 0.7587196394230769 0.5512271586538462 0.7835134759615384 0.5368915985576923 0.8344675120192308 0.5497889423076923 0.8331011514423078 0.5505080504807692 0.8083073125 0.5581338557692308 0.8033953028846154 0.5831685961538462 0.7142777620192308 0.5579467475961539 0.7138348341346153 0.5324976826923077 0.7019929663461538 0.4966153076923077 0.839262125
0 0.307102625 0.38604753125 0.30596177163461535 0.4019819206730769 0.29215590384615386 0.4519544615384615 0.2987299206730769 0.46495431009615384 0.3066468004807692 0.46125640625000003 0.3378058870192308 0.38203943990384615 0.3455928846153846 0.3585933557692308 0.34989521634615384 0.33157468749999996 0.34375249759615384 0.31530385096153846 0.33938398798076924 0.31487249038461534 0.32671069711538464 0.3360414110576923 0.307102625 0.38604753125
2 0.4987095096153846 0.7326022788461538 0.48960276682692305 0.7521110144230769 0.48474753125000003 0.7755217259615385 0.47071993269230766 0.8143706658653845 0.48147778846153844 0.8302127836538461 0.48414756009615384 0.8302665480769231 0.4810211514423077 0.8361046322115384 0.4785805841346154 0.8374306586538461 0.4736564086538462 0.8387015504807693 0.47094735817307687 0.8358988990384616 0.4657702980769231 0.8330455841346154 0.46434859134615386 0.8380036706730769 0.46872326923076923 0.8473067235576923 0.4786073725961538 0.8481150961538462 0.48595849759615384 0.8354945480769231 0.4901283317307692 0.82595871875 0.4960303100961539 0.8169195721153847 0.5196594711538461 0.7265640120192308 0.5099360793269231 0.7143584254807693 0.5095196129807692 0.7129249447115384 0.5048119158653847 0.7242776370192308 0.4987095096153846 0.7326022788461538
2 0.8362273798076922 0.7733173076923077 0.8351268533653846 0.7562474375 0.8317328509615384 0.747882625 0.8286073317307692 0.7436464879807693 0.8254818149038462 0.7394103509615384 0.8253478990384615 0.7326921322115385 0.8296936033653846 0.7024007451923077 0.8271573052884615 0.6997023798076923 0.8238581418269231 0.7054361778846154 0.8262190192307692 0.7094530576923077 0.8221156923076923 0.7417850384615385 0.8176090817307693 0.7445444807692307 0.8191778870192308 0.7181655528846154 0.8178226923076923 0.7171199254807692 0.8137457115384615 0.7507735264423077 0.8104871634615385 0.7585448173076923 0.8082079543269232 0.7679657427884615 0.8053254567307693 0.8140621802884614 0.8030188076923076 0.8221064206730768 0.80021490625 0.8340050192307692 0.8004702211538461 0.8374728918269232 0.8122609951923077 0.8475336586538462 0.8159634519230768 0.8425725360576923 0.8216900048076923 0.8348519038461538 0.8301664711538461 0.8024050841346154 0.8362273798076922 0.7733173076923077
1 0.24724489182692308 0.42505977163461534 0.24506784855769229 0.4645144182692308 0.2560555649038462 0.4724285721153846 0.2749063533653846 0.4272425432692308 0.2741827548076923 0.39171962740384614 0.26734060096153844 0.38784132932692306 0.25953586538461537 0.38938128846153847 0.24724489182692308 0.42505977163461534
1 0.8574410961538461 0.7291373533653847 0.8540835192307692 0.7327190480769231 0.8476527283653846 0.7323533701923076 0.8374767548076923 0.7597136466346155 0.8328843437500001 0.7659526538461539 0.8263206706730769 0.7807153413461538 0.8273031490384616 0.8082091057692308 0.8367909278846154 0.8109296802884616 0.850519451923077 0.7695311177884616 0.8616569399038462 0.7258017596153846 0.8628917740384616 0.723144451923077 0.8624548365384614 0.7230191610576924 0.8574410961538461 0.7291373533653847
1 0.9278669639423077 0.6886657620192308 0.9321327692307692 0.6823878557692308 0.9479049134615385 0.6399874639423077 0.947292110576923 0.6318178677884615 0.9500562572115385 0.6187033149038462 0.9486130120192308 0.614018766826923 0.9542896177884616 0.5804405817307692 0.9559823341346154 0.5750674350961538 0.9539305 0.5702083774038461 0.9515927283653846 0.5743562620192308 0.94407578125 0.6292530216346154 0.9365415745192307 0.6607107211538461 0.9305079903846154 0.6771584831730769 0.9278669639423077 0.6886657620192308
1 0.3527687716346154 0.4438202115384616 0.3548306658653846 0.44140005769230767 0.35896522596153846 0.4269811322115385 0.3671742139423077 0.3943481081730769 0.3692853317307693 0.37338093509615383 0.37288460817307695 0.36324348076923074 0.37243363701923077 0.3616358461538462 0.3630384182692307 0.37679115865384616 0.34823558653846154 0.4172246394230769 0.34329321634615384 0.4448263149038461 0.3430211682692308 0.4521946610576923 0.3527687716346154 0.4438202115384616