2 0.42513176923076923 0.44301601201923074 0.3678882307692308 0.4727565360576923 0.39004550240384617 0.5202729591346154 0.39560591586538457 0.5496430288461538 0.33886567307692306 0.5761014375 0.3914891947115385 0.7281556947115385 0.42034414423076927 0.74210971875 0.45799026201923076 0.7139065721153847 0.5425266129807692 0.6729629134615384 0.5996742548076923 0.6691351899038461 0.63786034375 0.7030999158653847 0.663383108173077 0.6881510288461539 0.6312811081730769 0.5539367379807693 0.5784377187499999 0.48417790384615383 0.5369017115384616 0.4822320024038461 0.48165885576923073 0.49886740865384616 0.46505312980769226 0.5111819230769231 0.42513176923076923 0.44301601201923074
2 0.17957630528846155 0.6627266153846154 0.2317986298076923 0.7819366706730769 0.30140835336538463 0.7293360985576923 0.3339886730769231 0.7342846706730769 0.26890059134615385 0.6235785096153846 0.20982002884615386 0.6410577139423077 0.18965114663461538 0.6555066322115385 0.17957630528846155 0.6627266153846154
2 0.5576104927884615 0.7889295504807692 0.5257072932692307 0.8298494807692307 0.61009584375 0.971067125 0.6306775865384615 0.990753 0.7519967524038461 0.9341809447115386 0.7606710024038462 0.9112735673076924 0.7089858894230769 0.8252996490384615 0.6504098461538461 0.7692652884615385 0.6062774591346154 0.7690204879807693 0.5975878822115385 0.7702877884615386 0.5576104927884615 0.7889295504807692
2 0.6108473293269231 1 0.6217197932692307 0.9949300865384616 0.6094012932692308 0.9843162836538462 0.5355796201923076 0.8363322572115385 0.4754397764423077 0.7849152043269231 0.4251457235576923 0.8011344519230769 0.4625282019230769 0.8451065721153845 0.4907954903846154 0.9005624326923077 0.3777206802884615 0.9785626923076923 0.3887595168269231 1 0.6108473293269231 1
2 0.14274693509615385 0.5964290168269231 0.14797314423076924 0.6123991394230769 0.15569167067307693 0.6313578822115384 0.1803102980769231 0.6123645480769231 0.20502334134615385 0.5983361730769231 0.24829462740384617 0.5714681177884615 0.2891535841346154 0.5657959206730769 0.2691515793269231 0.5324765769230769 0.25423012740384615 0.52439009375 0.23182136298076922 0.5289723028846154 0.21532733173076923 0.5366635961538462 0.2064779615384615 0.5249049855769231 0.16527759374999998 0.5466390408653846 0.16975868990384615 0.55624878125 0.14852985576923078 0.5753427620192307 0.14274693509615385 0.5964290168269231
0 1 0.5309923701923077 0.9095112596153846 0.5510318052884615 0.8398753629807693 0.6272883966346154 0.8770847572115384 0.7237779495192308 1 0.78223765625 1 0.5309923701923077
2 0.2025625456730769 0.4681816899038462 0.2052497548076923 0.4628653918269231 0.20242214423076924 0.45625011298076923 0.19249753365384617 0.43261054567307694 0.18884691346153845 0.4294439831730769 0.18384647596153847 0.4309525697115385 0.18399547115384612 0.4306203822115385 0.1798287596153846 0.4325633509615385 0.17772337019230772 0.43210896875 0.17656156009615384 0.4328258701923077 0.16932538701923078 0.43635777644230767 0.16668943990384613 0.43837506730769227 0.16492328125 0.44140539663461537 0.1597347091346154 0.4443152572115385 0.1584703701923077 0.44616583413461536 0.17304421153846153 0.48052768509615384 0.1826792764423077 0.47908220432692306 0.1993993581730769 0.47067251682692307 0.2025625456730769 0.4681816899038462
2 0.28720280769230766 0.5747970192307692 0.25576119711538464 0.5911398221153846 0.2537345985576923 0.5987751634615385 0.27153366346153845 0.6297765961538461 0.2908097548076923 0.6567266009615385 0.30352134134615383 0.6792242067307692 0.32156048076923077 0.705927858173077 0.3358753341346154 0.7318636802884615 0.33913867548076926 0.7412181129807693 0.34444702403846156 0.7454331129807692 0.3509547211538461 0.7474075096153846 0.3652388894230769 0.7541273389423077 0.3778821850961539 0.7549219975961539 0.4072595889423077 0.7437275817307692 0.40986666105769226 0.734980891826923 0.3921617980769231 0.7256878413461538 0.37441397115384617 0.6804587163461538 0.3503987355769231 0.6122139927884616 0.3415378846153846 0.5812304375 0.34375445673076926 0.5668336995192308 0.3639535721153846 0.5599191899038461 0.3884198341346154 0.5501742067307692 0.3807252860576923 0.5504170745192307 0.36630216826923073 0.5529743677884615 0.34141278365384614 0.5570494879807693 0.3110761057692307 0.5661867259615385 0.28720280769230766 0.5747970192307692
2 0.3691179951923077 0.4106741466346154 0.3799246033653846 0.4137964350961539 0.3861891802884615 0.4038696442307692 0.38767283894230775 0.3903576009615385 0.4004417932692308 0.3844033389423077 0.38447245432692306 0.3801856826923077 0.37770327403846155 0.3856715576923077 0.3725764927884615 0.3880622163461539 0.3269808822115384 0.43380827884615386 0.3704404182692308 0.4368713245192308 0.3661699014423077 0.41437821874999997 0.3691179951923077 0.4106741466346154
2 0.10819057211538462 0.5160061009615384 0.12248391586538461 0.5247007259615384 0.15418432932692308 0.5156806682692308 0.15397542788461538 0.5042539086538461 0.1428455480769231 0.4748713485576923 0.0929312235576923 0.4943112283653846 0.10819057211538462 0.5160061009615384
2 0.1917701418269231 0.6913328197115385 0.14101702644230768 0.6011412908653846 0.15005531490384616 0.5692896802884616 0.13310897115384615 0.5609214447115385 0.08559483653846155 0.5847064447115384 0.06796467307692308 0.5701594086538462 0.049502675480769226 0.5771395841346154 0.11412571153846153 0.7063996923076924 0.12008757451923077 0.7052484254807693 0.13862872836538462 0.7031002139423077 0.1917701418269231 0.6913328197115385
2 0.4014423076923077 0.43990384615384615 0.8028846153846154 0.5576923076923077