0 0.8138409831730768 0.5227997091346154 0.8328984447115384 0.5403353846153846 0.8845811634615385 0.5350570072115385 0.9031299903846153 0.5238505961538462 0.893091389423077 0.46947271394230766 0.8649353413461539 0.4213331730769231 0.8313156201923076 0.37409316586538466 0.8287949927884615 0.3730421971153846 0.8433690240384616 0.33138655048076926 0.8602832620192308 0.3217024158653846 0.8398111274038461 0.3210536658653846 0.8245558846153845 0.35232304326923075 0.8192811009615385 0.35799938942307696 0.8011475793269232 0.35364474278846153 0.7970447379807692 0.33963940625 0.7991337524038461 0.33311880769230773 0.7875929086538461 0.3457722668269231 0.7877602067307692 0.3630739206730769 0.7880718653846154 0.3870642956730769 0.7918133725961538 0.43783145673076923 0.7973554182692308 0.4812402163461539 0.8138409831730768 0.5227997091346154
0 0.5358435769230769 0.43482165865384614 0.5382466514423077 0.4388360625 0.5304779278846155 0.45530028125000005 0.5212135721153847 0.48399363942307694 0.5240669735576924 0.4968003677884615 0.5345702091346154 0.5152510456730769 0.5467520793269232 0.5221012644230769 0.5594192860576923 0.5198146730769231 0.562695329326923 0.5083335600961538 0.5583649158653846 0.4822461778846154 0.54902371875 0.455117375 0.5421793557692308 0.44573761298076925 0.5418264471153846 0.42517528125 0.5415442427884616 0.4183778365384615 0.5399549302884615 0.41823338701923074 0.5358435769230769 0.43482165865384614
0 0.4489718100961539 0.5207388149038461 0.4521759326923077 0.5209073701923077 0.45579631490384614 0.5218474134615385 0.4623251153846154 0.5117453076923076 0.4599723653846154 0.5001495769230769 0.45646002403846153 0.4971418774038462 0.4546007451923077 0.489749516826923 0.44600435817307693 0.48266878605769226 0.4446578918269231 0.48313241346153846 0.4379560769230769 0.49987633173076923 0.44166192788461534 0.5154017475961539 0.4489718100961539 0.5207388149038461
1 0.4983746875 0.49654335817307693 0.4921821610576923 0.49017449038461536 0.4819463653846154 0.47770076923076926 0.47678794951923076 0.4769109975961538 0.47614802644230764 0.4595489543269231 0.4746380576923077 0.45730210576923075 0.47413633894230767 0.45885824759615385 0.47292945673076925 0.46400409855769226 0.4727816682692308 0.46999015625 0.47331011057692307 0.47672512740384615 0.47315051682692305 0.47796265144230765 0.4702301346153846 0.4815341778846154 0.46892144711538464 0.48633576682692303 0.47284578365384616 0.5011835072115385 0.47696784615384613 0.5041151418269231 0.4845449254807692 0.5028895288461539 0.49328997355769233 0.5020426971153846 0.4983746875 0.49654335817307693
1 0.40310931490384616 0.4863493389423077 0.4024946225961538 0.49370104567307693 0.40332465144230767 0.49888184855769235 0.40560606730769233 0.5027373341346154 0.4171178629807692 0.5050656754807693 0.4177862379807692 0.5014663221153847 0.4144206610576923 0.4916919735576923 0.40954890625 0.48580545913461537 0.4076667716346154 0.4776177091346154 0.4054610673076923 0.47670374519230774 0.4054843197115385 0.4758478581730769 0.4040702355769231 0.48180137019230773 0.40310931490384616 0.4863493389423077
1 0.6292545721153846 0.46281263942307693 0.6246765889423076 0.46438896634615384 0.6013448918269231 0.4462499471153846 0.628599108173077 0.47330216346153847 0.6404326201923076 0.48288291346153844 0.6433388245192307 0.4591009879807692 0.6415873509615384 0.45401433653846157 0.6323931225961539 0.4446627548076923 0.6292545721153846 0.46281263942307693
2 0.6210832355769231 0.531470954326923 0.6209834158653845 0.46858358413461537 0.6190675360576924 0.46627568990384616 0.6171130889423077 0.4713888822115385 0.6101413846153846 0.4737894326923077 0.6111310240384615 0.5284717235576923 0.5979667596153846 0.5280511298076923 0.6095187692307692 0.6058270865384615 0.6101300673076924 0.6076024278846154 0.6298701923076924 0.6141929591346154 0.6296018966346154 0.5389577596153846 0.6210832355769231 0.531470954326923
0 0.4185783677884615 0.49603934375 0.4214463677884615 0.49003146153846155 0.4180270673076923 0.48850898557692307 0.41531763221153845 0.4840422524038462 0.4175775697115384 0.48132289182692306 0.4145501730769231 0.4792861610576923 0.4053568942307692 0.4778106225961538 0.4039646490384615 0.5006919350961538 0.4186359639423077 0.5037396971153846 0.42022661538461537 0.5016524158653847 0.4185783677884615 0.49603934375
1 0.6432807596153847 0.46014736538461537 0.6520563581730769 0.46172209375 0.6623349375 0.45925390384615383 0.6646935985576923 0.4545370336538461 0.6588342331730769 0.44135964423076923 0.65504178125 0.4295679495192308 0.6504551490384615 0.4300985600961538 0.6411041370192307 0.4322473629807692 0.6343274759615384 0.4356517644230769 0.6315292283653846 0.4390919831730769 0.6317421514423077 0.4397103629807692 0.6301258028846154 0.4427436225961538 0.6432807596153847 0.46014736538461537
2 0.3401407403846154 0.5658209759615385 0.3396913269230769 0.5684524302884616 0.33737234134615385 0.5848028533653846 0.3433828076923077 0.5899625913461539 0.3449076201923077 0.59439096875 0.3468430048076923 0.5946170697115385 0.34887154807692305 0.5941417139423076 0.3500009014423077 0.5885763052884616 0.34795799278846157 0.5865799014423076 0.3577056826923077 0.5859233365384615 0.3619921923076923 0.590984985576923 0.36381468028846153 0.5899111995192308 0.36548415624999997 0.5726464735576923 0.3605970817307692 0.56486865625 0.35140633413461536 0.5646640697115385 0.3401407403846154 0.5658209759615385
1 0.3226549783653846 0.5324376298076923 0.33132348557692304 0.5354995552884616 0.33421338942307693 0.5224110144230769 0.3314728485576923 0.5144519038461538 0.3220132379807692 0.5091410408653846 0.31844457211538457 0.52020971875 0.3226549783653846 0.5324376298076923
1 0.036937408653846156 0.679281201923077 0.0423870625 0.7067722692307693 0.05486383653846154 0.7430074567307692 0.05667372596153846 0.734023795673077 0.054399882211538464 0.7170681682692308 0.04887679567307693 0.6958763028846153 0.035604276442307695 0.6560664903846154 0.03611969471153846 0.6665544759615384 0.036937408653846156 0.679281201923077