0 0.32625890865384616 0.7625648870192308 0.32113293750000005 0.7634455360576923 0.2906897740384615 0.7801279086538462 0.27920286298076924 0.8267157115384615 0.27550087259615386 0.8801091418269231 0.2814068004807692 0.9353025024038462 0.3014316129807692 0.9395757620192308 0.3119655817307692 0.9449126033653846 0.3520439326923077 0.920053625 0.3453148413461538 0.9209902548076924 0.34295838461538464 0.7967895168269231 0.32625890865384616 0.7625648870192308
1 0.9256826850961539 0.6505099639423076 0.9468484711538461 0.63024675 0.9527113341346154 0.5893464927884615 0.9453743461538462 0.5097979927884615 0.9326873509615384 0.4858359230769231 0.903906329326923 0.44449811057692307 0.8885422355769231 0.3961939086538461 0.8769453581730768 0.3770442836538462 0.8651095697115385 0.3774575985576923 0.861573764423077 0.38084525721153845 0.8724540528846153 0.4049009254807692 0.8833661826923076 0.482677233173077 0.88723496875 0.54114490625 0.9044642932692307 0.5910313173076923 0.9158946442307693 0.6313276826923077 0.9256826850961539 0.6505099639423076
1 0.19619417788461538 0.7160391538461539 0.2175706875 0.8040052451923076 0.24550706730769228 0.8182218677884615 0.2649632139423077 0.8140342091346154 0.26491861298076924 0.7941761081730768 0.27256090625 0.6947024591346154 0.2378479471153846 0.6737060096153846 0.21113101201923076 0.675828735576923 0.19619417788461538 0.7160391538461539
1 0.515699125 0.6630270312500001 0.5101394350961539 0.6622449735576923 0.493533875 0.6776509567307692 0.4877274927884615 0.7015876923076922 0.4805764543269231 0.7344487403846155 0.4823628317307692 0.7699568076923077 0.49028439903846155 0.79045503125 0.5028815961538462 0.8186911322115384 0.5168043221153846 0.8369663677884615 0.5329738269230769 0.840367548076923 0.5439559519230769 0.8380011298076924 0.5615903149038461 0.8364091201923076 0.5780800216346154 0.8328436586538461 0.5813140120192307 0.8149455024038462 0.5846734254807692 0.7683669591346154 0.5877232139423076 0.7129218677884614 0.5827484735576923 0.6814604663461539 0.5696511634615384 0.6393919278846153 0.5612946057692307 0.6377313389423077 0.5333270697115384 0.6446262235576923 0.5378133317307692 0.6464524759615385 0.5303461899038462 0.6546143894230769 0.515699125 0.6630270312500001
2 0.3434869110576923 0.7478693221153846 0.3571071971153846 0.8132264783653846 0.3640544278846154 0.9041064567307693 0.3691779447115385 0.942762173076923 0.4088757259615384 0.97008240625 0.4141895841346154 0.8787437548076924 0.43259385336538464 0.8375885793269231 0.45340763942307694 0.8385395961538461 0.4413198389423077 0.7090044975961539 0.39101780528846153 0.6753126586538462 0.3578699471153846 0.7001126586538462 0.3434869110576923 0.7478693221153846
2 0.3996062572115384 0.6845917499999999 0.4065824423076923 0.6868191538461539 0.4079638509615385 0.6867709134615385 0.40960733413461536 0.6546208004807692 0.40969810336538465 0.6176133798076923 0.4076272139423077 0.5979175600961538 0.39873652163461537 0.5809614110576923 0.38701387740384613 0.5616331442307693 0.38409574278846154 0.5567930096153846 0.3743396826923077 0.5546626826923077 0.36183785817307695 0.5526282379807692 0.3387327283653846 0.5633191586538462 0.3308751875 0.5759486370192307 0.32752260817307693 0.5982743629807692 0.3277800985576923 0.6056479158653846 0.32976480288461535 0.622875733173077 0.3374294014423077 0.6448167283653846 0.3395854110576923 0.6669500889423077 0.34303664423076924 0.6865672043269231 0.34510646875 0.7062325552884615 0.3613226658653846 0.6958127115384615 0.36527747355769236 0.6907325721153845 0.3717536009615384 0.6781513317307692 0.3870182475961539 0.6800892980769231 0.3996062572115384 0.6845917499999999
2 0.49697567548076926 1 0.4959668245192308 0.994740920673077 0.5075613870192307 0.9825300552884616 0.4967254831730769 0.9646351274038462 0.5285959254807693 0.9130341129807692 0.5209669254807692 0.8842889495192308 0.528484204326923 0.9098348461538461 0.5240440528846154 0.8863474447115384 0.504240639423077 0.8698333942307692 0.4950497067307692 0.6413564326923077 0.49418999038461536 0.6338513774038461 0.4661872475961539 0.6240910072115384 0.4737534158653846 0.8236436346153847 0.4696708028846154 0.8270198798076923 0.460426625 0.8380809423076924 0.4537893125 0.837245 0.43712258653846153 0.8420979086538461 0.41602529326923077 0.8750798942307692 0.41222993990384615 0.9213991057692308 0.4158984927884615 1 0.49697567548076926 1
2 0.6979331658653846 0.7976943100961538 0.6811499759615385 0.8070357259615384 0.6854156658653847 0.859266235576923 0.7003708100961539 0.8674993245192308 0.7182967451923077 0.8908818629807692 0.7167697379807693 0.9869998052884615 0.7167098052884615 0.9927370985576923 0.7842455985576924 0.9903786971153846 0.7801742067307693 0.8428699519230769 0.769792326923077 0.8257523341346154 0.7499606754807692 0.8177200456730769 0.7406545649038462 0.7962024471153846 0.7302045673076923 0.8118510697115385 0.6979331658653846 0.7976943100961538
2 0.2858683197115385 0.6317911778846154 0.29268108653846153 0.7080632908653846 0.29688986538461537 0.7498626033653846 0.31819726201923076 0.7664156538461538 0.34285159134615384 0.8000879375000001 0.3450121826923077 0.7827458725961538 0.34596373317307694 0.7703880624999999 0.34613962259615383 0.7358181802884616 0.3355308798076923 0.6300569230769231 0.31536446153846154 0.6060814807692307 0.2936236826923077 0.6167247548076923 0.2858683197115385 0.6317911778846154
2 0.6912987740384615 0.8730881826923077 0.6829549375 0.8678357139423076 0.6857182091346155 0.8620622572115385 0.6699492091346154 0.6227106826923077 0.6659536322115385 0.614888045673077 0.6276523725961538 0.6016435024038461 0.6428230048076924 0.8302167091346154 0.6412357548076923 0.8415733653846154 0.632649545673077 0.8411526033653847 0.6314160072115385 0.8257950408653846 0.6245480817307693 0.8310684254807692 0.6021707572115385 0.8278840312500001 0.6007809663461539 0.8941924375 0.6191489903846155 0.9103498653846154 0.6275760168269231 0.9009565480769232 0.628333 0.918428579326923 0.6375836971153847 0.9025828701923077 0.6388172307692308 0.9179404350961539 0.665753360576923 0.9392084567307692 0.6730608749999999 0.9611924278846153 0.6531486947115385 0.994956701923077 0.7152340144230769 0.9927886346153846 0.7163302836538462 0.8888455913461539 0.7079864471153846 0.8835931225961539 0.7061262596153846 0.8799178149038462 0.6996426105769231 0.8783406538461538 0.6959222331730769 0.8709900336538462 0.6912987740384615 0.8730881826923077
2 0.3171572740384615 0.7610828461538461 0.2792528052884615 0.7948958028846154 0.27389747355769234 0.8503298870192307 0.27826901682692307 0.89727909375 0.2878713485576923 0.9375477740384616 0.29178803846153845 0.9455562067307692 0.31079745673076925 0.9432450384615384 0.35461261778846154 0.9222213942307692 0.3450928389423077 0.8055923413461539 0.3171572740384615 0.7610828461538461
2 0.18856961057692306 0.49574421874999997 0.17668335817307693 0.5020470288461538 0.17279576442307693 0.5061181129807693 0.17551223076923075 0.5315876033653846 0.17799227884615385 0.5708237331730769 0.1869651418269231 0.5862211850961538 0.19288161057692307 0.6089553798076923 0.19999413942307692 0.6126423317307692 0.20923600961538463 0.6044489495192308 0.21773006730769232 0.6061352451923077 0.2182569903846154 0.6001986057692308 0.20771093749999997 0.49769933894230767 0.19810940144230768 0.4960822235576923 0.18856961057692306 0.49574421874999997
2 0.7653731442307692 0.5933412019230769 0.7566123557692308 0.6043091177884615 0.7466121850961538 0.6025228846153846 0.7296396322115384 0.6059526754807693 0.7287926899038462 0.6159273341346154 0.7429899879807693 0.6239733413461538 0.7466899086538461 0.7069435408653846 0.7509813677884616 0.7046582307692308 0.7678585240384616 0.7097430552884615 0.7821303076923076 0.7199219110576922 0.7839652908653847 0.5905717572115384 0.7741339302884616 0.5823732860576923 0.7686986682692307 0.5861323389423077 0.7689465841346154 0.5932316706730769 0.7653731442307692 0.5933412019230769
2 0.4708089182692307 0.7512226057692307 0.46380308413461535 0.7458642475961538 0.46992617548076926 0.7311598894230769 0.45427894230769233 0.7109314519230769 0.4373572764423077 0.7016383004807693 0.4360136850961539 0.7105930841346153 0.44257354326923076 0.74001621875 0.4536433918269231 0.8355112307692308 0.4651883125 0.8331251586538462 0.4628391394230769 0.7976367427884615 0.47748514182692303 0.7891936322115385 0.4822415673076923 0.7831092956730769 0.4789616394230769 0.7683977283653847 0.48045518990384617 0.7476012283653847 0.4769731947115385 0.7427502812500001 0.47441785336538456 0.7487882596153846 0.4708089182692307 0.7512226057692307
2 0.5434469855769231 0.6405510480769231 0.5636906201923076 0.639844125 0.5828963100961538 0.6866718942307692 0.5825648822115385 0.6512655504807692 0.5983625336538462 0.6523307235576923 0.6037687932692308 0.6521419326923077 0.6145358004807693 0.6123211802884615 0.6107968605769231 0.60842490625 0.5907157451923077 0.6010724663461539 0.5346332644230769 0.6199314471153846 0.5333364951923077 0.6473409639423077 0.5434469855769231 0.6405510480769231
2 0.28677587740384614 0.5898131995192307 0.2610463918269231 0.5850069975961538 0.2665242596153846 0.6504349495192308 0.2806908293269231 0.6898731033653847 0.28677587740384614 0.5898131995192307
0 0.18780360576923077 0.5926287524038462 0.17930605048076925 0.5786179975961538 0.17148921153846153 0.5708982932692307 0.15852637259615385 0.5776657884615385 0.14919594711538461 0.5872350504807693 0.14670326201923076 0.5970231298076923 0.1445834375 0.6101538894230769 0.147050375 0.6201653557692308 0.15155864903846153 0.6280005961538462 0.16547292307692307 0.6279417884615385 0.17545427644230768 0.6238104399038461 0.1881198341346154 0.6153754759615384 0.19134154326923078 0.6064161201923077 0.18780360576923077 0.5926287524038462
1 0.06905531971153846 0.4467146105769231 0.04992409855769231 0.5051922932692308 0.04121450240384616 0.5071132764423077 0.0377776875 0.5299605528846154 0.051168990384615386 0.5408412956730769 0.05747442067307692 0.5135924423076923 0.05975782692307692 0.49243279086538466 0.0701283846153846 0.45152765144230766 0.06905531971153846 0.4467146105769231
1 0.043735432692307695 0.5059575216346154 0.040870459134615386 0.4689007860576923 0.03151033173076923 0.47615259855769226 0.028671783653846154 0.4770143846153846 0.02802180769230769 0.5077875216346154 0.027278985576923077 0.5231886802884615 0.02666882451923077 0.530653545673077 0.037566617788461536 0.5302729879807692 0.03968538221153846 0.5171117596153846 0.042211110576923075 0.5072920192307693 0.043735432692307695 0.5059575216346154
1 0.0012082475961538463 0.5433272331730769 0.00315371875 0.5990382019230769 0.028322850961538464 0.620559125 0.03381732932692308 0.6072495096153846 0.028224728365384612 0.5914670865384616 0.01144692548076923 0.5441198149038462 0.003596649038461538 0.5427771153846154 0.0012082475961538463 0.5433272331730769
1 0.4295514278846154 0.6199097139423076 0.4317228774038462 0.6165697019230769 0.4419188509615385 0.6063600889423078 0.44197925721153847 0.5948875745192308 0.44192581009615384 0.580154858173077 0.44297628125 0.5711187884615385 0.4360775576923077 0.5574182788461539 0.4241764951923077 0.544716125 0.4124765336538462 0.5377726586538462 0.39815526201923074 0.534978076923077 0.39543822596153844 0.5358966322115385 0.38055968990384614 0.529857326923077 0.38023590625 0.5601919855769231 0.3943531298076923 0.5703457283653847 0.3993237908653846 0.5816425528846154 0.40133403125 0.5996016274038461 0.40522548798076924 0.6191118485576923 0.4109745144230769 0.6262936370192308 0.4156196153846154 0.6277787716346155 0.4214567067307692 0.6242802427884615 0.4295514278846154 0.6199097139423076
1 0.3248673221153846 0.48018533653846157 0.32633416346153843 0.5290358557692307 0.3315741995192308 0.5279986899038461 0.33206813701923077 0.5211175024038461 0.33653187500000004 0.5252325216346153 0.3492368028846154 0.5179249182692307 0.3516272235576923 0.5242782908653847 0.3563748341346154 0.5228312307692308 0.3593166225961539 0.5244368605769231 0.3603919038461539 0.5278465336538462 0.36899166586538457 0.5266920432692308 0.36740746634615384 0.5052861201923077 0.35901664182692306 0.5090009350961539 0.3557084447115385 0.5003255360576924 0.36582326682692307 0.4838801971153846 0.36420978125 0.47923855769230767 0.3550420576923077 0.47781983653846155 0.3248673221153846 0.48018533653846157
2 0.5087275552884616 1 0.6465730192307693 0.9951863293269232 0.6682850817307693 0.9530309567307692 0.637873610576923 0.9055877932692307 0.6264266538461538 0.6692274495192307 0.5876595745192308 0.6563347403846154 0.5956183629807692 0.8842445985576923 0.5738034038461538 0.8536458293269231 0.5011253485576923 0.96741009375 0.4990581971153846 1 0.5087275552884616 1
1 0.6698888028846154 0.6170691105769232 0.6611293966346155 0.6143853701923077 0.6604468677884616 0.6029082956730769 0.6523699903846154 0.6117016274038461 0.6504193365384616 0.6040058701923077 0.6419567716346154 0.6100670985576924 0.6403918052884615 0.6051034471153847 0.6352512139423077 0.6182786826923077 0.6284492644230769 0.599525985576923 0.6165067259615384 0.5939485216346154 0.6024489447115384 0.6563979038461538 0.6129318533653846 0.6600281730769232 0.6069641225961538 0.6732322908653846 0.6019330600961539 0.6734079807692308 0.59193825 0.7397423221153846 0.59582040625 0.7545853918269232 0.6237204831730769 0.7526043894230768 0.6462714254807692 0.7578266514423077 0.6450170336538462 0.7378786033653846 0.64600590625 0.7338426490384615 0.6545490336538461 0.7435351586538462 0.6589533557692308 0.7603734158653845 0.6630921610576923 0.7532276682692308 0.6716352860576923 0.7629201778846154 0.6769336754807692 0.7547526490384615 0.6791281514423078 0.7696749903846154 0.6909307716346155 0.7712457500000001 0.6932052740384615 0.7561876850961539 0.6881145 0.7223813437500001 0.7091036322115385 0.7146624230769232 0.7076200432692308 0.632245295673077 0.7156790024038462 0.6144633701923077 0.7123543870192308 0.6155861802884615 0.7119713437499999 0.6046172548076924 0.7021581322115384 0.5959605576923077 0.6704743966346154 0.6018107211538462 0.6698888028846154 0.6170691105769232
1 0.1696600889423077 0.5199859951923077 0.1619225625 0.5052470504807692 0.15519183653846153 0.5325412596153846 0.14171563701923076 0.5671485072115384 0.13423861538461537 0.5799172307692307 0.13674619951923075 0.6047838894230769 0.14169719230769232 0.6067159375 0.1436491201923077 0.6024683990384616 0.1460257668269231 0.5903353822115385 0.15548450721153848 0.5741722596153847 0.1631004903846154 0.5722284519230769 0.1714891201923077 0.5723626033653846 0.172067875 0.55568590625 0.17006997836538462 0.54492590625 0.17073239663461537 0.5370016201923077 0.1696600889423077 0.5199859951923077
1 0.5116729855769231 0.44358263942307696 0.5081079375 0.43733130048076924 0.5061821201923077 0.43303613701923077 0.5034481778846154 0.4315147692307692 0.4981516298076923 0.4328894783653846 0.4942970528846154 0.4374170048076923 0.49245167788461536 0.44227094951923074 0.4951025072115385 0.4604822115384615 0.50016284375 0.45234333413461536 0.5076935240384615 0.4508906081730769 0.5139769495192308 0.4518609350961539 0.513880125 0.44908823557692307 0.5116729855769231 0.44358263942307696
1 0.4798479182692308 0.4338947355769231 0.48318366826923076 0.47660921874999995 0.48839932451923074 0.49052103605769226 0.4936861730769231 0.4908245168269231 0.49861016586538465 0.48122609134615385 0.49884412259615385 0.4727676514423077 0.4969692572115385 0.4718874278846154 0.4957740456730769 0.46015369951923074 0.49183446634615385 0.46029127163461536 0.4906593173076923 0.43446289182692305 0.4798479182692308 0.4338947355769231
1 0.15983796874999998 0.5003168004807692 0.1533079375 0.4883727836538462 0.14541610096153848 0.4868179879807692 0.13856714423076924 0.4955684423076923 0.1388633966346154 0.5138314230769231 0.13605993990384616 0.5504149639423077 0.14162631971153847 0.5636128846153846 0.14448331730769232 0.5574118389423077 0.1507640625 0.5328789182692307 0.15983796874999998 0.5003168004807692
1 0.04185982211538461 0.4312213533653846 0.03876841105769231 0.45320238942307695 0.042077670673076925 0.4418604759615385 0.05372299759615384 0.40176500000000004 0.051605084134615384 0.4012593365384615 0.048713002403846156 0.4059667956730769 0.04185982211538461 0.4312213533653846
1 0.29580959375 0.7238173629807693 0.2909353629807692 0.7216385841346155 0.2831073701923077 0.7219119447115384 0.27708380528846155 0.7244712812499999 0.2698992307692308 0.7309454759615384 0.26584933173076924 0.7396591971153845 0.2654136730769231 0.7521210192307692 0.2653128966346154 0.7614594927884616 0.26440722115384613 0.7731750673076923 0.26503179326923076 0.7910605072115384 0.2675321153846154 0.8127852596153846 0.27836634375 0.8232976995192308 0.28301469711538463 0.8067839519230768 0.28616821875 0.797338875 0.2894739230769231 0.7917627932692307 0.29795463701923075 0.7852433365384616 0.31363697596153844 0.7722490913461539 0.3161920408653846 0.7706040384615385 0.3172977235576923 0.7651047836538462 0.3172434591346154 0.7635508533653846 0.31417234615384615 0.7504183269230769 0.30655365865384615 0.7444610745192308 0.3040344927884615 0.7344209254807693 0.3020874254807692 0.7290282740384615 0.29580959375 0.7238173629807693
2 0.46634615384615385 0.6646634615384616 0.6923076923076923 0.59375