2 0.78549259375 0.7478604999999999 0.7855041129807692 0.7485204639423078 0.7909409134615385 0.8101016225961538 0.8341281322115385 0.8257529278846154 0.8333035024038461 0.8277313173076923 0.8609620504807692 0.80691540625 0.8685715649038461 0.7910376081730769 0.8738809735576923 0.7443536778846155 0.8868005240384615 0.7323111826923078 0.9183270673076923 0.7324210528846155 0.9165299350961539 0.72916809375 0.9177433052884615 0.6989773028846155 0.8696578822115384 0.7030844615384615 0.7855387764423077 0.7012849399038461 0.7855500072115384 0.70192840625 0.7857219399038461 0.711778391826923 0.78549259375 0.7478604999999999
2 0.598188545673077 0.6313591850961539 0.6006204350961538 0.6305905528846154 0.6127536778846154 0.6252459711538462 0.6267317764423077 0.6132675216346154 0.6408171105769231 0.5796667475961539 0.627892360576923 0.5674317067307693 0.6051993076923077 0.5571991322115385 0.5811806009615385 0.5543175480769231 0.5753224615384616 0.5544198028846153 0.5464888004807692 0.5571346538461538 0.5309866201923077 0.5650961850961539 0.5209401971153846 0.6066969975961538 0.5214630096153846 0.6088829254807693 0.598188545673077 0.6313591850961539
1 0.7173874591346153 0.3837461153846154 0.7327326802884616 0.3882479663461539 0.7454286129807692 0.386111875 0.7342764134615384 0.40348737259615386 0.7308491658653846 0.4254812283653846 0.7411735841346154 0.43388318028846157 0.7476050673076924 0.4375998846153846 0.7591901201923077 0.44502258894230773 0.7592068245192307 0.4459795408653846 0.7567741033653845 0.4517489471153846 0.7567905168269231 0.4526894014423077 0.7670651129807692 0.4582370024038462 0.7799277932692308 0.4656539110576923 0.7863422860576923 0.4683971634615384 0.8528765745192307 0.4863146177884615 0.8844168245192308 0.46954048798076925 0.9232664471153846 0.4335764639423077 0.9141194350961539 0.41942701442307695 0.889816139423077 0.4141242836538461 0.8539996370192308 0.4042528173076923 0.8397432716346154 0.39019255048076923 0.8175286778846154 0.35814962499999997 0.8058102836538462 0.34308781971153846 0.8032389038461538 0.3421754639423077 0.7652507548076923 0.35429243749999995 0.7614905865384615 0.3572132932692308 0.755309079326923 0.36781783894230774 0.7439570144230768 0.3737429375 0.7173874591346153 0.3837461153846154
2 0.4986265360576923 0.5475229591346154 0.5016298942307692 0.5277480576923077 0.5016573557692308 0.5015554711538461 0.5023851826923077 0.48898309615384616 0.47805878125 0.4937153028846154 0.4772337644230769 0.5019817860576923 0.4764431514423077 0.5109573485576923 0.4776594182692308 0.5263675120192308 0.47806635336538467 0.5496807884615384 0.4795736274038462 0.5805007620192307 0.4824305793269231 0.5801043076923077 0.49970575 0.5815852163461538 0.4986265360576923 0.5475229591346154
2 0.4977875096153846 0.4843101514423077 0.5159125048076922 0.4839937788461538 0.5296217860576923 0.4389456778846154 0.5403844134615384 0.43332794471153846 0.5400054134615385 0.4116150817307692 0.4894521514423077 0.4220038894230769 0.4977875096153846 0.4843101514423077
2 0.8360634495192307 0.8722608894230769 0.8652718774038461 0.8607262716346155 0.8983415120192307 0.8444865889423077 0.8799869711538462 0.8291280120192308 0.8426723918269231 0.829350233173077 0.8262948629807692 0.83133603125 0.7918142115384617 0.8323670024038462 0.7868302716346154 0.8383789927884616 0.7819278317307692 0.8490602355769231 0.7897048725961539 0.8730700817307693 0.7880237860576924 0.8739411370192307 0.8360634495192307 0.8722608894230769
2 0.617883920673077 0.5203384807692307 0.6062624471153846 0.5335466129807692 0.6065098341346153 0.5477193725961539 0.6066440384615385 0.55540796875 0.6225993173076922 0.5645698509615384 0.63766803125 0.5696376706730769 0.6660762235576924 0.5703135985576924 0.7149778221153846 0.5700541682692308 0.7130197692307692 0.5033124999999999 0.6570682139423076 0.5060715889423076 0.6256547163461538 0.5137001995192307 0.617883920673077 0.5203384807692307
2 0.6969279326923077 0.4358437908653846 0.7042668894230769 0.38427221153846153 0.6212323004807693 0.3486862403846154 0.6223811057692308 0.41450129807692304 0.6969279326923077 0.4358437908653846
0 0.7419544447115385 0.21484279326923075 0.7656125985576924 0.22104800721153847 0.7937522620192308 0.23158161057692309 0.9424794735576923 0.2356037355769231 0.9496044975961537 0.22225953365384615 0.9905208173076924 0.20499166105769231 0.9903863245192308 0.19728656249999998 0.9885067235576923 0.17416402884615384 0.97170403125 0.13917141826923077 0.9466086322115385 0.13518634375 0.8492782043269231 0.12366541826923078 0.7877507235576923 0.14017077884615387 0.7629827740384615 0.1549452235576923 0.7455895408653846 0.17068021634615385 0.7428887139423076 0.18506947596153844 0.7388495625 0.2060837644230769 0.7419544447115385 0.21484279326923075
2 0.5799622884615384 0.4264645528846154 0.5978531586538461 0.4152595168269231 0.6128115721153846 0.41400816826923076 0.6199762379807693 0.3448791995192308 0.5920282788461538 0.3087277884615384 0.5533608389423077 0.31600439903846156 0.5477415649038462 0.3474603942307692 0.5478025 0.3761930793269231 0.5438386826923077 0.4267650096153846 0.5522650504807692 0.4299187596153846 0.5464153822115384 0.4481754447115385 0.5750914615384615 0.45031556971153847 0.5799622884615384 0.4264645528846154
2 0.7140077235576924 0.601561048076923 0.7073863990384616 0.6008514134615385 0.6975268365384615 0.6026739302884615 0.6547119927884615 0.6083560096153846 0.6132075216346153 0.6247429254807693 0.6115950240384616 0.6585716009615384 0.6774177668269231 0.6483453677884616 0.7017143028846153 0.6545229375 0.7172165673076923 0.6591870889423077 0.7140077235576924 0.601561048076923
2 0.5364236995192307 0.45252540625000004 0.5071011225961539 0.48528636778846157 0.5016784951923077 0.5848021033653846 0.5197772091346153 0.5943391754807692 0.5136930504807693 0.5890650168269231 0.5148262716346154 0.584572608173077 0.5206850865384616 0.5781987620192308 0.5253702091346154 0.572736625 0.5275301153846154 0.5601722620192308 0.5403181875 0.53933534375 0.5520111899038461 0.5239144014423076 0.5506344591346154 0.5131942259615385 0.559848610576923 0.49332741826923077 0.5726525216346153 0.47339795432692305 0.5747182548076923 0.455438375 0.5590514447115384 0.44765780769230773 0.5364236995192307 0.45252540625000004