0 0.1369734903846154 0.4530860216346154 0.17026646153846153 0.47039260336538463 0.22308334134615387 0.42440243990384613 0.24538831971153846 0.3939644927884615 0.2510632836538461 0.34181347355769226 0.25927107932692306 0.2649836850961539 0.24639256009615387 0.21284027403846156 0.20776336298076922 0.16115881250000003 0.13947947596153848 0.10985169471153845 0.08101413221153846 0.13466875961538463 0.06949010336538462 0.21985232932692306 0.055302420673076925 0.3175239543269231 0.057820644230769234 0.34526004326923077 0.07289339423076922 0.38076921394230767 0.10461658653846154 0.42491353846153845 0.1369734903846154 0.4530860216346154
0 0 0.6017261490384616 0.11041070673076922 0.8618374735576922 0.15860881490384615 0.8413785889423077 0.19592895913461536 0.8082541201923077 0.2413303389423077 0.7768678149038462 0.2587719519230769 0.7487576009615384 0.26044591826923075 0.7065678317307692 0.23994367788461538 0.6323450072115384 0.18772739182692308 0.5439311875 0.13530867548076925 0.4694296995192308 0.08681597836538463 0.40708811778846155 0.06568097596153846 0.3572971754807692 0.03770275480769231 0.3346072115384615 0.0043208629807692306 0.3453203846153846 0 0.34804073076923076 0 0.6017261490384616
2 0.3795582932692308 0.3998570216346154 0.3132600913461539 0.4227646538461538 0.35846717548076923 0.5161947427884616 0.3188423293269231 0.6325316875 0.28300468509615384 0.6398759831730769 0.2930540408653846 0.6722831754807692 0.3200852091346154 0.6922477379807692 0.47405566826923073 0.6792668942307691 0.4791055072115385 0.6299819086538462 0.41632273076923076 0.4078221682692308 0.3795582932692308 0.3998570216346154
0 0.2523917644230769 0.23784781249999998 0.27850435096153847 0.2192908341346154 0.26047646153846155 0.18516772596153847 0.2554073389423077 0.1773446778846154 0.24695470192307692 0.16473596153846154 0.2419450360576923 0.1674879182692308 0.22040623557692307 0.17600511778846156 0.22759553365384616 0.18668108653846155 0.24538092307692308 0.21402685096153845 0.2523917644230769 0.23784781249999998
0 0.39827385096153844 0 0.16994537019230768 0.09691968990384615 0.17086816105769229 0.09856902884615384 0.21165809615384615 0.09432397355769231 0.2429117451923077 0.09238207211538461 0.2811877620192308 0.10401811538461538 0.29353345913461537 0.1214595673076923 0.31026075721153845 0.13615229567307693 0.33911511778846154 0.13871835096153845 0.3779102211538462 0.14575569471153846 0.3928640336538462 0.14902082211538462 0.4292301418269231 0.16637265384615382 0.4425354230769231 0.15114517548076922 0.4479721682692308 0.12473996394230769 0.4622390625 0.037634959134615384 0.45826018509615385 0.029744170673076924 0.43186251923076924 0 0.39827385096153844 0
0 0.2841768173076923 0.40851040384615384 0.3249475673076923 0.4249801778846154 0.3607015120192308 0.4197453701923077 0.3955173100961539 0.4089502644230769 0.41721646875 0.3937809951923077 0.4062530528846154 0.3547169134615385 0.3869533028846154 0.3092495528846154 0.33978312019230766 0.23788615624999998 0.30904818749999996 0.2251230721153846 0.2642167572115385 0.24214476442307692 0.25681986298076925 0.2711267692307692 0.24653822836538464 0.3927192235576923 0.2841768173076923 0.40851040384615384
0 0.5543520408653846 0 0.5254580961538461 0.020544396634615384 0.5056558485576923 0.06670920673076923 0.50374925 0.08539407451923077 0.5182674038461539 0.10306557211538461 0.6324121706730769 0.24933586057692309 0.6469597644230769 0.2173185625 0.6603221634615385 0.18580435336538462 0.6431773557692307 0.14541371634615385 0.6391382019230769 0.12925266826923076 0.6505962043269231 0.07672085817307692 0.5645708677884616 0 0.5543520408653846 0
2 0.30977824759615386 0.7515004423076923 0.3370045456730769 0.8004834663461539 0.3446017956730769 0.8638558076923076 0.37073878125 0.9102725745192307 0.3791026778846154 0.8946077475961538 0.39870660817307696 0.895372295673077 0.4154011129807692 0.9245966730769232 0.5295068942307692 0.7793109663461538 0.5269723197115385 0.7531290600961539 0.5113617644230769 0.7416164230769231 0.4913874879807692 0.7046653846153846 0.4765049302884616 0.6898150889423077 0.40967616346153846 0.6939530865384615 0.2996077692307692 0.7376457091346154 0.30977824759615386 0.7515004423076923
2 0.28914552884615385 0.6776292836538461 0.28226555048076923 0.6412102475961539 0.31023337740384616 0.62630996875 0.3440440576923077 0.5090173100961539 0.3012125673076923 0.4333761658653846 0.2717969254807692 0.4095515913461538 0.23221335576923077 0.3869814879807692 0.2198399951923077 0.45883084855769235 0.20168133173076924 0.48168195192307695 0.1885960625 0.5114325288461539 0.1787761778846154 0.5337726682692308 0.23395140384615384 0.6435465384615384 0.25316328125 0.7140704086538462 0.2691523533653846 0.7163693725961539 0.28914552884615385 0.6776292836538461
2 0.8616168125 0.34472508894230774 0.8070903245192308 0.48895001201923083 0.8089048197115385 0.5184332956730769 0.8575749182692308 0.5371463990384615 0.869901451923077 0.5863967139423077 0.9791913605769231 0.6217133701923078 0.8616168125 0.34472508894230774
2 0.8561072524038462 0.6548987836538461 0.8401942091346153 0.6808312091346154 0.8433753894230769 0.6905895504807693 0.8326450600961538 0.6910988004807692 0.7948993197115384 0.7424367740384615 0.7620000072115385 0.7462989182692308 0.7565373653846154 0.7789040841346153 0.7456307187500001 0.8137871706730769 0.7474373028846154 0.8433067307692308 0.7635691778846153 0.850280858173077 0.7608638725961538 0.8648323413461539 0.7873501706730769 0.7527043677884616 0.8286413437500001 0.7694817884615385 0.8237299951923076 0.7957792019230769 0.8436924326923076 0.8327023437500001 0.8647613822115384 0.8570741562499999 0.915248673076923 0.8669175841346154 0.9195226201923077 0.8651034014423077 0.9355968004807692 0.8270063052884615 0.9762660120192308 0.8067146081730769 0.9944633293269232 0.7081639951923078 0.9632447716346154 0.7002479182692307 0.9461771129807693 0.665091735576923 0.8561072524038462 0.6548987836538461
2 0.6017261490384616 1 0.6513583461538462 0.9789323822115384 0.6636069399038462 0.9604005576923077 0.6679305552884615 0.9206085192307693 0.5910643197115385 0.7695097163461538 0.5841199278846154 0.7365087836538462 0.5731068870192307 0.7372002211538462 0.5050292860576924 0.8100127427884616 0.3988196947115385 0.9329847860576923 0.3582077548076923 1 0.6017261490384616 1
2 0.39827384855769227 0 0.18090915384615383 0.09226583894230769 0.2600142524038462 0.08489204567307693 0.31843093028846153 0.12096473798076923 0.42355812019230765 0.16558704567307692 0.45862422355769233 0.10606283173076923 0.46352411298076923 0.02286804326923077 0.44600184615384614 0.022174562499999998 0.4293379759615385 0 0.39827384855769227 0