1 0.6873257115384616 0.5221036754807693 0.6999806514423077 0.49048161538461543 0.676108233173077 0.4501715745192308 0.6109112668269231 0.35606335096153846 0.5681875480769231 0.31235762259615385 0.5558255336538461 0.30323878125000003 0.5429318822115385 0.2930192764423077 0.5235791538461538 0.2885088341346154 0.5684082908653847 0.36504519230769233 0.6002804903846154 0.46387990625 0.6378593774038461 0.5248680528846154 0.6638612163461539 0.5370910673076923 0.6873257115384616 0.5221036754807693
1 0.5560912932692308 0.17707231971153847 0.555463295673077 0.16585325 0.5539628389423077 0.17001017548076922 0.5567192932692308 0.18829138701923076 0.5592312908653846 0.23316766105769232 0.5719453557692308 0.2548724855769231 0.5933768485576923 0.24715912740384616 0.5845860985576923 0.2190396875 0.5676828942307692 0.22845833653846154 0.5579752932692308 0.2107295264423077 0.5677359567307693 0.18661148557692306 0.5619792427884616 0.18353380048076923 0.5615996249999999 0.17623236778846152 0.5560912932692308 0.17707231971153847
1 0.8436828629807693 0.16486490865384618 0.8463218798076924 0.17052429567307692 0.8507358942307692 0.17999017788461538 0.8584216802884614 0.18905830288461536 0.8681543942307692 0.19143436778846154 0.8725869038461538 0.1916722860576923 0.885350735576923 0.18572041346153847 0.8909530841346154 0.1773459110576923 0.8832672956730769 0.16827778846153846 0.8780476634615385 0.1626448221153846 0.8723866298076923 0.15606526923076924 0.8584993389423077 0.15219378846153847 0.8507822764423077 0.1615543966346154 0.8436828629807693 0.16486490865384618
2 0.3410236899038462 0.5235481225961538 0.30380085336538465 0.544681423076923 0.30251871153846155 0.5528558221153846 0.29441062259615386 0.5634285913461539 0.28241032451923076 0.5705446322115384 0.2673244375 0.5783393990384615 0.2663367115384615 0.6090325384615385 0.2678970216346154 0.6136011682692307 0.28354977163461537 0.6410953557692308 0.28684751201923075 0.6493899158653846 0.28469195673076925 0.6556912812500001 0.2858406298076923 0.6642278677884617 0.36718345673076924 0.6489776298076924 0.3712686682692308 0.6455524543269231 0.37016151442307693 0.6407725144230769 0.43203140625 0.564280704326923 0.43582838461538465 0.5663106682692308 0.4397213701923077 0.5637352355769231 0.4383381826923077 0.55832390625 0.43712640384615387 0.5520970625 0.3840637596153846 0.46870954567307693 0.38656058653846154 0.47284147115384617 0.37563889423076924 0.46886211778846154 0.3410236899038462 0.5235481225961538
2 0.43241681249999997 0.7437554302884616 0.4084030600961538 0.7513733774038461 0.4566925913461538 0.8275221081730769 0.47241620673076923 0.8309541298076923 0.4813223149038462 0.8241039975961539 0.5061752379807692 0.7864996875 0.49215757211538463 0.7535598245192308 0.5057102764423077 0.7436602451923077 0.5187267355769231 0.752841704326923 0.5267191081730769 0.7670630817307693 0.5611066370192308 0.7196184206730769 0.5171362836538461 0.6513124735576923 0.5017030697115384 0.6441651850961538 0.5032799206730769 0.6461270312499999 0.47645496875 0.6765839951923076 0.44511010817307695 0.7118212524038461 0.4353572884615385 0.7298302764423077 0.43241681249999997 0.7437554302884616
2 0.30030461057692304 0.6928403341346154 0.3639143100961538 0.6734768365384615 0.4157719326923077 0.7482069302884615 0.4950875384615384 0.643228858173077 0.44453751201923075 0.5513873918269231 0.3798630480769231 0.6248225240384616 0.37222639903846155 0.6448851802884616 0.28307763942307695 0.6658350216346154 0.30030461057692304 0.6928403341346154
2 0.3059359639423077 0.5325784639423077 0.34052671153846154 0.5164485336538461 0.37339693990384615 0.4608598605769231 0.3470696899038461 0.42652487259615385 0.34162026442307697 0.4216610889423077 0.3112605817307692 0.47924209134615386 0.2873682692307692 0.48932892067307693 0.3030903365384615 0.5264759927884616 0.3059359639423077 0.5325784639423077
2 0.29824992788461535 0.3353967788461538 0.27224966346153845 0.32238840625 0.2569146947115385 0.31328278365384615 0.24235335096153848 0.3200728509615385 0.20381931490384617 0.31587593028846156 0.16471696394230767 0.32229125240384615 0.15411883653846153 0.33758047355769233 0.14991500961538462 0.33806957932692305 0.10408774278846153 0.4037704567307693 0.11334673557692308 0.42603206730769233 0.12693625961538463 0.45517489663461536 0.14928197115384617 0.4816813028846154 0.23449460817307693 0.44341716586538465 0.2510787019230769 0.45046914182692305 0.26844695913461536 0.4615689639423077 0.30501804326923077 0.41644074999999997 0.3226183870192308 0.3757452259615385 0.32568584134615386 0.3728191586538462 0.31684737980769234 0.35627065625000004 0.29824992788461535 0.3353967788461538
2 0.9461830793269231 0.4386661586538461 0.9379460841346153 0.42884976442307693 0.9288720240384615 0.4282016875 0.8872338389423077 0.43300426201923076 0.8849035264423077 0.43897028846153846 0.8754300745192308 0.45312207692307693 0.8347849038461538 0.4867133774038462 0.82508290625 0.5019525192307692 0.8187473870192308 0.516602625 0.8558132451923076 0.5850877764423077 0.8858748076923076 0.5915436298076924 0.8885093822115385 0.5815371225961539 0.9029196754807691 0.5748174927884615 0.9308900528846155 0.5422816802884616 0.9349127163461539 0.55406325 0.9510642259615385 0.5416522956730769 0.9465130721153846 0.52719934375 0.9618512475961538 0.5083512283653846 0.9729513605769231 0.507073764423077 0.9743263076923078 0.5005969711538462 0.9724573966346154 0.49658907932692303 0.9461830793269231 0.4386661586538461
2 0.8140858918269231 0.40284807692307695 0.7865604423076923 0.42892393990384614 0.7681598677884616 0.4745287283653846 0.804355375 0.4840825168269231 0.8344320745192307 0.5018102860576923 0.8828357716346154 0.4184063677884616 0.8450730889423077 0.3672381730769231 0.7978761322115384 0.3680861394230769 0.8140858918269231 0.40284807692307695
2 0.8163368966346154 0.4063345240384616 0.8073534759615384 0.38399345432692306 0.7817681754807692 0.33523828846153847 0.7709624158653846 0.33647657451923074 0.7548961514423076 0.34776892067307696 0.7364296322115386 0.39051115865384617 0.7110132908653846 0.4061635168269231 0.70176671875 0.43511736778846155 0.7361169134615384 0.4721843485576923 0.7480534326923076 0.4855963581730769 0.7696821850961538 0.4679341778846154 0.8163368966346154 0.4063345240384616
2 0.6741685552884615 0.3845301153846154 0.6883137283653846 0.38114616586538463 0.7012928076923076 0.4089798870192308 0.7320921658653846 0.3946179086538461 0.7657040528846154 0.33699154807692305 0.7682629711538461 0.3035551514423077 0.7548568894230769 0.3033578798076923 0.7367889711538461 0.2827519879807692 0.73940784375 0.2702272932692308 0.7349887524038461 0.2529420576923077 0.7169901802884616 0.25326800961538465 0.6170883533653846 0.2595184038461538 0.5841165649038461 0.3055427884615385 0.655629701923077 0.34477341346153845 0.6741685552884615 0.3845301153846154
0 0.8038639134615385 0.06669540625 0.8077118028846153 0.07250215384615386 0.8039657307692308 0.07424897596153847 0.8042108798076922 0.09311276201923077 0.7984562644230769 0.11251848798076923 0.8070913677884615 0.11758861057692307 0.8096423942307692 0.12856072355769232 0.7983777163461538 0.12394442788461538 0.7989201514423077 0.1464823701923077 0.80222728125 0.15479707211538463 0.8088847235576923 0.15929370192307693 0.8123783677884616 0.16678584615384617 0.8123030625 0.17518211778846154 0.8010770456730769 0.17433605769230767 0.8032196274038461 0.180153375 0.7991918100961539 0.18129599278846154 0.7985399447115384 0.18841638942307692 0.802615860576923 0.19715722115384615 0.8105367620192307 0.2056253221153846 0.8261033245192307 0.19988672355769233 0.8383382596153847 0.1858203293269231 0.8387771009615383 0.16357265384615383 0.835254139423077 0.14623733653846155 0.8237237788461538 0.1428850889423077 0.8263523004807692 0.12836981490384616 0.8309839807692309 0.12240950240384615 0.8255965432692308 0.1139124471153846 0.8301651177884615 0.11026187500000001 0.8248407860576923 0.09945507692307692 0.8293462548076923 0.09811424759615385 0.8270264519230769 0.08095347355769231 0.8192073677884615 0.08003894471153847 0.8200994639423077 0.06976611057692307 0.8138500769230769 0.07344035336538461 0.8110018149038462 0.06488715865384616 0.8038639134615385 0.06669540625
2 0.8622864134615384 0.5930540288461539 0.8220895721153846 0.5187220673076923 0.8247507163461538 0.4982823798076923 0.8026057475961538 0.4864431105769231 0.7681827211538461 0.4744199927884616 0.734801233173077 0.5121516730769231 0.8180767331730769 0.6432153485576924 0.8622864134615384 0.5930540288461539
2 0 0.5880184302884616 0.00017552403846153846 0.5888237067307692 0.024679899038461538 0.6178298004807693 0.04220524759615385 0.6277284759615385 0.07156285817307692 0.6381169543269232 0.10186921153846154 0.6532611634615384 0.17424633653846153 0.6341247836538462 0.18995206009615384 0.627659266826923 0.19439657692307694 0.6247285721153847 0.17814805048076923 0.6064863413461539 0.17590898798076923 0.5989240865384615 0.17202640865384614 0.5878373004807692 0.17687087740384613 0.5830037379807692 0.18237275721153848 0.5795799879807693 0.18926069711538462 0.5763680889423077 0.19250535576923078 0.5791459951923077 0.20328964423076926 0.5801489951923077 0.20810085817307694 0.5890863870192308 0.20589540144230767 0.5995793389423076 0.20859627884615387 0.6026108124999999 0.2181759783653846 0.58438828125 0.22477320673076925 0.59163465625 0.21759017307692308 0.6121968557692308 0.22550221153846153 0.6222628557692308 0.23207655048076925 0.6183390072115384 0.22985126201923078 0.6039048677884615 0.24284672115384615 0.5943877331730769 0.2537358701923077 0.6108381706730769 0.25539887259615385 0.6074636298076923 0.2667693197115385 0.6124842187499999 0.2678263293269231 0.5801650048076923 0.26439679807692307 0.5783314879807693 0.2599717668269231 0.5743631153846154 0.24528979326923078 0.5622803701923077 0.23671095432692307 0.5507844182692307 0.19214269471153844 0.5285597211538462 0.16474219951923075 0.52240771875 0.09277915625 0.4940038365384615 0.07582047596153846 0.49502181730769235 0.038464824519230764 0.5090083125 0.010188795673076925 0.5161618437500001 0.006977745192307692 0.5314391466346154 0.008888103365384616 0.5382964951923077 0.007868735576923077 0.5499527307692308 0.00189565625 0.5578871201923077 0 0.5635499014423077 0 0.5880184302884616
0 0.6655491081730769 0.5335332860576923 0.6820188846153846 0.5242104975961538 0.6913827548076923 0.49696735096153843 0.6856901538461538 0.45060735336538466 0.6061887331730769 0.35370487740384615 0.5645353894230769 0.31430584855769234 0.5396953653846154 0.28994333894230767 0.5365342692307692 0.29629676442307695 0.5557244447115385 0.32167555288461536 0.5834581322115384 0.4100577331730769 0.6098270072115385 0.48762572836538465 0.6399097379807692 0.525873514423077 0.6655491081730769 0.5335332860576923