0 0.6069097379807692 0.27220458413461535 0.6035105697115385 0.28248258413461536 0.5890121826923077 0.28673268028846155 0.5508674951923077 0.2855236033653846 0.5160770192307692 0.2698942716346154 0.4675197788461538 0.24623834615384615 0.42414006009615385 0.21826302884615384 0.4058045480769231 0.20779880769230769 0.39215091826923076 0.2129436875 0.3770700961538462 0.21982501201923077 0.3511422235576923 0.2691362235576923 0.3432611033653846 0.29427386778846154 0.3461512740384615 0.30875290384615384 0.38778867788461535 0.32183109855769226 0.43243750000000003 0.3307562451923077 0.45905443749999997 0.33690125000000004 0.5022914639423077 0.3296060745192308 0.5329984206730769 0.31803525721153847 0.5550594326923076 0.3079171514423077 0.5706855697115384 0.30322766105769233 0.5954755408653847 0.299287625 0.6085875120192308 0.29193509375 0.6130456995192307 0.2770699639423077 0.6069097379807692 0.27220458413461535
1 0.34026078846153845 0.8913533485576923 0.3437507764423077 0.8718995673076922 0.3419226009615385 0.8711442836538462 0.34724076442307694 0.8524457860576924 0.3397598245192308 0.8445153125 0.33288201201923073 0.8454654350961538 0.33227888701923075 0.8365848341346154 0.3247979495192308 0.8286543629807692 0.31661247355769234 0.8294136610576923 0.31866567788461536 0.8378681923076924 0.3013197548076923 0.84382671875 0.30781007451923076 0.8546385024038461 0.29563575480769233 0.8511530793269231 0.2899517596153846 0.8584794375 0.2916363076923077 0.8901073125000001 0.29717375240384614 0.8920355024038462 0.3354358653846154 0.8949044471153846 0.34026078846153845 0.8913533485576923
1 0.31798320673076924 0.8284638990384615 0.3296281177884615 0.8311523389423077 0.34086869951923077 0.8394953990384615 0.3533480024038462 0.8523396225961538 0.3656129591346154 0.8424756947115385 0.39418898798076923 0.8327620865384616 0.42826785096153847 0.8463777812500001 0.4317498028846154 0.845065733173077 0.39381574519230766 0.8245121322115385 0.3678281610576923 0.7994858149038462 0.3230639591346154 0.7966985192307692 0.3093379423076923 0.8325158461538462 0.31798320673076924 0.8284638990384615
1 0.6014135240384616 0.5389909879807692 0.6016058581730769 0.5265564663461538 0.5825462283653846 0.5221562043269231 0.5514487331730769 0.5292384086538461 0.534430141826923 0.5217439495192308 0.5242763557692307 0.49622461778846155 0.5066698245192307 0.4912768100961538 0.4833932668269231 0.4876856947115385 0.47187978365384614 0.4912587331730769 0.4595622644230769 0.509807451923077 0.48047060096153843 0.5235480384615385 0.5742283245192308 0.540728625 0.6014135240384616 0.5389909879807692
2 0.23741445192307692 0.33086568269230765 0.4134488533653846 0.37397222115384615 0.4320885625 0.3733606081730769 0.44439018509615386 0.3360148557692308 0.41164184375 0.32845430528846153 0.34408684855769234 0.3063103197115385 0.3095499927884615 0.2958710649038462 0.28497685576923076 0.29019790865384615 0.25745071153846155 0.2813771995192308 0.2221944519230769 0.27405403125 0.21239332692307694 0.28983488942307695 0.20626461538461538 0.3056472115384615 0.2068206778846154 0.3139726923076923 0.22038884134615386 0.3244858774038461 0.23741445192307692 0.33086568269230765
2 0.3465942692307692 0.44355759134615386 0.45316298798076926 0.46976035336538463 0.4619054014423077 0.4318927908653846 0.3497458269230769 0.4091975793269231 0.34413856009615384 0.3919586730769231 0.1705260264423077 0.35505927163461537 0.12558081971153848 0.41485806009615384 0.17438943028846154 0.4420874471153846 0.33471500480769234 0.47430321634615386 0.3465942692307692 0.44355759134615386
2 0.30503104567307693 0.7481676322115385 0.17814204807692308 0.7061108413461539 0.1182931610576923 0.6954758461538462 0.09116869951923076 0.6987936201923077 0.1092075264423077 0.7141209326923076 0.1324829903846154 0.7274750144230769 0.15417814663461538 0.7372653774038462 0.18096844471153845 0.7562125625 0.20529562259615386 0.7650111466346154 0.2453601201923077 0.7678796826923077 0.2737143149038462 0.7696441201923078 0.3013509543269231 0.7536990961538461 0.30503104567307693 0.7481676322115385
2 0.32294241346153846 0.5563053701923077 0.3477162307692308 0.5604587427884615 0.36620549759615384 0.5647273269230769 0.37560396153846154 0.5679301009615385 0.37958602163461536 0.5776796466346154 0.3767093100961538 0.5936096442307692 0.39259131730769237 0.5957268413461538 0.39638811778846156 0.5960869158653846 0.4042054783653847 0.5926935336538461 0.4434198221153846 0.5950159230769231 0.4488306850961538 0.5952154903846154 0.4572623653846154 0.5992446947115385 0.4556575 0.5926430504807693 0.44843912500000005 0.5868280216346153 0.4512783365384615 0.5812523749999999 0.4554741298076923 0.5765230625 0.4694298774038461 0.5802614831730769 0.4728031610576923 0.5758421033653847 0.4833135697115385 0.5741200889423077 0.4795579206730769 0.5633898485576924 0.47426026682692307 0.5626999326923077 0.4715972884615385 0.5641510721153846 0.47091440144230773 0.5671089807692308 0.4761490288461539 0.5714330576923077 0.47244166826923073 0.5705771466346155 0.4667505649038462 0.56823028125 0.45035824759615384 0.5649623004807692 0.43850499519230773 0.5554781466346154 0.43134045432692303 0.5527911129807692 0.3879622740384615 0.5515900240384616 0.31856325240384614 0.5449146971153846 0.3107495408653846 0.5482922596153846 0.32294241346153846 0.5563053701923077
2 0.2911994855769231 0.5976264182692308 0.29576265384615386 0.5927153485576923 0.3065187548076923 0.59383240625 0.31221165625 0.5960630600961538 0.3279751225961538 0.5992358413461538 0.3364198966346154 0.6044010024038461 0.3525725793269231 0.6209589447115385 0.36326606971153846 0.6133479567307693 0.36597909615384616 0.6075599086538461 0.37164484134615383 0.6038363942307693 0.3756649519230769 0.5983501081730769 0.37683093269230766 0.5903722115384615 0.3783391274038461 0.5838395024038461 0.3787374399038462 0.5761508725961538 0.37052923798076925 0.5669251177884616 0.3610374519230769 0.5633675841346154 0.3107895625 0.5545159711538461 0.30821450961538466 0.5566705024038462 0.29816633173076923 0.5644138100961539 0.2758705793269231 0.571645389423077 0.25439383413461536 0.5721851514423076 0.23792922115384615 0.5720493653846154 0.22681053125 0.5754303125 0.21481022115384615 0.5767750360576923 0.20901507211538461 0.57498728125 0.20831366346153846 0.5839887764423077 0.24089210817307694 0.5919599447115385 0.2554708581730769 0.5944093701923077 0.2753170432692308 0.6008239086538462 0.2911994855769231 0.5976264182692308
1 0.5532972932692307 0.5659023822115384 0.5513485552884615 0.5654524807692307 0.5189352908653846 0.5600185649038462 0.5176546442307692 0.5699026418269231 0.5311544831730769 0.5777843076923077 0.5595547884615384 0.5741446370192308 0.5597045120192308 0.5734961105769231 0.5907284783653846 0.5718283461538461 0.5770088701923076 0.5693440168269231 0.5532972932692307 0.5659023822115384
1 0.48339833413461536 0.4721590168269231 0.5129835456730769 0.4769400264423077 0.5150723774038461 0.46789230528846154 0.482032875 0.451401 0.47284629086538466 0.4336189759615384 0.4258354903846154 0.43774371874999995 0.43669296634615384 0.48385162740384613 0.48975562259615385 0.48452286538461536 0.48339833413461536 0.4721590168269231
1 0.1588170673076923 0.42876238701923075 0.152231875 0.42562598076923075 0.15151977163461539 0.4287104302884615 0.15016996875 0.4397614567307692 0.15578334855769232 0.45242005769230764 0.17611596153846154 0.4595466850961539 0.1994384783653846 0.46413139423076927 0.22135046875 0.46430856971153844 0.2490575 0.46584029326923077 0.2552948413461538 0.4599662139423077 0.16772121394230768 0.44299710096153844 0.1588170673076923 0.42876238701923075
1 0.5689649615384615 0.1201782860576923 0.535189233173077 0.11934475 0.5242209326923077 0.1385548389423077 0.6001761033653846 0.1491429254807692 0.5689649615384615 0.1201782860576923
2 0 0.7740145288461538 0.18574924759615385 0.7656466899038462 0.14023919951923075 0.7348636995192308 0.09209122596153846 0.7034716899038462 0.10544932451923078 0.693643545673077 0 0.6656348822115384 0 0.7740145288461538
2 0.13455438701923078 0.9287822860576923 0.27280633173076924 0.9607002620192309 0.2931468557692308 0.9204287956730769 0.2654714014423077 0.8998944110576923 0.24609580769230768 0.8965374735576923 0.24708489903846154 0.8971323605769231 0.14468078365384615 0.9215235408653846 0.13455438701923078 0.9287822860576923
2 0.4351084735576923 0.37372459374999994 0.38689618990384617 0.3689583293269231 0.3741834471153846 0.3930138269230769 0.38179275240384614 0.4048336850961538 0.45929206971153846 0.42749079567307696 0.49983018509615385 0.4310184831730769 0.5114373100961539 0.42205231249999997 0.5177165745192307 0.40179299759615383 0.5210816682692307 0.4009871153846154 0.5057443245192308 0.3916315985576923 0.4351084735576923 0.37372459374999994
2 0.43090537980769233 0.5527239879807693 0.43908642548076926 0.5559955793269231 0.4457051105769231 0.5613722620192307 0.4467020528846154 0.5570540288461538 0.4523025769230769 0.5555646634615384 0.45579001442307693 0.5472896778846154 0.4271533966346154 0.5280995024038462 0.40113497836538464 0.5248916875 0.4063376009615384 0.4978028028846154 0.42652178125 0.5035123149038461 0.4443865673076923 0.5034382091346153 0.4592581442307692 0.5072214591346154 0.45752483894230767 0.49879079807692306 0.45148191346153843 0.49319716346153847 0.3748210144230769 0.4751487235576923 0.3633674206730769 0.47705284615384613 0.3518015552884615 0.49230965625 0.3472419735576923 0.4946391322115385 0.34594193028846154 0.500270233173077 0.36008318269230766 0.5003861105769231 0.3565623629807692 0.5068269519230769 0.37780322355769236 0.5199403894230769 0.37496683413461535 0.5223323990384615 0.3430752307692308 0.5195180360576923 0.33737353605769227 0.546491701923077 0.41754368509615386 0.5518336610576923 0.4202849471153846 0.5461672692307692 0.43090537980769233 0.5527239879807693
2 0.5793983293269231 0.4241138341346154 0.5541476418269231 0.42083335096153845 0.5363781225961538 0.4147483004807692 0.5437419206730769 0.41050046874999996 0.5466269783653847 0.40548521153846157 0.5205988341346154 0.40004260576923073 0.5177375408653846 0.40506335096153845 0.5187931225961538 0.4152368774038461 0.5078613774038462 0.4274578774038461 0.531962125 0.4301896394230769 0.5414948533653846 0.4295581105769231 0.5467476995192307 0.41970806730769233 0.560213548076923 0.42692378605769227 0.5752944567307693 0.4308303389423077 0.5793983293269231 0.4241138341346154