0 0.8947172619047619 0.302734375 0.1480654761904762 0.15494791666666666
0 0.9114583333333334 0.4388020833333333 0.17708333333333334 0.13802083333333334
0 0.9010416666666666 0.6360677083333334 0.17113095238095238 0.24609375
0 0.7287946428571429 0.6796875 0.18675595238095238 0.2109375
0 0.7537202380952381 0.529296875 0.14732142857142858 0.12630208333333334
0 0.7585565476190477 0.4459635416666667 0.14657738095238096 0.12109375
0 0.7068452380952381 0.3411458333333333 0.16220238095238096 0.19010416666666666
0 0.5952380952380952 0.501953125 0.17113095238095238 0.16536458333333334
0 0.5703125 0.7018229166666666 0.22247023809523808 0.2890625
0 0.42299107142857145 0.6119791666666666 0.140625 0.234375
0 0.44382440476190477 0.4713541666666667 0.17038690476190477 0.1484375
0 0.5539434523809523 0.333984375 0.140625 0.18880208333333334
0 0.4166666666666667 0.3255208333333333 0.13690476190476192 0.15625
0 0.26599702380952384 0.3463541666666667 0.16294642857142858 0.09635416666666667
0 0.27641369047619047 0.4674479166666667 0.2105654761904762 0.14322916666666666
0 0.2611607142857143 0.6282552083333334 0.18303571428571427 0.18880208333333334
0 0.09970238095238096 0.5188802083333334 0.13839285714285715 0.22265625
0 0.09486607142857142 0.4420572916666667 0.17782738095238096 0.2747395833333333
1 0.5453869047619048 0.22916666666666666 0.06547619047619048 0.07291666666666667
1 0.7377232142857143 0.24739583333333334 0.061755952380952384 0.041666666666666664
2 0.640625 0.644287109375 0.64453125 0.630615234375 0.611328125 0.586181640625 0.6123046875 0.5810546875 0.626953125 0.579345703125 0.6044921875 0.55029296875 0.5810546875 0.55029296875 0.5751953125 0.560546875 0.5615234375 0.57080078125 0.5361328125 0.57080078125 0.5224609375 0.587890625 0.4951171875 0.59130859375 0.484375 0.603271484375 0.4853515625 0.6083984375 0.4912109375 0.6083984375 0.5263671875 0.6015625 0.5341796875 0.59130859375 0.5927734375 0.587890625 0.6044921875 0.6083984375 0.6162109375 0.615234375 0.6337890625 0.64599609375
2 0.697265625 0.801513671875 0.705078125 0.794677734375 0.705078125 0.767333984375 0.69921875 0.739990234375 0.69140625 0.712646484375 0.6845703125 0.70068359375 0.6748046875 0.69384765625 0.6728515625 0.68017578125 0.6689453125 0.68017578125 0.66015625 0.692138671875 0.66015625 0.702392578125 0.669921875 0.716064453125 0.671875 0.757080078125 0.68359375 0.794677734375 0.6884765625 0.80322265625