0 0.052437500000000005 0.18477777777777776 0.10489062499999999 0.24827777777777776
0 0.343296875 0.1792222222222222 0.162640625 0.23716666666666666
0 0.68896875 0.17852777777777776 0.148265625 0.21263888888888888
0 0.8726875 0.7845833333333333 0.19278125 0.20713888888888887
0 0.38496874999999997 0.7910555555555555 0.149640625 0.25713888888888886
0 0.04815625 0.7799722222222223 0.0963125 0.2534444444444444
1 0.435359375 0.7175 0.044687500000000005 0.08222222222222222
1 0.06690625 0.7191111111111111 0.0525625 0.0901111111111111
1 0.0708125 0.2639444444444444 0.04475 0.064
1 0.395265625 0.23733333333333334 0.047828125 0.09872222222222223
1 0.633140625 0.201 0.036578125 0.06775
1 0.801484375 0.8163055555555556 0.049828125 0.11780555555555555
0 0.94425 0.17297222222222222 0.1115 0.22727777777777775