0 0.14878125 0.17230555555555555 0.14340625 0.19552777777777777
0 0.436125 0.17366666666666666 0.158203125 0.24458333333333332
0 0.628046875 0.16375 0.12015625 0.1645
0 0.889875 0.17369444444444446 0.156828125 0.20755555555555555
0 0.910578125 0.7878333333333334 0.15915625 0.24141666666666667
0 0.554875 0.7894444444444444 0.166515625 0.24927777777777776
0 0.323125 0.7913055555555556 0.11968749999999999 0.17891666666666667
0 0.08525 0.7857500000000001 0.1705 0.2233611111111111
1 0.14684375 0.8130833333333333 0.04315625 0.08358333333333333
1 0.0945 0.20402777777777778 0.027015624999999998 0.06913888888888889
1 0.49693750000000003 0.11652777777777779 0.036578125 0.09233333333333334
1 0.6033125 0.7117222222222223 0.044640625 0.09380555555555556
1 0.948078125 0.18919444444444444 0.03625 0.07655555555555556
1 0.9673437500000001 0.7066388888888888 0.033125 0.0743888888888889
2 0.322265625 0.8628472222222222 0.326171875 0.8559027777777778 0.3212890625 0.8472222222222222 0.28515625 0.8107638888888888 0.287109375 0.8350694444444444 0.2978515625 0.8541666666666666