0 0.118109375 0.174 0.168625 0.23583333333333334
1 0.174046875 0.11649999999999999 0.040015625 0.07877777777777778
0 0.303234375 0.17069444444444445 0.11417187499999999 0.16805555555555557
0 0.565078125 0.17122222222222222 0.15031250000000002 0.1903888888888889
0 0.795390625 0.18358333333333335 0.12490625 0.23369444444444443
0 0.8739687500000001 0.7884722222222222 0.151953125 0.23916666666666664
0 0.644203125 0.7934166666666667 0.112671875 0.17191666666666666
0 0.398890625 0.7793055555555556 0.173875 0.22347222222222224
0 0.11079687499999999 0.77625 0.1955625 0.21947222222222224
1 0.039546874999999995 0.8169444444444445 0.047390625 0.10197222222222223
1 0.46346875 0.8120277777777777 0.036843749999999995 0.08416666666666667
1 0.92609375 0.708111111111111 0.036375000000000005 0.06244444444444445
1 0.828296875 0.25833333333333336 0.0381875 0.07211111111111111
1 0.6196875000000001 0.1907777777777778 0.030734375 0.06997222222222223
2 0.6484375 0.8628472222222222 0.650390625 0.859375 0.6494140625 0.8506944444444444 0.6474609375 0.8506944444444444 0.6416015625 0.84375 0.6376953125 0.84375 0.6337890625 0.8368055555555556 0.6298828125 0.8368055555555556 0.6259765625 0.8298611111111112 0.6201171875 0.8263888888888888 0.6123046875 0.8125 0.609375 0.8142361111111112 0.609375 0.8246527777777778 0.611328125 0.828125 0.611328125 0.8350694444444444 0.6181640625 0.8506944444444444 0.6201171875 0.8506944444444444 0.6240234375 0.8576388888888888 0.6259765625 0.8576388888888888 0.6279296875 0.8611111111111112 0.6318359375 0.8611111111111112 0.6337890625 0.8645833333333334 0.6474609375 0.8645833333333334