0 0.052437500000000005 0.1678888888888889 0.10489062499999999 0.18580555555555556
0 0.2545 0.18802777777777777 0.1256875 0.2455
0 0.55746875 0.17783333333333332 0.1613125 0.24363888888888888
0 0.9037968749999999 0.16927777777777778 0.145625 0.1941388888888889
0 0.927859375 0.7857500000000001 0.144265625 0.2048611111111111
0 0.654859375 0.7876111111111112 0.19775 0.21966666666666665
0 0.169609375 0.8003333333333333 0.17465625 0.25713888888888886
1 0.08578125 0.18919444444444444 0.048625 0.07655555555555556
1 0.28928125 0.2623333333333333 0.0415625 0.07466666666666666
1 0.612296875 0.24405555555555555 0.04959375 0.08902777777777778
1 0.84846875 0.20216666666666666 0.0375625 0.06544444444444444
1 0.5860000000000001 0.8107777777777778 0.05428125 0.10672222222222223
1 0.22065625 0.7165833333333335 0.0475625 0.0803888888888889