0 0.04359375 0.16858333333333334 0.087171875 0.2251388888888889
0 0.199171875 0.16883333333333334 0.12178125 0.18394444444444444
0 0.455265625 0.15816666666666665 0.157421875 0.19044444444444444
0 0.68571875 0.18477777777777776 0.12353125000000001 0.22974999999999998
0 0.95065625 0.7998611111111111 0.098703125 0.24694444444444447
0 0.7496562499999999 0.790861111111111 0.11856249999999999 0.18725
0 0.5059218750000001 0.7815833333333333 0.17276562499999998 0.22427777777777777
0 0.218953125 0.7831944444444444 0.20303125 0.23216666666666666
1 0.14790625 0.8145833333333333 0.047578125 0.08925000000000001
1 0.5716249999999999 0.8119722222222222 0.031718750000000004 0.07936111111111112
1 0.721078125 0.26083333333333336 0.038906249999999996 0.059111111111111114
1 0.5157499999999999 0.19294444444444442 0.032703125 0.07425
0 0.9479531250000001 0.18505555555555556 0.10410937499999999 0.23055555555555557
1 0.06653125 0.11497222222222223 0.038656249999999996 0.08236111111111111
2 0.755859375 0.8628472222222222 0.7568359375 0.8506944444444444 0.716796875 0.8142361111111112 0.71875 0.8350694444444444 0.7314453125 0.8576388888888888