0 0.182171875 0.7796666666666667 0.162640625 0.20074999999999998
0 0.42471875 0.7954444444444445 0.11079687499999999 0.17677777777777778
0 0.655890625 0.7935555555555556 0.14559375000000002 0.23863888888888887
0 0.78125 0.16855555555555554 0.14346874999999998 0.19319444444444445
0 0.9740781249999999 0.8030277777777777 0.05184375 0.1868611111111111
0 0.5213125 0.1748611111111111 0.1193125 0.17044444444444445
0 0.325640625 0.16919444444444443 0.16975 0.23988888888888887
0 0.056109374999999996 0.17108333333333334 0.11221874999999999 0.17297222222222222
1 0.389203125 0.11488888888888889 0.03409375 0.07575
1 0.8384218750000001 0.19191666666666668 0.02628125 0.06566666666666666
1 0.70596875 0.7114999999999999 0.039765625 0.07702777777777778
1 0.248578125 0.8125 0.038359375 0.07955555555555556