0 0.14931250000000001 0.18408333333333332 0.123609375 0.24225
0 0.45149999999999996 0.179 0.162890625 0.24133333333333332
0 0.794046875 0.16649999999999998 0.15267187499999998 0.2070833333333333
0 0.987765625 0.7543055555555556 0.024484375 0.14191666666666666
0 0.77009375 0.7806666666666667 0.208921875 0.24094444444444443
0 0.271171875 0.7908333333333333 0.159015625 0.24280555555555555
1 0.1745625 0.26325 0.043937500000000004 0.0765
1 0.501359375 0.2385 0.046484375 0.07791666666666666
1 0.734546875 0.19847222222222222 0.034203125 0.07655555555555556
1 0.695234375 0.8135277777777777 0.0461875 0.11227777777777778
1 0.32546875000000003 0.7133333333333334 0.04625 0.08316666666666667