0 0.133296875 0.1639722222222222 0.161890625 0.1973611111111111
0 0.365703125 0.18616666666666665 0.12409375 0.24177777777777779
0 0.6652812499999999 0.17344444444444443 0.15815625 0.24875
0 0.964328125 0.18941666666666665 0.071359375 0.2019722222222222
0 0.831015625 0.7825277777777777 0.16412500000000002 0.2076388888888889
0 0.545625 0.7857500000000001 0.1975 0.24186111111111108
0 0.06754687499999999 0.7943055555555555 0.13509374999999998 0.2543611111111111
1 0.197484375 0.19405555555555556 0.037671875 0.08163888888888889
1 0.39446875000000003 0.2618611111111111 0.043640625 0.06447222222222222
1 0.723609375 0.2401111111111111 0.045656249999999995 0.08577777777777777
1 0.94703125 0.20333333333333334 0.034171875000000004 0.08163888888888889
1 0.894296875 0.8191111111111111 0.035484375 0.08633333333333333
1 0.477140625 0.8170000000000001 0.055343750000000004 0.10533333333333333
1 0.108171875 0.7214444444444446 0.05175 0.104