0 0.24343750000000003 0.16744444444444445 0.15823437499999998 0.19041666666666665
0 0.47220312499999995 0.18177777777777776 0.12356249999999999 0.24688888888888888
0 0.77034375 0.1713611111111111 0.172984375 0.24919444444444444
0 0.952609375 0.7987222222222223 0.094796875 0.1937222222222222
0 0.7243906250000001 0.7839166666666666 0.16699999999999998 0.21966666666666665
0 0.43821875 0.7827500000000001 0.193609375 0.2219722222222222
1 0.012515624999999999 0.7106666666666667 0.025015625000000003 0.0798888888888889
1 0.36871875 0.8129722222222223 0.046171875 0.08630555555555555
1 0.786453125 0.8137222222222222 0.029640624999999997 0.07311111111111111
1 0.828640625 0.24322222222222223 0.043828125 0.08219444444444444
1 0.502734375 0.26169444444444445 0.041671875000000004 0.07263888888888889
1 0.299359375 0.191 0.031359375 0.07319444444444445
0 0.020953125 0.18055555555555555 0.04190625 0.11869444444444444
0 0.014203125 0.74875 0.02840625 0.15152777777777776
2 0.97265625 0.8628472222222222 0.974609375 0.859375 0.974609375 0.8524305555555556 0.9697265625 0.84375 0.9580078125 0.84375 0.9560546875 0.8402777777777778 0.9501953125 0.8368055555555556 0.9462890625 0.8298611111111112 0.9443359375 0.8298611111111112 0.94140625 0.8246527777777778 0.939453125 0.8142361111111112 0.9365234375 0.8090277777777778 0.9345703125 0.8090277777777778 0.931640625 0.8142361111111112 0.931640625 0.828125 0.93359375 0.8315972222222222 0.93359375 0.8350694444444444 0.9462890625 0.8576388888888888 0.9482421875 0.8576388888888888 0.9501953125 0.8611111111111112 0.9560546875 0.8611111111111112 0.9580078125 0.8645833333333334 0.9716796875 0.8645833333333334