0 0.1193125 0.18180555555555555 0.170453125 0.2601111111111111
0 0.30859375 0.1635 0.1171875 0.1628888888888889
0 0.57209375 0.16730555555555554 0.14559375000000002 0.18308333333333332
0 0.800078125 0.18119444444444446 0.12003124999999999 0.23863888888888887
0 0.875 0.7891388888888888 0.144890625 0.24241666666666667
0 0.6385 0.79925 0.1193125 0.19444444444444445
0 0.395953125 0.7828333333333333 0.174 0.22727777777777775
0 0.10831249999999999 0.7878888888888889 0.20525000000000002 0.2373611111111111
1 0.03409375 0.811861111111111 0.046875 0.09091666666666666
1 0.18146875 0.11363888888888887 0.043328125 0.09091666666666666
1 0.6260625 0.19002777777777777 0.034796875 0.0745
1 0.835234375 0.26263888888888887 0.04403125 0.06061111111111111
1 0.91975 0.7114999999999999 0.038359375 0.0745
1 0.459875 0.8156666666666667 0.0390625 0.08333333333333333
2 0.640625 0.8628472222222222 0.6435546875 0.8611111111111112 0.64453125 0.8559027777777778 0.6396484375 0.8472222222222222 0.6376953125 0.8472222222222222 0.6357421875 0.84375 0.6318359375 0.84375 0.6279296875 0.8368055555555556 0.6181640625 0.8298611111111112 0.6142578125 0.8229166666666666 0.6123046875 0.8229166666666666 0.609375 0.8177083333333334 0.6083984375 0.8125 0.603515625 0.8142361111111112 0.603515625 0.8246527777777778 0.60546875 0.828125 0.60546875 0.8350694444444444 0.607421875 0.8385416666666666 0.607421875 0.8420138888888888 0.6142578125 0.8541666666666666 0.6162109375 0.8541666666666666 0.6220703125 0.8611111111111112 0.6259765625 0.8611111111111112 0.6279296875 0.8645833333333334 0.6396484375 0.8645833333333334