0 0 0.8767770240384615 0.10149794711538461 0.90588109375 0.11689788461538461 0.9048606658653846 0.15770143990384614 0.9165608990384615 0.22729278125000002 0.9365158942307693 0.2647052379807692 0.9056859495192308 0.30142082932692305 0.8954260456730769 0.3127678413461539 0.864924201923077 0.35431485817307695 0.8196753293269231 0.39380237259615386 0.76346903125 0.3584816586538461 0.7689274110576924 0.27511867548076924 0.7787970721153846 0.2000444903846154 0.7416834639423077 0.17539904086538463 0.7008428846153846 0.16920198557692306 0.7224545841346154 0.048169504807692304 0.6825475817307692 0.02345778125 0.6962314759615384 0 0.6692290048076923 0 0.8767770240384615
1 0.4195273293269231 0 0.425735204326923 0.008962759615384615 0.42985241826923076 0.012744098557692308 0.44318787740384613 0.04774084375 0.44696921875 0.043623629807692306 0.46308551682692306 0.05084565144230769 0.5007968269230769 0.06425994471153847 0.5529151586538462 0.08178732451923078 0.5985327980769231 0.07669885096153846 0.6245982427884615 0.07637075240384615 0.6259716442307692 0.07158112980769231 0.6191398653846154 0.041050038461538464 0.61722321875 0.0134635 0.5702704158653846 0 0.4195273293269231 0
1 0.36615353125000005 0.4434329639423077 0.26088565865384616 0.4519701442307692 0.25541021153846155 0.4570825625 0.24922239903846155 0.4740011177884615 0.21394015384615386 0.49356486298076924 0.17851656009615385 0.4924488004807692 0.16131505048076925 0.4965550576923077 0.16511357451923075 0.48325957451923074 0.10146747355769231 0.4957306899038461 0.08408711538461539 0.5074350889423077 0.08390826442307693 0.5150332283653847 0.15271429567307693 0.49860818990384614 0.22279605528846155 0.49384387740384617 0.2670755480769231 0.49523895192307693 0.2710766394230769 0.490941625 0.2759314471153846 0.49551796875000004 0.2823599423076923 0.4935088125 0.2847873485576923 0.4957969831730769 0.32978178846153844 0.49576465384615387 0.3442393461538461 0.4918913173076923 0.3569471346153846 0.48486131009615385 0.36399496875000004 0.4788632716346154 0.3700012644230769 0.46723865144230764 0.37424588942307696 0.45243588701923076 0.36615353125000005 0.4434329639423077
2 0.8215057067307693 0.634326016826923 0.7547747019230768 0.6132767692307692 0.7320314759615385 0.6057980336538461 0.7239410240384616 0.6073070144230769 0.7239346394230769 0.6140057235576923 0.675664701923077 0.6020789807692307 0.6677234038461539 0.579700233173077 0.6461055288461538 0.5849880456730769 0.6176246971153846 0.6074703966346153 0.5997984230769231 0.6128882163461539 0.6020618942307693 0.6250238942307692 0.604715375 0.6257847692307692 0.5936922788461538 0.6542122067307693 0.5726797379807692 0.6874329759615385 0.5633147788461538 0.7000631346153846 0.5611382235576923 0.7243448004807692 0.5618671778846154 0.7551848629807693 0.5627389014423076 0.7688359038461539 0.5593117764423077 0.7841259326923077 0.5638578701923077 0.7883011634615384 0.5664858149038461 0.8158568725961538 0.5973170336538461 0.8419275432692307 0.6157566225961539 0.8510619495192308 0.7306275624999999 0.8878295408653846 0.7931730288461538 0.9067213846153847 0.8251615168269232 0.9120650576923077 0.8549918677884616 0.914857391826923 0.8605412884615385 0.9222100432692308 0.8735486923076923 0.9335976153846153 0.8917633798076923 0.9234870120192308 0.887223673076923 0.9126130745192308 0.8723300432692308 0.8911124350961538 0.9188717596153846 0.7321404014423076 0.9205235120192307 0.7230418341346153 0.9253232283653846 0.7263325697115385 0.9371988990384617 0.7316523052884616 0.9486973245192308 0.7349494254807692 0.9553529254807693 0.7259732740384616 0.95686559375 0.7206979735576924 0.9491001033653846 0.710177201923077 0.9358454591346154 0.6929754134615386 0.8899929302884615 0.6692799326923077 0.8706473725961538 0.6599038028846155 0.8269299086538461 0.6454535817307693 0.8215057067307693 0.634326016826923
2 1 0.12322297596153847 0.8491855408653847 0.079977625 0.7589837403846154 0.08281121153846153 0.7358986153846154 0.07375345913461538 0.7043606225961538 0.11118040384615384 0.6690781802884616 0.1915838269230769 0.4451210504807692 0.12369881971153845 0.4161747043269231 0.16921963701923076 0.65595121875 0.23307998076923075 0.6762945865384615 0.2389133485576923 0.68984846875 0.2599214543269231 0.9146275649038462 0.3035878942307692 0.9685893485576924 0.2860280697115385 1 0.29143019951923077 1 0.12322297596153847
2 0.5798764399038462 0.10220301442307693 0.5775674639423077 0.10792841346153846 0.5681185384615385 0.10273261298076923 0.5618821826923077 0.10483344951923076 0.5586696129807692 0.09753681490384616 0.5528850528846154 0.10614866826923076 0.543887923076923 0.10746388221153845 0.5492206875 0.09234101442307693 0.5340674663461539 0.08799589663461539 0.5226201778846155 0.10360499038461539 0.5258936658653846 0.11009431730769231 0.5141429206730769 0.11061994951923076 0.5168965360576923 0.11140953605769231 0.5166947956730769 0.11940678365384616 0.5269022980769231 0.15455412500000001 0.5368831778846154 0.1579157764423077 0.5568449350961538 0.16463907932692307 0.6759917499999999 0.19134478605769228 0.676401266826923 0.17952405528846155 0.6737518365384615 0.16012113221153848 0.68251203125 0.16337808173076923 0.7044256899038461 0.11296901682692308 0.7140883725961539 0.11573974519230769 0.7211952283653846 0.10285942067307692 0.7326068725961539 0.1046326153846154 0.7428730913461539 0.08967819711538462 0.7552850288461539 0.08279814903846153 0.7655265889423077 0.08871489423076924 0.8240227788461538 0.08759019711538461 0.8413674278846154 0.08958367307692307 0.8595452307692307 0.08294821875 0.6696796875 0.02850514903846154 0.6470995384615384 0.024920117788461538 0.656336016826923 0.03950679086538462 0.6762112403846154 0.0586250625 0.6791509038461538 0.07438618028846154 0.6788448605769232 0.08773562259615385 0.5798764399038462 0.10220301442307693
1 0.7382573653846154 0.5839598125 0.7811458317307692 0.6275029879807692 0.8064566009615385 0.6333339326923078 0.8941948461538461 0.6542481947115385 0.9104992644230769 0.6617589495192308 0.9525161923076924 0.6539222187499999 0.9793983221153847 0.594878 0.9858672908653846 0.48313080048076923 0.974642516826923 0.45292938221153844 0.8645917067307691 0.43556857451923076 0.7984099903846154 0.4236891490384615 0.7783276394230769 0.4392423149038462 0.75915009375 0.4862819783653846 0.7523267283653846 0.5695360456730769 0.7382573653846154 0.5839598125
1 0.29771391826923077 0.3259911754807692 0.3035616418269231 0.3055977427884615 0.30728691346153847 0.29525155048076923 0.3062802019230769 0.28811785336538465 0.3000630408653846 0.28328284375 0.29414004326923077 0.2800673485576923 0.28397514903846155 0.28629135576923076 0.2745129615384615 0.30335464182692307 0.27420116826923074 0.31773189903846155 0.2727796370192308 0.32798012740384613 0.2691523269230769 0.3406300649038462 0.2648163125 0.3637506875 0.2645123028846154 0.36745627403846154 0.2639926802884615 0.3772045697115385 0.281477625 0.37461471874999996 0.28510972115384614 0.36194809375 0.30178593990384617 0.36217861298076925 0.37161643028846153 0.38142556971153846 0.40134634375 0.39451985576923077 0.43429175 0.40169114423076924 0.42607485336538464 0.3932485120192308 0.3952253581730769 0.38135029567307693 0.37433199038461534 0.3746006658653846 0.34901542788461537 0.3673412596153846 0.32862199759615385 0.36149353605769236 0.2962795456730769 0.3522194879807692 0.29235928605769235 0.3419566298076923 0.29771391826923077 0.3259911754807692
1 0.3240189783653846 0.5847049375 0.3094687331730769 0.6207720817307693 0.30778782211538463 0.6529619927884615 0.3164181875 0.6579471538461538 0.4967513052884615 0.7084106538461538 0.5150277884615385 0.6885107788461539 0.5226891658653846 0.6617923774038462 0.5240410288461539 0.6395679519230769 0.35935768269230767 0.5903952019230769 0.3484126418269231 0.5919706177884616 0.3240189783653846 0.5847049375
2 0.58797978125 0.4476387956730769 0.5772182475961538 0.45934473317307695 0.5566276153846154 0.4602313100961538 0.5500929471153846 0.46576243269230766 0.5583198990384616 0.47366612259615387 0.5707784951923076 0.47537831009615383 0.5818387908653846 0.4754794735576923 0.5780269326923076 0.4815926802884615 0.6060495600961538 0.47947789423076925 0.65043659375 0.4769804567307692 0.6609082235576923 0.46168760576923074 0.6731577307692308 0.4225586538461539 0.70161721875 0.3799324399038462 0.6935456778846153 0.38912266346153845 0.691096641826923 0.38903447836538463 0.6669232259615385 0.38087473076923073 0.6884978774038462 0.3809024471153846 0.6973903798076923 0.3735730985576923 0.6919289879807693 0.36893674038461544 0.670687548076923 0.3720929639423077 0.6561012211538462 0.3734550528846154 0.6413688822115385 0.3753893389423077 0.6227136129807692 0.3823755216346154 0.5966553509615384 0.40018849038461535 0.5887376105769231 0.42565943269230766 0.58797978125 0.4476387956730769
2 0.4606153269230769 0.07545851201923076 0.46788038221153844 0.09175554567307692 0.4691567331730769 0.10122415384615385 0.47545742307692307 0.11099564182692309 0.4804665889423077 0.12722375240384615 0.5063040673076923 0.1283835096153846 0.519531170673077 0.12193587259615385 0.5271294639423076 0.1013580985576923 0.5367540072115384 0.09160178846153846 0.5267818293269231 0.08077752163461538 0.49740592548076923 0.07406988701923077 0.4830708918269231 0.07449263221153847 0.4683515721153846 0.07027193509615384 0.4615259495192308 0.06831471875 0.4606153269230769 0.07545851201923076