1 0.4024843725961539 0.9061006899038462 0.4016249855769231 0.8967354567307692 0.39839705048076923 0.9060583966346154 0.3935042524038461 0.9248978557692307 0.3915518581730769 0.9365781634615384 0.3894351225961538 0.9462621538461539 0.38678215865384613 0.962600704326923 0.3884335480769231 0.9650801947115385 0.39233909134615386 0.9663491826923077 0.3951325 0.9653138942307693 0.3965888149038461 0.958329701923077 0.3967482644230769 0.949609798076923 0.3961044350961539 0.9358001706730769 0.3971982884615385 0.9280410384615384 0.4024843725961539 0.9061006899038462
1 0.2468072548076923 0.9434638028846154 0.2542105625 0.94586928125 0.26486580769230766 0.9192447067307692 0.2760922764423077 0.8919771298076923 0.26600778125 0.9116154975961539 0.2590302716346154 0.9237488293269231 0.25007140384615384 0.9357526778846155 0.2468072548076923 0.9434638028846154
1 0.796801875 0.7286695793269231 0.7969194374999999 0.7283077644230769 0.7942905576923077 0.7282250432692308 0.7763798846153847 0.7544351081730769 0.7746094110576922 0.7576599663461538 0.772107826923077 0.7549613774038462 0.7751029567307692 0.7501915168269231 0.7780024951923077 0.7419904831730769 0.7743478245192308 0.7472889302884614 0.7647559447115384 0.757515625 0.7683987668269231 0.7670995192307692 0.7723349399038462 0.7676070048076924 0.7767524206730769 0.76218496875 0.7815180264423076 0.7541902451923076 0.7878416730769231 0.7429016370192307 0.7944726298076923 0.7321128966346154 0.796801875 0.7286695793269231
2 0.4549398533653846 0.8736572139423077 0.46356506249999996 0.8407728581730769 0.45886557932692307 0.8363315240384614 0.45098345432692305 0.8334561682692307 0.4432770264423077 0.8332094158653847 0.43309823317307694 0.8626460288461538 0.43116327884615385 0.871103329326923 0.43151033173076925 0.8738161778846153 0.4504334158653846 0.8799646610576922 0.4549398533653846 0.8736572139423077
2 0.4256443173076923 0.8543382043269231 0.4372472211538462 0.8199069927884615 0.43789986057692304 0.8120045024038463 0.43212004567307694 0.8074407259615385 0.4240913269230769 0.8065178076923077 0.41837215384615384 0.8056595649038462 0.41621562259615386 0.8090161370192307 0.41227048798076926 0.81787746875 0.40720945432692307 0.8321192620192307 0.40025953125 0.8541761586538462 0.40198377644230765 0.8567650360576924 0.40486824759615386 0.8597308918269231 0.4177072115384615 0.8655882956730768 0.4215085240384615 0.8624518485576923 0.4256443173076923 0.8543382043269231
0 0.3806142379807692 0.8461358197115385 0.38835558653846153 0.8440509903846153 0.3929615961538462 0.8324328677884616 0.3975988798076923 0.8168819230769231 0.3976614230769231 0.8090162788461538 0.38355743990384616 0.8077194375 0.3828265913461539 0.8048533149038462 0.37325709615384617 0.8266876490384616 0.3702999975961539 0.8421273557692307 0.3806142379807692 0.8461358197115385
0 0.515087625 0.8916575024038462 0.5182855456730769 0.8778675240384615 0.5212135649038461 0.8599040024038461 0.51959465625 0.8409773990384615 0.5112321033653846 0.8418603557692308 0.49968002403846157 0.8565074471153846 0.49008154326923076 0.8840468341346154 0.4947066514423077 0.8937213149038462 0.5039024134615384 0.8962234687499999 0.5121380793269231 0.8937849495192308 0.515087625 0.8916575024038462
2 0.5233938028846153 0.8463548076923076 0.5075592019230769 0.8412098341346154 0.4904244711538462 0.8831582259615385 0.4899846923076923 0.8890155264423077 0.5118818701923077 0.8961303509615385 0.5148189134615385 0.8924845072115384 0.5238582548076923 0.8538773822115384 0.5233938028846153 0.8463548076923076
2 0.2044942283653846 0.5451317283653846 0.21197027884615385 0.5444750336538461 0.21488973317307694 0.5317088966346154 0.21686760817307693 0.5250655985576923 0.2165012283653846 0.5196320985576923 0.21352420192307695 0.5200648485576923 0.21245322596153848 0.5239170024038462 0.21014785817307693 0.5315682115384616 0.20355097115384616 0.5442537980769231 0.2044942283653846 0.5451317283653846
2 0.6733158942307692 0.9290685360576922 0.6781674350961538 0.932930685096154 0.6817649519230768 0.9306994783653846 0.6833917908653846 0.9300851778846154 0.6940190985576924 0.9039943966346153 0.6877274543269232 0.8968356658653847 0.6733158942307692 0.9290685360576922
0 0.3687943293269231 0.8223518028846153 0.37285058173076924 0.8056977548076923 0.37262681490384614 0.8070536682692308 0.3744040889423077 0.8029738461538461 0.36682266346153847 0.7983389951923077 0.3607489711538462 0.7967369711538462 0.35734640384615385 0.7981457788461538 0.35077057932692307 0.807152375 0.34614708173076925 0.8178790721153846 0.33967071394230774 0.8308609711538462 0.3361027596153846 0.8376162115384616 0.3413657139423077 0.8360975745192308 0.3545367019230769 0.8403770889423078 0.3645646466346154 0.8360922644230769 0.3687943293269231 0.8223518028846153
2 0.7167633653846154 0.7870661923076923 0.7316040889423078 0.7904881899038462 0.7354283533653846 0.7896164134615385 0.7385407283653845 0.7773129759615384 0.7406424591346153 0.7653954663461539 0.7394746947115384 0.7608159014423077 0.7370725432692308 0.7600353966346154 0.735062579326923 0.7593823197115385 0.7349930192307692 0.76916003125 0.7294160721153846 0.7617477932692308 0.7288223485576922 0.7622406153846154 0.7227308413461538 0.7700902524038462 0.7167633653846154 0.7870661923076923
1 0.39979914663461535 0.7894816466346154 0.40085481490384617 0.7957962740384615 0.40245176923076925 0.8010010216346154 0.4081429567307693 0.7961071274038461 0.41444306009615384 0.7898396033653847 0.41730292788461537 0.7855972355769231 0.4212253798076923 0.7775285625 0.41704038701923074 0.7712257596153846 0.41162103365384617 0.770779233173077 0.4072273341346154 0.772180295673077 0.4029475961538462 0.7757327403846154 0.4005961394230769 0.7819689302884616 0.39979914663461535 0.7894816466346154
1 0.35446238942307695 0.7580360216346154 0.3540076947115385 0.7503166129807692 0.35052201442307696 0.7477554278846154 0.34895467067307695 0.7511891490384616 0.34919442548076923 0.7581244134615385 0.34342217548076925 0.7598204375000001 0.3453484951923077 0.750388875 0.34066161057692307 0.7556948028846153 0.33834942307692306 0.7621437572115385 0.34015859615384614 0.7684746370192308 0.3414908461538462 0.7678217596153847 0.35238324759615386 0.7609320096153845 0.35446238942307695 0.7580360216346154