0 0.8123673677884615 0.7923331826923078 0.8433109879807692 0.7857559134615385 0.8664612211538463 0.7787775024038462 0.9189713028846154 0.6853956971153846 0.8938040649038462 0.6393682115384615 0.8775141754807693 0.642419201923077 0.8718688822115385 0.6490309879807692 0.8693692307692308 0.6439446947115385 0.8707130649038461 0.63841275 0.8660898028846155 0.5959397932692307 0.8852335480769231 0.5918706634615385 0.8619346538461539 0.5618858076923077 0.8526740432692308 0.5617965336538462 0.8248922115384616 0.5615287115384615 0.8267605528846154 0.5775713413461538 0.8582239543269231 0.5922661009615384 0.8612242836538461 0.6454701875000001 0.8123546105769232 0.6546231514423078 0.8119132379807692 0.6670521995192308 0.8204302427884616 0.6781649975961539 0.8114718653846154 0.67948125 0.8436189927884615 0.7329236658653847 0.8357925841346153 0.7359553942307693 0.742165423076923 0.7373590288461538 0.7289060889423078 0.7401773870192307 0.7496890072115385 0.7727547091346154 0.8123673677884615 0.7923331826923078
0 0.606277141826923 0.16836866586538463 0.5867897596153846 0.1600564735576923 0.5509817307692308 0.15397873557692307 0.545334329326923 0.1800878533653846 0.5382909711538462 0.20398115384615384 0.5383793124999999 0.23508744951923077 0.5424023605769231 0.2715737475961538 0.553611639423077 0.2804108966346154 0.5757651153846154 0.2881347331730769 0.6189619110576923 0.2104864735576923 0.615680983173077 0.17756791105769232 0.606277141826923 0.16836866586538463
0 0.4132330721153846 0.741325125 0.4075999038461538 0.7461363413461538 0.41217624759615384 0.7520097572115384 0.4036478125 0.7636543990384616 0.4111194254807692 0.7626943894230769 0.44854453125 0.7714174495192307 0.44302099038461534 0.6866455961538461 0.43967915625000004 0.6822225600961538 0.4458470961538462 0.6796335985576923 0.4451919711538462 0.6618169110576922 0.46228980528846153 0.6665216610576923 0.47027732692307694 0.6815018749999999 0.4802984230769231 0.6947502524038461 0.4780547235576923 0.7022882475961538 0.48162842067307693 0.7258958629807692 0.4803745120192308 0.7312957524038463 0.48365812500000005 0.7376588798076923 0.48736801682692305 0.7528985384615384 0.49151349759615387 0.7520173894230768 0.4953793365384615 0.7544013245192308 0.5147355048076923 0.7460128533653846 0.5127142908653846 0.7545721057692307 0.516316014423077 0.7602178221153846 0.5194801586538461 0.7525058389423077 0.5185639399038462 0.7481953605769232 0.5244135889423077 0.7418186177884615 0.5302051923076923 0.7418871586538462 0.5393964951923077 0.7354282572115385 0.5341728100961538 0.7243658004807692 0.5360826899038462 0.7130433245192307 0.5406784326923076 0.71206646875 0.5359050024038461 0.7009083100961538 0.5290871634615384 0.6959353677884615 0.5285152379807692 0.6819456009615384 0.5375787980769231 0.6748857187499999 0.5347764951923076 0.6684202860576923 0.5270834639423077 0.6707052836538462 0.5233497716346154 0.6689430528846153 0.5275772764423077 0.6526443798076923 0.524297889423077 0.6417967836538462 0.5154400456730769 0.6430297836538461 0.5157001153846154 0.6487576610576924 0.4895977932692308 0.6254334230769231 0.4603983581730769 0.6079225192307692 0.4428772644230769 0.6045856610576923 0.42147075480769225 0.607857829326923 0.42485812980769233 0.6237941730769231 0.42287854807692304 0.6280703846153847 0.42380130769230767 0.6344788076923076 0.42719625 0.6415888581730769 0.42274448317307695 0.6451634399038462 0.4174603653846154 0.6985865961538462 0.42369253125 0.7019845721153846 0.4164035408653846 0.7092712307692307 0.4191807860576923 0.7124034735576923 0.41534671875 0.7199558605769231 0.41428989663461535 0.7306404927884615 0.41113447115384616 0.7344793557692307 0.4132330721153846 0.741325125
0 0.5016241225961539 0.09346933413461539 0.5146677956730769 0.09414071634615384 0.505907264423077 0.05697193990384616 0.5049734230769231 0.05257856490384615 0.5079205528846154 0.04621229807692308 0.5005376802884615 0.031710033653846156 0.4918303485576923 0.03930067067307692 0.4840799591346154 0.03520823076923077 0.47541883173076926 0.010645963942307693 0.4038122139423077 0.025866420673076925 0.3846177235576923 0.052905680288461536 0.3953684423076923 0.09539126442307692 0.4202466850961538 0.1234159423076923 0.43692631490384615 0.1290543125 0.44092979086538464 0.12361147836538462 0.4475128798076923 0.12221219951923076 0.45904043028846153 0.11170451442307693 0.4744688846153846 0.09924135817307692 0.4803631418269231 0.08650882451923077 0.48870295913461537 0.08932800721153847 0.4962314375 0.08428387980769231 0.5016241225961539 0.09346933413461539
1 0.6580438942307693 0.25433604086538464 0.6535271442307693 0.26515129326923076 0.6633546033653845 0.28199303124999997 0.6683645961538461 0.3028911201923077 0.6659482355769231 0.3102275552884616 0.6714404038461539 0.32270581009615384 0.6788131490384616 0.32265486778846153 0.6868755793269231 0.31790877884615387 0.7021565817307691 0.3123864254807692 0.7245828846153847 0.3030710168269231 0.7329768149038463 0.2944640096153846 0.7262404206730769 0.28682043509615385 0.7250146730769231 0.27570960336538464 0.7377251442307693 0.27679836778846156 0.7437103413461539 0.27021953365384616 0.7254191754807693 0.26425225240384614 0.7179042908653847 0.25829033173076926 0.6738606850961539 0.2540064423076923 0.6580438942307693 0.25433604086538464
1 0.7591990168269231 0.41798246875 0.7549077235576923 0.4030613269230769 0.7192295384615384 0.405381639423077 0.707263235576923 0.4048927884615384 0.707879923076923 0.4077940745192308 0.7083974471153845 0.4287806754807692 0.7144740697115384 0.4388171033653846 0.7590363052884614 0.4278289230769231 0.7786318028846153 0.4349701658653846 0.8058773317307693 0.44351770913461536 0.8405987956730769 0.45272881009615384 0.8739285745192308 0.46600452163461537 0.8757094999999999 0.46109908413461537 0.8282561899038462 0.44252973557692304 0.7713883605769231 0.42219270673076925 0.7591990168269231 0.41798246875
2 0.02356870673076923 0.6399962451923076 0.043543038461538466 0.7229744158653847 0.04573861057692308 0.7442974495192308 0.05490715144230769 0.7984257307692307 0.06758007451923077 0.8580471418269231 0.08313893028846153 0.8983411009615385 0.10451391105769231 0.90003571875 0.12586895913461538 0.9017129134615385 0.15840724278846155 0.9010346971153846 0.18423823076923077 0.9017821610576923 0.19189715384615386 0.8939161971153846 0.21008507451923078 0.8806932187500001 0.2553523341346154 0.8960017475961538 0.28341908653846154 0.8962739855769232 0.3140389254807693 0.8866465360576924 0.33574675 0.8789133870192308 0.35360182692307696 0.8751181754807693 0.36063084855769234 0.8642887548076923 0.3689598677884615 0.8375879831730769 0.3756874302884615 0.8143466201923076 0.3779991754807692 0.7702541490384616 0.3943243701923077 0.726280375 0.41124808173076927 0.7071097620192308 0.4438066298076923 0.6846158629807693 0.44317232211538465 0.6816316826923077 0.43713512019230766 0.6642225600961538 0.43523660576923073 0.6552907475961539 0.4231777283653846 0.6204691947115385 0.41046901682692305 0.5826667668269231 0.40093183894230766 0.5597852355769231 0.3907961442307692 0.5121005408653846 0.37806717067307694 0.49611379567307695 0.3516623317307692 0.4487682091346154 0.33889316346153847 0.45457972355769233 0.30441584134615385 0.4899574927884615 0.2890780625 0.505672 0.26447989903846153 0.5327118774038462 0.2376972860576923 0.5384046971153846 0.1939956995192308 0.5414557451923077 0.16147734375 0.5421513846153846 0.1107714014423077 0.5342368942307693 0.06995541346153845 0.53979359375 0.04218571634615384 0.5519125769230769 0.018221860576923078 0.5819366322115385 0.015034471153846153 0.5888521466346154 0.01976726923076923 0.6221118942307692 0.02356870673076923 0.6399962451923076
2 0 0.5393987908653846 0.07840146153846154 0.5334931033653846 0.09764185576923076 0.5346884110576923 0.248316125 0.5322488365384616 0.3046385168269231 0.47695762499999994 0.3365727884615385 0.45221384615384613 0.362898625 0.4233771971153846 0.3897499158653846 0.40075350721153846 0.40676203125000004 0.3802428605769231 0.3952576754807692 0.3298600360576923 0.3868755769230769 0.2978308221153846 0.37730497836538457 0.2565455985576923 0.36738623076923077 0.23225064903846154 0.3349836490384615 0.20638847355769233 0.3258061947115385 0.18932193509615386 0.31402489663461536 0.18970347115384617 0.27791306250000003 0.18364699278846153 0.18163433413461538 0.1925020360576923 0.16628445673076925 0.18731744711538462 0.12681151682692307 0.1840763894230769 0.04386582211538462 0.17740479326923075 0 0.18817314423076922 0 0.5393987908653846
2 0.6015612764423077 0.4257576105769231 0.5832866586538462 0.39284207211538463 0.5826318004807692 0.37792773317307693 0.5941088052884616 0.36710589663461535 0.6672365649038461 0.37499796875 0.6742830697115385 0.35508939423076924 0.6653941658653846 0.3486181225961538 0.5737588413461538 0.34801721394230767 0.5581785576923077 0.3396109783653846 0.5324903557692308 0.3367105072115385 0.40197715865384614 0.34773061057692306 0.4051886442307693 0.3687943822115385 0.4068889399038461 0.37679364182692304 0.40379165384615384 0.38581265625 0.37448103846153846 0.4070963533653846 0.3607351802884615 0.4367895865384615 0.3557640240384616 0.4428713028846154 0.35916461538461536 0.45886981730769233 0.3994624206730769 0.5423365673076923 0.47841326923076927 0.5422763798076923 0.5344495504807693 0.5286976995192307 0.5718441370192308 0.4923099735576923 0.5789265144230769 0.44897957451923076 0.6015612764423077 0.4257576105769231
2 0.7416308653846154 0.9087580216346154 0.7382238293269231 0.9034174759615384 0.7441937716346154 0.8565330745192308 0.7348048725961539 0.8230500625 0.7234009879807692 0.8123049014423077 0.7017299615384616 0.806774451923077 0.6764111658653846 0.8091237620192308 0.6727408173076923 0.8311738004807693 0.6569714375 0.8355436947115386 0.6450413293269232 0.8330111346153846 0.6348025240384616 0.8848532860576923 0.6223280192307693 0.9047243317307692 0.6264363629807692 0.9312290120192308 0.6438531802884615 0.9346096947115385 0.705507576923077 0.9245586706730768 0.7459600120192308 0.9220249735576923 0.7416308653846154 0.9087580216346154
2 0.6539122884615385 0.5402783197115385 0.6036712259615384 0.4356841514423077 0.599834 0.43961878605769233 0.5362467860576923 0.5247851442307693 0.4258668413461538 0.5544851370192307 0.44969866105769235 0.6117129927884615 0.5728477788461539 0.5762014855769231 0.6539122884615385 0.5402783197115385
1 0.7864611610576924 0.80535565625 0.7994661370192309 0.79592015625 0.8085453990384616 0.7856512932692308 0.8072010625 0.7675695649038462 0.7414272379807693 0.7464830745192308 0.7199842259615384 0.8044755504807692 0.7358514495192308 0.8261415504807693 0.736856608173077 0.8426275697115385 0.7436737307692307 0.8511853533653846 0.7515127908653846 0.8645509807692308 0.7530307019230769 0.8775707524038462 0.7574612019230769 0.8866574879807693 0.7648110072115385 0.8917664447115385 0.7793506778846153 0.8836725384615385 0.7901226802884616 0.8696866081730769 0.7766620096153846 0.8475090817307692 0.7737829807692307 0.8280857620192308 0.7864611610576924 0.80535565625
0 0.6832280312500001 0.3842698365384616 0.6303335817307693 0.40720916826923076 0.6403783533653846 0.41323981490384615 0.6549667499999999 0.4159870889423077 0.6779355072115384 0.40876567788461543 0.6830914471153846 0.3959951370192308 0.6832280312500001 0.3842698365384616
1 0.8748299326923077 0.8648723197115384 0.8491885673076923 0.8571534254807692 0.8102001634615384 0.8484810769230768 0.8072241658653846 0.861048173076923 0.8060195168269231 0.8908048173076922 0.8090916538461539 0.9008300769230769 0.8095355913461538 0.9051326466346155 0.8115143533653846 0.912227983173077 0.8167226802884616 0.9123771826923076 0.8178116514423077 0.9152863798076923 0.826622045673077 0.9146699399038462 0.8243770745192307 0.9107501923076923 0.8297801754807692 0.9096017283653846 0.8480367908653845 0.9025804999999999 0.8592214206730768 0.8977122620192308 0.8720297475961538 0.8893365697115385 0.8789176875 0.8841036971153847 0.88045403125 0.8781239399038461 0.8797546081730769 0.8726194086538462 0.8748299326923077 0.8648723197115384
1 0.5898387932692308 0.6243784158653847 0.6194506538461538 0.6156583245192307 0.6415323293269231 0.608538829326923 0.6512277067307692 0.6000234038461538 0.6407374254807692 0.5876978245192308 0.6290878317307692 0.5812935216346153 0.6253806562499999 0.5780527908653846 0.6147133557692308 0.5762698197115385 0.58924971875 0.5760290865384615 0.5666739471153847 0.5751745168269231 0.5570744663461539 0.57559046875 0.5473982740384615 0.5784702788461538 0.5416741033653846 0.5885674903846154 0.5424697524038462 0.6150615312500001 0.5447691129807692 0.6258791802884616 0.5484622548076923 0.6404292860576923 0.5621951826923077 0.6367088533653846 0.5773366658653847 0.6310645384615385 0.5898387932692308 0.6243784158653847
1 0.46149912019230765 0.24618717548076924 0.4369121538461539 0.25617844471153844 0.4306134975961538 0.24326514423076923 0.4378423125 0.2939936105769231 0.42131192307692306 0.2832551322115385 0.41451146875 0.28470061298076926 0.40769548798076927 0.28614939423076924 0.40189422115384615 0.2588565889423077 0.389264125 0.24967165144230768 0.38049712980769235 0.2586611947115385 0.3911261754807692 0.30866692067307694 0.42610518750000004 0.33924477403846154 0.4336444375 0.3328771105769231 0.48719381490384617 0.3001166586538461 0.46149912019230765 0.24618717548076924