1 0.1646703798076923 0.6284846129807692 0.1583375985576923 0.6363906802884615 0.15448964903846155 0.6509252740384616 0.15794864663461539 0.6656098677884615 0.1663424639423077 0.6697872668269231 0.17473436057692307 0.6739372620192309 0.17723389903846154 0.6690256634615385 0.1790374158653846 0.6485202355769231 0.18004152403846152 0.6280982500000001 0.17353398076923077 0.6278648100961538 0.17923855769230768 0.6166153004807692 0.17871730048076923 0.6091609759615385 0.16932129326923076 0.62543296875 0.1646703798076923 0.6284846129807692
1 0.6299539158653846 0.5863374951923077 0.6252768293269231 0.5743268028846154 0.6254513437500001 0.5798775985576923 0.6324718701923077 0.6037096634615385 0.6351867524038461 0.6062958149038461 0.636069389423077 0.6184010961538462 0.6457891634615385 0.6246669110576922 0.6396669086538461 0.6330925240384615 0.6432644302884616 0.647783954326923 0.6451721850961539 0.6365245480769232 0.6496075552884615 0.6407308942307692 0.65554503125 0.6396272139423077 0.6548157307692308 0.6646841802884615 0.6592005048076923 0.6709870745192308 0.663413451923077 0.6689574807692308 0.65941609375 0.6355285168269231 0.6496162716346153 0.6229947740384615 0.6303190480769231 0.5930867067307692 0.6299539158653846 0.5863374951923077
2 0.9312568389423077 0.7419624951923077 0.9303448653846154 0.7491314879807691 0.8515536586538462 0.7546411057692308 0.8518577932692307 0.7996471057692307 0.8930662980769231 0.8228179999999999 0.955233423076923 0.8018920048076923 0.9506956442307692 0.7572095889423077 0.9505308341346154 0.7548527067307693 0.9475513052884617 0.752665110576923 0.9312568389423077 0.7419624951923077
2 1 0.7175279903846155 0.9875231610576923 0.7181994519230769 0.9841317932692307 0.7585342740384615 0.9854138557692308 0.776868625 0.9862628028846154 0.7960594495192308 0.9876464471153846 0.80879615625 0.9919148197115385 0.8221297908653846 0.9976108149038462 0.8281482163461539 1 0.8284082836538461 1 0.7175279903846155
2 0.5882398966346154 0.7104562572115385 0.5790819326923077 0.7110966466346155 0.5748894014423077 0.7298688942307692 0.5759879639423077 0.7719001442307692 0.5828735408653846 0.7827098990384616 0.5887132427884615 0.8048840288461538 0.6102692091346154 0.8064611274038461 0.62230884375 0.8035537620192308 0.622096125 0.8005117403846154 0.6210229471153846 0.7851646009615384 0.61717009375 0.7474568942307692 0.615630733173077 0.7167477091346155 0.6096861298076923 0.7017687524038462 0.6106495721153846 0.7068512908653847 0.6050274182692308 0.7051789591346154 0.5882398966346154 0.7104562572115385
2 0.5191990817307692 0.7193323846153846 0.5042680817307692 0.7142626682692307 0.4551725456730769 0.7190727451923077 0.45657051201923077 0.7216738701923078 0.4595101706730769 0.7289315432692308 0.4612875817307692 0.7369589807692307 0.4649676129807692 0.748929235576923 0.46927584615384615 0.7642429350961539 0.4645786634615385 0.7781484230769231 0.46328928365384614 0.7829753990384615 0.4649082836538462 0.7828621874999999 0.47069205528846153 0.7844956778846155 0.4784413173076923 0.7853307764423078 0.49750553605769227 0.7914609110576923 0.5119795432692308 0.7897603004807692 0.52497828125 0.7902283197115385 0.5354279278846155 0.7833838149038462 0.5401561466346154 0.7755624134615384 0.5391340625000001 0.7668212067307691 0.5376236802884615 0.7567371682692308 0.5358002764423077 0.7480519975961539 0.5342585817307692 0.7433954495192308 0.5296207307692308 0.7233679855769231 0.5283626610576924 0.7227674663461539 0.5262409254807692 0.7215663918269232 0.5191990817307692 0.7193323846153846
2 0.7386313389423077 0.8059949110576923 0.7814468894230769 0.7884600432692307 0.7753590120192307 0.7206701274038461 0.7740367067307693 0.7017602596153847 0.7625956394230768 0.7003020480769231 0.7268895384615385 0.7050571105769231 0.707047622596154 0.7075461778846154 0.7040402283653846 0.7122454302884615 0.6989853870192307 0.7640428942307692 0.7054173605769231 0.8083174591346154 0.724758451923077 0.8080665817307692 0.7386313389423077 0.8059949110576923
2 0.22804643028846155 0.8363558028846154 0.22953572596153846 0.8531885216346153 0.23556198557692307 0.8580547307692308 0.23844765865384615 0.8271738149038461 0.24441481971153844 0.7950033774038462 0.24838020192307694 0.766167514423077 0.24795833653846153 0.7645997163461539 0.24547375961538462 0.7605598942307693 0.23616337019230768 0.7627806971153847 0.22906186298076922 0.7606334807692308 0.22751792548076924 0.8062368822115384 0.22804643028846155 0.8363558028846154
0 0.8455673485576922 0.7759622740384615 0.8391865673076923 0.7589758894230769 0.8117617331730769 0.7608936201923077 0.8214541706730769 0.8177185697115384 0.8483556923076924 0.8158374326923077 0.8455673485576922 0.7759622740384615
1 0.4364965721153846 0.7283651826923077 0.43504638461538464 0.7022213389423076 0.42415356009615385 0.6905075937499999 0.4135946899038461 0.6887398389423077 0.4047105528846154 0.7536936129807692 0.40479760576923074 0.8080507211538461 0.41290139663461534 0.8174809278846153 0.4368043533653846 0.812669954326923 0.44717401923076927 0.8063267548076923 0.4425495721153846 0.7935412716346154 0.46025367548076923 0.7748156274038462 0.4526027211538462 0.7347297067307692 0.4364965721153846 0.7283651826923077
1 0.08262774278846154 0.6481290985576924 0.08911768028846154 0.6318950793269231 0.08440635336538461 0.6202172548076923 0.07999193509615385 0.6167805552884615 0.07692743990384615 0.6157280216346154 0.06902003365384615 0.5987657692307692 0.0641805576923077 0.591365545673077 0.06214543990384615 0.5899931778846154 0.05917982451923077 0.5966999038461538 0.05948848076923077 0.6076941634615385 0.06109009855769231 0.6113275552884615 0.061232947115384614 0.6025599687500001 0.061769170673076926 0.5975378028846154 0.06373338221153846 0.5978961658653846 0.06657326201923076 0.6041969302884616 0.06810945673076924 0.6113599663461539 0.07127819471153846 0.6181334495192308 0.07291135336538462 0.6330283365384616 0.07505991586538462 0.6381381610576924 0.0767669326923077 0.6432788605769232 0.08262774278846154 0.6481290985576924
2 0.841548435096154 0.7159040120192308 0.8769627211538461 0.7159061706730768 0.8743314975961538 0.6959036274038461 0.8731395 0.6823824134615385 0.8697561322115385 0.6690144302884615 0.8585326466346154 0.66690759375 0.8545245096153846 0.6622307403846153 0.8512627475961538 0.6649373894230769 0.8507127259615385 0.671172264423077 0.8394327644230769 0.6715479423076923 0.8374837524038461 0.675402076923077 0.8375374014423076 0.6832195745192308 0.841548435096154 0.7159040120192308
2 0.7244267259615385 0.6707772716346153 0.7286921298076923 0.7054543125 0.7310033437500001 0.7032547668269231 0.75439921875 0.6954223533653846 0.7493365721153846 0.6669699326923078 0.7334893966346154 0.6598437307692309 0.7244267259615385 0.6707772716346153
2 0.5124895745192307 0.6978800288461537 0.5099509879807692 0.6698019014423077 0.5090316418269231 0.6512494086538462 0.5093636947115384 0.6505927788461539 0.4918815384615384 0.6527515985576924 0.4907943918269231 0.6672859158653845 0.4918630721153846 0.6990194375 0.5124895745192307 0.6978800288461537
0 0.5785916754807693 0.5590847259615385 0.57653228125 0.5620653125 0.5778220096153845 0.5805092860576923 0.5810905096153847 0.5988148894230769 0.580836125 0.6073974975961538 0.5850120072115385 0.6142382524038461 0.5821022307692307 0.6172783028846154 0.5833167259615385 0.6224259014423077 0.5917443918269231 0.6294375168269231 0.5993651274038462 0.6289046225961539 0.6057523365384616 0.6189568197115385 0.6053976923076922 0.6037797500000001 0.5975926033653847 0.5995611826923077 0.6050430480769231 0.5886026850961539 0.604354798076923 0.586750576923077 0.6019983605769231 0.585483298076923 0.5848859278846154 0.6004497211538461 0.5785916754807693 0.5590847259615385
1 0.12976296153846154 0.7760317956730769 0.13629145913461538 0.7770348798076923 0.14368045192307694 0.7656675817307692 0.14499704326923077 0.7598197379807693 0.14495924519230768 0.7468236850961538 0.1380810144230769 0.6917021802884615 0.13205220192307693 0.6856244086538462 0.1257790769230769 0.7004938245192308 0.11881638221153847 0.7428684519230769 0.12540143990384614 0.7691214062499999 0.12976296153846154 0.7760317956730769
1 0.2307609639423077 0.6754172644230769 0.23263521634615386 0.6845945913461539 0.23256236778846157 0.7011785336538462 0.22986134134615385 0.7111990480769231 0.23172243990384617 0.7157231033653846 0.24471758173076924 0.7293002307692308 0.24751275 0.7337865096153846 0.24834645432692307 0.6928318846153847 0.24615654807692305 0.65258440625 0.24394831971153846 0.6475613725961539 0.23710209855769232 0.6335542716346154 0.23461762259615385 0.6466716201923077 0.23053624759615385 0.663508326923077 0.2307609639423077 0.6754172644230769
0 0.4485481971153846 0.7378498052884616 0.4534222860576923 0.7523252860576922 0.4521335336538461 0.7653865624999999 0.4500566129807692 0.7831571490384615 0.45659827403846154 0.7817633629807692 0.4661701947115385 0.7764673725961538 0.46882778124999996 0.7670006899038462 0.4684160240384615 0.7531219759615385 0.4597066634615385 0.7315065264423077 0.4501989254807693 0.7062290576923077 0.44172220192307693 0.6956958052884615 0.43120715144230765 0.6954947427884615 0.4358896033653846 0.7072296634615385 0.44073953846153846 0.7291149903846155 0.4485481971153846 0.7378498052884616
0 0.7334089879807693 0.6899501514423078 0.7145277235576923 0.6831462716346154 0.7067606971153846 0.6874623245192308 0.7035796706730769 0.6974337860576922 0.7034426923076923 0.7093404759615385 0.734210670673077 0.7061149254807693 0.734424673076923 0.7044751225961539 0.7334089879807693 0.6899501514423078
0 0.8704023221153846 0.6874207836538461 0.8763144639423076 0.7120408774038461 0.8836787740384615 0.7170062956730768 0.9255829687499999 0.7219248581730769 0.9281282524038462 0.7115572187500001 0.897170389423077 0.6495547043269231 0.8841903100961539 0.644183329326923 0.8671446947115384 0.6610453149038461 0.8704023221153846 0.6874207836538461