1 0.42716912259615386 0.3800057211538462 0.4317547956730769 0.37535585096153845 0.43336593509615384 0.3636525384615385 0.4350112956730769 0.33990128125 0.4310215 0.3385554302884615 0.4305092235576923 0.34215711057692305 0.4072499951923077 0.3398327043269231 0.39488404326923077 0.3366982644230769 0.38456600961538456 0.33271838221153843 0.3761824278846154 0.31945952403846156 0.36903125 0.3053428293269231 0.36714155769230766 0.30165727403846154 0.36419520432692304 0.3054796057692308 0.3763138533653846 0.33844673798076924 0.3898834230769231 0.37659628125 0.4042118894230769 0.3807162115384616 0.42716912259615386 0.3800057211538462
2 0.8033401658653846 0.7071917331730769 0.7144532668269231 0.68788815625 0.5947262331730769 0.6675237043269231 0.5665714879807692 0.6781070504807692 0.49518722115384617 0.8653278966346154 0.5285500264423078 0.8826925288461538 0.5850206394230769 0.7689831225961539 0.6191100504807692 0.7655405072115384 0.8609037475961538 0.8271998245192307 0.879008358173077 0.8393985841346154 0.9013306826923076 0.8193615576923077 0.9065976225961538 0.7570797764423076 0.8554528293269231 0.7182776442307692 0.8033401658653846 0.7071917331730769
2 0.5296679230769231 0.5948874110576923 0.5170689831730769 0.5646061153846154 0.4958592908653846 0.5527815360576923 0.4051737860576923 0.5419412427884616 0.36655755048076927 0.539740125 0.34703302403846154 0.577425735576923 0.34105903846153846 0.6181423725961538 0.3808119182692308 0.6203831850961539 0.46147577163461534 0.6249052475961538 0.4974618629807692 0.6372458293269231 0.5110184639423078 0.6726923100961538 0.5201116346153847 0.6730098509615385 0.5208253341346154 0.6525721466346154 0.5296679230769231 0.5948874110576923
2 0.39979540384615386 0.6775113677884614 0.39930018990384614 0.7894593870192307 0.4539878846153846 0.7913691225961539 0.46050153365384616 0.800991375 0.4670449206730769 0.8097620576923077 0.48426474759615384 0.8061003365384616 0.4972541177884615 0.7612530288461539 0.5087274254807692 0.726616266826923 0.5188515432692308 0.6654371466346153 0.49919220673076925 0.6399606057692308 0.45191253124999997 0.6220617211538462 0.3972545721153846 0.6193004158653845 0.3731714158653846 0.622738545673077 0.34782436778846154 0.6303955889423077 0.34179145673076927 0.6395957932692308 0.35888404326923073 0.6401926802884615 0.38257949038461536 0.6478571057692307 0.38040426442307695 0.6443546201923076 0.39938243269230767 0.6561334495192307 0.39979540384615386 0.6775113677884614
2 0.29263968028846155 0.4914557740384616 0.2707290625 0.4769523653846154 0.23501817307692308 0.5077666466346155 0.22191027884615386 0.5332571899038462 0.27881796394230773 0.5367727139423077 0.3149829423076923 0.6097835096153846 0.3236116490384615 0.5963465576923077 0.34892240384615386 0.5712821466346154 0.34966808653846154 0.5499286009615385 0.3724837331730769 0.5385153317307693 0.3583354206730769 0.4769712091346153 0.3019387596153846 0.45820699759615385 0.29177328365384614 0.4578520120192308 0.30376349278846154 0.46436768028846154 0.29263968028846155 0.4914557740384616
2 0.9158694423076923 1 0.9174004663461539 0.9986650504807693 0.9684249350961539 0.8712041490384616 0.6169859423076923 0.7581145865384615 0.5567723870192307 0.8025353990384616 0.5276625913461538 0.9449985504807692 0.6385277524038462 0.9811726826923077 0.6742990528846153 0.9449392043269231 0.8910472451923077 1 0.9158694423076923 1
2 0.3031898221153846 0.6646465120192308 0.30285317067307693 0.6742869399038462 0.3386342740384615 0.6832742740384615 0.35352464663461536 0.70020296875 0.36001127884615386 0.8095956658653846 0.3617420649038462 0.833818735576923 0.3542977067307692 0.86253140625 0.36286688221153846 0.8753945721153846 0.37785131490384616 0.8527365144230769 0.3979433485576923 0.7944954855769232 0.39498565865384616 0.6572186057692307 0.38238728605769234 0.6490569182692307 0.3950193245192307 0.6562545649038461 0.37227423798076925 0.6428963653846154 0.3285699639423077 0.6394397403846154 0.31310728846153846 0.6388997716346154 0.3031898221153846 0.6646465120192308
2 0.30524144471153847 0.723339076923077 0.3137461802884615 0.6279829423076924 0.16851007932692308 0.6371320697115385 0.17460441346153846 0.6606066466346154 0.20771830769230767 0.7496622139423077 0.08800949278846154 0.7687436490384615 0.05986541105769231 0.7845556322115385 0.05223819471153846 0.8049771298076924 0.05542328125 0.8619557932692307 0.061878391826923076 0.8750990480769231 0.09401888942307692 0.8930323052884616 0.14967710096153847 0.9298685697115385 0.1884528173076923 0.9557874495192308 0.20368423798076923 0.9899571971153847 0.37309559855769237 0.995873173076923 0.3749895168269231 0.9002540120192308 0.3534799495192308 0.8736511201923077 0.36857715625000004 0.8366956850961539 0.3467462980769231 0.7209114975961538 0.34665652403846153 0.7234822788461539 0.30524144471153847 0.723339076923077
2 1 0.4238589134615385 0.9267722211538462 0.4345327115384615 0.8869350024038462 0.4642215913461539 0.8978822788461538 0.49568390625000003 0.9137499567307692 0.5393510961538461 0.9972243942307693 0.5882105120192308 1 0.50872753125 1 0.4238589134615385
2 0 0.519006045673077 0.013208524038461539 0.5416056995192308 0.0736625673076923 0.5831459639423077 0.08969138221153847 0.5674739495192308 0.0912281923076923 0.5234654038461538 0.0903236923076923 0.4608233317307692 0.060935146634615384 0.41573485096153845 0.008958201923076923 0.3976880216346154 0.0032997235576923073 0.39678073798076924 0 0.4912724567307692 0 0.519006045673077
2 0 0.9828443870192308 0.19796673317307695 0.9897575384615384 0.18935561538461537 0.9576046298076922 0.16946343028846153 0.9498638870192307 0.1065983125 0.90235159375 0.05349469471153846 0.8833645528846154 0 0.8919816442307693 0 0.9828443870192308
2 0.9044521298076924 0.7471918028846154 0.9001921033653846 0.8181474495192307 0.9896732932692308 0.8044457379807692 0.9928575985576923 0.7132591442307692 0.9860213149038461 0.6968889134615384 0.9466838221153846 0.6809082475961539 0.8925699375 0.6810133341346154 0.8573223894230769 0.7256142403846154 0.8686998245192308 0.7300011177884616 0.9044521298076924 0.7471918028846154
0 1 0.15919798076923078 0.9982932355769231 0.15977135096153847 0.9883365504807693 0.16757975 0.9831732668269232 0.1764724951923077 0.9804333966346154 0.18544986778846154 0.9779051850961539 0.18898114663461538 0.9680113413461539 0.19499000000000002 0.9580546538461537 0.20279839903846156 0.9427444759615384 0.22494638461538463 0.9412576009615384 0.2675249326923077 0.9370956826923076 0.28279091105769233 0.9353671514423076 0.29724099759615386 0.9446914951923078 0.30754053365384615 0.9819263245192308 0.31609602403846154 0.99528578125 0.3147608076923077 1 0.30856403125000004 1 0.15919798076923078
0 0.9391119254807693 0.2650208701923077 0.9400091009615384 0.2393291346153846 0.9487591249999999 0.21749902163461537 0.9464615144230769 0.21442661298076923 0.9456472475961538 0.21499339423076924 0.9373561923076923 0.22368039423076924 0.9449996225961539 0.21078816586538462 0.9433496394230769 0.2119209831730769 0.9385671490384616 0.2117539735576923 0.9282714951923077 0.2095927019230769 0.918685064903846 0.20925793750000002 0.9019356177884615 0.20867303365384615 0.8851861706730768 0.2080881298076923 0.8684154014423077 0.2081137860576923 0.8665774591346154 0.21462917548076924 0.8553424158653846 0.21661770913461537 0.8449624783653846 0.21625523557692305 0.8369845072115385 0.21597663701923078 0.82328409375 0.21969690865384614 0.8141159278846154 0.2307502379807692 0.8139285264423077 0.2361167403846154 0.8127175721153846 0.24804315865384613 0.8048861778846154 0.26631795673076925 0.8013568557692309 0.2757664567307692 0.8042807692307693 0.28365465625 0.8039884423076923 0.29202575961538463 0.8541324206730769 0.2967690024038462 0.8706944663461538 0.30272040865384614 0.8937512668269231 0.30592253125 0.9106886754807693 0.3011248605769231 0.9354576153846155 0.30079937740384616 0.9362926418269232 0.2996381009615385 0.9366685673076923 0.28887295913461536 0.9391119254807693 0.2650208701923077
0 0.9726168221153846 0.1491903533653846 0.9245628485576923 0.14793053125 0.8560899110576923 0.20689511057692306 0.937195278846154 0.2123012860576923 0.9567967524038461 0.20869056490384616 0.9883930336538461 0.17334085817307693 0.9726168221153846 0.1491903533653846
0 0.22418822836538463 0.9759214615384615 0.2085590841346154 0.9506339182692307 0.1448933629807692 0.9346563028846154 0.014669747596153847 0.9833566658653846 0.22669858894230768 0.9907608774038461 0.22418822836538463 0.9759214615384615
1 0.20247730528846153 0.1655704375 0.19824711298076922 0.16434489182692308 0.18990987019230768 0.19833508173076925 0.18084606971153847 0.2119337956730769 0.17154168749999998 0.23303672355769228 0.17534501923076923 0.24710085336538462 0.28378794230769233 0.25302733173076924 0.30046186298076927 0.18506301682692308 0.2976632644230769 0.1828096346153846 0.2634137548076923 0.1816136153846154 0.22936667307692307 0.1740059639423077 0.21957575240384616 0.16722926923076922 0.20247730528846153 0.1655704375
1 0.27105819951923077 0.5382391298076923 0.22132032451923075 0.5378535480769231 0.16255574038461537 0.5364770985576923 0.11073460096153845 0.5434831225961538 0.08443501682692307 0.5710386586538462 0.07306557932692308 0.6113094879807692 0.07775811778846155 0.6324990264423077 0.11287420192307693 0.6377792235576922 0.176308 0.6345730721153846 0.2397396778846154 0.6320425000000001 0.27322136298076927 0.6318603990384616 0.3031472283653846 0.6302028221153846 0.31243884375 0.6488181778846154 0.33329118750000003 0.6739502908653846 0.35615733653846154 0.666624875 0.3214866826923077 0.6233788966346154 0.30698451923076925 0.5977928846153846 0.2946363221153846 0.5627907740384616 0.27105819951923077 0.5382391298076923
1 0.2864256201923077 0.38471085576923075 0.3070932283653846 0.3868482379807692 0.3243034519230769 0.3803870528846154 0.3440916346153846 0.35421283173076923 0.33750372836538467 0.3264257980769231 0.3267189230769231 0.31121699759615384 0.3101000841346154 0.30074316826923075 0.2915907403846154 0.29091114663461537 0.2804120552884615 0.2869816466346154 0.2758420264423077 0.2825750961538462 0.26473684375 0.2765407692307692 0.2507025769230769 0.273219375 0.2496355096153846 0.2767212451923077 0.24653361057692308 0.2843829326923077 0.25448428125 0.30020058894230767 0.2518888149038462 0.3474699927884615 0.25681433173076923 0.3681367956730769 0.25922665384615384 0.3802219158653846 0.2864256201923077 0.38471085576923075
1 0.31069755288461537 0.21968570192307693 0.31438455288461536 0.2389257764423077 0.33141941346153847 0.24978413221153847 0.34199236778846154 0.25015334855769233 0.3483744663461538 0.24571099519230769 0.35911704807692313 0.22277611298076924 0.35433778846153846 0.19976572115384617 0.33492390144230766 0.18509211057692307 0.30220984615384616 0.17743448798076925 0.30075500240384617 0.18343238461538464 0.30735225240384617 0.19066059615384615 0.31069755288461537 0.21968570192307693
2 0.17694631009615386 0.2424432908653846 0.17365054326923077 0.13267940865384614 0.08077342067307693 0.13479303125 0.07213936298076923 0.17728286298076926 0.11324567548076923 0.22685054326923076 0.17694631009615386 0.2424432908653846
2 0.12871217548076924 0.4394169110576923 0.12448815865384615 0.4490824567307692 0.11785363221153845 0.4582938269230769 0.1283092596153846 0.4644824278846154 0.14549193509615385 0.4723376826923077 0.16245584134615385 0.4729300769230769 0.2073137043269231 0.43781825721153844 0.20751681730769228 0.4320018653846154 0.19990156009615384 0.42810027884615387 0.20162965384615386 0.4198114879807692 0.20566346153846154 0.4155927836538461 0.20257907932692307 0.40676593509615383 0.1979729519230769 0.3997037764423077 0.19673966826923076 0.3796806923076923 0.17553503365384618 0.3898471754807692 0.16428203846153847 0.3923498653846154 0.13713594471153845 0.3924958173076923 0.1307926201923077 0.39336821875 0.13024506009615383 0.39552083894230766 0.12311346875000001 0.40543876201923074 0.12062665144230769 0.40716975000000005 0.12414364423076923 0.4312782379807692 0.12871217548076924 0.4394169110576923
1 0.43533038221153847 0.37134636298076923 0.44396339663461537 0.3817665384615384 0.45532144711538464 0.3879383918269231 0.4616160168269231 0.39153646875000003 0.46958856009615385 0.3845918269230769 0.4739150048076923 0.37076332932692313 0.47474298557692307 0.3654996298076923 0.4634017716346154 0.3588457548076923 0.4554121394230769 0.3484480480769231 0.4355774375 0.34582496875 0.4325836466346154 0.35776956249999997 0.43533038221153847 0.37134636298076923
2 0.46875 0.49399038461538464 0.9375 0.7283653846153846