0 0.5507977067307692 0.5738999735576923 0.5713005048076923 0.5815830841346153 0.5938727908653847 0.5847554134615385 0.6346856682692308 0.5808880288461539 0.6298695072115384 0.5639087163461538 0.5964521610576923 0.5457973485576922 0.5647263197115385 0.5566839903846155 0.5723579471153847 0.5740589903846154 0.5556826634615384 0.5697848798076923 0.5507977067307692 0.5738999735576923
0 0.8286043798076924 0.7314823942307692 0.8548569831730769 0.7281922644230769 0.861454141826923 0.70978090625 0.8487605721153847 0.6933775432692308 0.8163157812499999 0.686837673076923 0.7825828990384616 0.7053129567307692 0.7907300841346154 0.7202523461538461 0.8034857980769231 0.7268796754807691 0.8286043798076924 0.7314823942307692
0 0.3116852475961539 0.7769278701923077 0.3375586875 0.7928899807692308 0.36856263942307693 0.7933036947115385 0.3691084158653846 0.7894202932692308 0.35884009615384616 0.77812640625 0.33081691826923076 0.7776365985576923 0.32757939423076926 0.7638657307692308 0.3194576995192308 0.7637143269230768 0.3179636370192308 0.7743451466346154 0.3116852475961539 0.7769278701923077
0 0.44331756009615386 0.49315583173076927 0.45098767788461536 0.48982817788461536 0.46112314663461534 0.49044410096153845 0.4555673365384615 0.508490298076923 0.4635989855769231 0.5112196177884616 0.46506343990384613 0.5094288774038461 0.46887775240384616 0.4907419206730769 0.4926979326923077 0.4964821947115385 0.49817747115384614 0.4916586394230769 0.5063452139423077 0.48919294230769234 0.5170063413461539 0.4902952548076923 0.5300786298076923 0.4913239230769231 0.5327331682692308 0.48088919951923076 0.5136709495192308 0.46700637259615385 0.4912928317307692 0.4638613341346154 0.48157574759615385 0.46889786298076924 0.4700621947115385 0.47808753125 0.45871237499999995 0.4861121826923077 0.45624890384615385 0.48655798557692304 0.44204378125 0.4893632163461538 0.44331756009615386 0.49315583173076927
0 0.3051726370192308 0.13802266346153846 0.29772520913461537 0.12849476442307692 0.27942488701923074 0.11940514423076923 0.27044928125 0.1207507764423077 0.2769524038461538 0.13012946153846155 0.2873232764423077 0.1433353125 0.3051726370192308 0.13802266346153846
0 0.3222073798076923 0.05890451442307692 0.3320515048076923 0.05842346634615385 0.33797321634615385 0.053447550480769226 0.33902956490384617 0.051038439903846156 0.34119150240384616 0.04551762019230769 0.33757175961538466 0.04151080288461539 0.3309628028846153 0.03640736298076923 0.32132465624999995 0.03295725240384616 0.3132263149038461 0.03087857932692308 0.30299140384615386 0.02920914903846154 0.3010227620192308 0.03335459615384616 0.3019316875 0.03674942548076923 0.3004834543269231 0.04212304326923077 0.30110584615384617 0.0475566610576923 0.3121466105769231 0.05353045913461539 0.3222073798076923 0.05890451442307692
1 0.6802909711538461 0.6924383052884615 0.6689464014423077 0.6905634230769231 0.6456665769230768 0.6795694471153847 0.6410541177884616 0.6769906538461539 0.6285593942307692 0.6804817788461539 0.6157986033653846 0.6858660625 0.6115206466346154 0.6927065384615385 0.6145460697115385 0.7005899375000001 0.6182559879807693 0.7036029014423076 0.6162828846153846 0.7088367499999999 0.6242614014423077 0.7110635865384616 0.6328943221153847 0.7114518413461539 0.6413690625 0.7159594807692307 0.6483636971153846 0.7163814975961539 0.67020915625 0.716976608173077 0.6874687043269231 0.7149801586538461 0.6985975 0.7124025961538462 0.70098903125 0.7041914711538462 0.7019418677884615 0.6974116923076923 0.6977779254807692 0.6888237716346153 0.6802909711538461 0.6924383052884615
2 0.5321345288461539 0.5978592620192308 0.5233050793269232 0.5964038557692308 0.5124050865384615 0.5959444951923077 0.50362509375 0.59642659375 0.49403268990384613 0.6049787379807692 0.4831980769230769 0.6155013605769231 0.4876084519230769 0.623216391826923 0.4958523269230769 0.6334172427884616 0.505199125 0.654085877403846 0.5184110961538462 0.6565862163461538 0.5356909759615385 0.6620178269230769 0.5447489735576924 0.6572681802884616 0.5612083149038462 0.645820014423077 0.563152641826923 0.6411431370192309 0.5569969230769231 0.6321102836538461 0.5428059735576923 0.6045236778846154 0.5429361658653846 0.6013078870192308 0.5398400264423077 0.6004437403846153 0.5321345288461539 0.5978592620192308
2 0.40571492548076926 0.6397247740384615 0.40135204326923074 0.6376595697115385 0.3794144831730769 0.6331409086538462 0.3491049519230769 0.6286666778846153 0.3441712764423077 0.6306628653846154 0.3412462548076923 0.653764923076923 0.3437794735576923 0.6621566634615385 0.3453684326923077 0.6617694591346154 0.3735500504807692 0.6704657572115384 0.4003877427884615 0.6709374591346153 0.40349879567307695 0.6687016177884615 0.40571492548076926 0.6397247740384615
2 0.25252086298076926 0.537491048076923 0.27795339903846156 0.5414448701923077 0.2857567716346154 0.5352318605769231 0.2868448677884615 0.5315401778846154 0.2826220673076923 0.5082255817307693 0.2621292379807692 0.5018804086538462 0.24604048557692307 0.5096350552884615 0.25252086298076926 0.537491048076923
2 0.19134764182692307 0.4768347908653846 0.2052550841346154 0.4787893533653846 0.21574556490384617 0.4800491899038462 0.21620890625 0.4790417788461539 0.22798289182692308 0.4456330480769231 0.21015002163461538 0.4302234495192308 0.19529600000000003 0.42813585096153844 0.18024412740384615 0.4640869903846154 0.19134764182692307 0.4768347908653846
1 0.5085330841346154 0.7978443461538463 0.5284621201923076 0.791998954326923 0.5302791033653846 0.779070454326923 0.5119506201923077 0.76877234375 0.4928285240384615 0.7738071201923076 0.4940023774038461 0.7798957548076924 0.4789729879807692 0.7850437115384616 0.4492268966346154 0.7976936298076923 0.4481720769230769 0.8002679591346153 0.4894241995192308 0.7883440817307693 0.5085330841346154 0.7978443461538463
1 0.3019596923076923 0.7344749110576922 0.28573707932692305 0.7285648725961539 0.26724980048076924 0.7241516057692308 0.30521173557692305 0.7403936057692307 0.3255641850961538 0.7459765288461538 0.3409316658653846 0.7385990288461539 0.35458249519230767 0.7191329447115385 0.33166100721153846 0.7122814399038462 0.31638864663461536 0.7142271610576922 0.3129960432692308 0.7237496346153847 0.3019596923076923 0.7344749110576922
2 0.24703495432692307 0.3456448389423077 0.2585331971153846 0.34396071875 0.2592998221153846 0.34167589663461534 0.2447370576923077 0.3396292331730769 0.23485829326923074 0.35233224999999996 0.24582999759615387 0.36707458173076923 0.26216456730769233 0.3693702548076923 0.26914988701923076 0.3580591418269231 0.2616500649038462 0.3570051105769231 0.2511685913461539 0.3546245120192308 0.24703495432692307 0.3456448389423077
1 0.6394310048076922 0.6679348004807693 0.6384144951923076 0.6751676394230769 0.6511571754807692 0.68012659375 0.6499461490384615 0.6831079807692307 0.6558685144230769 0.6860523725961538 0.6623977475961538 0.6901380841346154 0.6710625072115385 0.6902998076923077 0.6867901634615384 0.690926141826923 0.6830522980769231 0.6893447908653846 0.70389590625 0.6817468822115385 0.7095505024038461 0.6751493798076923 0.6658326466346154 0.6600619927884614 0.6394310048076922 0.6679348004807693
1 0.3658765769230769 0.3298740528846154 0.36552702884615385 0.33112846153846154 0.3608838221153846 0.3328189663461538 0.35786381730769234 0.3354636153846154 0.35560658894230773 0.3351463846153846 0.3527724879807692 0.34791543509615386 0.35539387499999997 0.349339875 0.35563509615384614 0.35889453605769234 0.3603672956730769 0.3602691225961539 0.36226880528846156 0.3606518677884616 0.36467026442307693 0.36240840865384616 0.38371713701923077 0.3649532692307692 0.3880209831730769 0.3593374639423077 0.3904901394230769 0.3542723341346154 0.3934052307692308 0.34867586057692307 0.3951606778846154 0.3437579302884615 0.3969489278846154 0.34107217067307694 0.3993778052884615 0.3350608557692307 0.39940347596153847 0.3336454254807692 0.3921065240384615 0.3278017740384615 0.3734017235576923 0.3252884879807692 0.36877216346153846 0.32688190625 0.3658765769230769 0.3298740528846154
1 0.5105079254807692 0.8228890697115384 0.5132848245192307 0.8246158725961539 0.5523377884615385 0.8267548173076923 0.5489883125 0.8074405649038462 0.5105079254807692 0.8228890697115384
1 0.29718505528846156 0.3383870841346154 0.2891909711538462 0.3404976778846154 0.27721412500000003 0.34206503125 0.2984834591346154 0.3464072764423077 0.30593578846153846 0.35096923076923076 0.3140258653846154 0.35398726442307693 0.3212763269230769 0.35716781249999996 0.32995993509615384 0.3559626466346154 0.33860715625000004 0.3550163774038462 0.3486091514423077 0.35587755048076924 0.3538176394230769 0.34769931249999997 0.3492072788461539 0.3429922572115384 0.32087395673076924 0.33414263461538457 0.3070569519230769 0.33436234134615384 0.30571756971153846 0.3352631322115384 0.29718505528846156 0.3383870841346154
1 0.36765474519230773 0.09479453125000001 0.36175940625 0.09764559615384615 0.361479125 0.10192932451923077 0.3636404471153846 0.10733171634615385 0.3677801201923077 0.11591622836538461 0.3786682139423077 0.119278 0.3824712379807692 0.12004348557692308 0.39035735096153845 0.1146506298076923 0.39536231009615386 0.10334170432692308 0.39355972115384613 0.09767621634615384 0.38784193269230766 0.09221950721153846 0.38097128124999996 0.09602253124999999 0.3784501730769231 0.09652623557692307 0.3736868365384615 0.09466875961538462 0.36765474519230773 0.09479453125000001
2 0.28804220673076925 0.07781406249999999 0.2830509375 0.08955392307692309 0.2795759879807692 0.09385068028846154 0.2780131346153846 0.0981026610576923 0.28749384375 0.10549075 0.29136456490384616 0.10859231490384615 0.2946445096153846 0.11255137740384616 0.30146259375 0.11511013942307692 0.32240350240384613 0.11932372836538462 0.3282105048076923 0.11217013221153847 0.33450083894230764 0.09805526923076924 0.32821033653846154 0.09174254807692309 0.30146103125 0.0777859014423077 0.28784484615384615 0.07587227163461538 0.28804220673076925 0.07781406249999999
2 0.4874298245192307 0.5542194038461539 0.49265501923076926 0.5371167740384615 0.474730701923077 0.5348616802884615 0.4705847331730769 0.5326619591346154 0.46826024519230774 0.5261311033653846 0.4722607211538462 0.5207366730769231 0.47687340384615384 0.5167978173076923 0.4659800168269231 0.5136498076923077 0.4524091394230769 0.5093004783653846 0.44334930528846156 0.5101887596153847 0.44035124519230767 0.5489559807692308 0.4447377403846154 0.5522620360576923 0.47813174038461537 0.5539851730769231 0.4874298245192307 0.5542194038461539
2 0.30145018028846154 0.3966225817307692 0.2932092307692308 0.3943258629807692 0.28925143990384616 0.39307661057692306 0.2870917331730769 0.38889547836538463 0.287936375 0.3853510841346154 0.2884093798076923 0.38198546875 0.29250038221153846 0.37982134615384616 0.29697058413461536 0.3772485024038461 0.3033539302884615 0.37814562500000004 0.30718664663461537 0.3802848221153846 0.31022055528846154 0.38071121153846155 0.31149993750000005 0.3788284591346154 0.30778700240384615 0.3760130769230769 0.3046894182692308 0.3760397548076923 0.29739618509615384 0.3692891009615385 0.29801796875000003 0.3673304302884616 0.2817901947115385 0.36321821394230774 0.26604425240384616 0.37998078605769237 0.2763191298076923 0.3972157572115385 0.2963877596153846 0.40094374278846157 0.3020024278846154 0.39762422115384616 0.30145018028846154 0.3966225817307692
2 0.3040049014423077 0.15091040384615384 0.28986069471153847 0.14747052644230768 0.2729465889423077 0.14436738701923077 0.2628191658653846 0.15848749278846153 0.28364072596153844 0.16865747115384616 0.29358976201923076 0.1711282451923077 0.3040049014423077 0.15091040384615384
2 0.8337318485576923 0.6698148076923077 0.8409698485576923 0.6781912427884615 0.8601040096153846 0.6815238942307692 0.9016538100961539 0.6831557211538463 0.9118999278846154 0.6551589158653847 0.8718499615384616 0.6484907307692308 0.8496736225961539 0.6548288076923078 0.8351350408653846 0.6517295144230769 0.8351016706730768 0.651790826923077 0.8340839807692307 0.6630826129807693 0.8337318485576923 0.6698148076923077
2 0.4705981057692308 0.7222375120192308 0.48152017788461543 0.7237725096153846 0.49658494471153847 0.7245366899038461 0.5052652740384616 0.7203609831730768 0.48050162740384617 0.6878728870192308 0.45523019711538465 0.6877038125 0.4374463870192308 0.70611053125 0.45495025480769236 0.732842701923077 0.46322942788461535 0.7387418918269231 0.4632576370192308 0.7313206562500001 0.4638147836538461 0.7273563461538461 0.4705981057692308 0.7222375120192308
2 0.8322793365384615 0.6600734110576922 0.7958338076923077 0.6557598461538461 0.7884494302884615 0.6658598461538462 0.793530173076923 0.6721510504807693 0.8185619038461538 0.6812461802884615 0.8322793365384615 0.6600734110576922
0 0.4742322764423077 0.4323898365384615 0.48776265865384616 0.433152875 0.5019613557692307 0.43514837259615385 0.5056223389423077 0.4334023269230769 0.5066411225961539 0.4261533052884615 0.49846109134615385 0.4176114783653846 0.4956597091346154 0.4132411610576923 0.49051529326923077 0.40740301923076927 0.4762370048076923 0.4059738533653846 0.46597873557692304 0.4062316923076923 0.45440024278846153 0.4097195817307692 0.44648500721153844 0.41144524519230774 0.4343155192307692 0.41315052884615383 0.42382302644230774 0.41507499759615385 0.41391924999999996 0.41879825240384616 0.41360542788461535 0.42103120913461534 0.41594845673076924 0.42249903365384617 0.4324737884615385 0.4202673918269231 0.4458472620192308 0.4221469110576923 0.4553209735576923 0.4274714639423077 0.4742322764423077 0.4323898365384615