0 0.04879663221153847 0.30907967067307696 0.019642146634615384 0.32659018749999996 0.004678300480769231 0.35876726923076924 0.03157782211538462 0.4691702091346154 0.045652 0.4892355600961539 0.07664956490384615 0.5023785432692308 0.13702151682692307 0.48541293028846155 0.20468661778846153 0.4631737956730769 0.2436284182692308 0.43501580048076927 0.24899372596153846 0.40267117788461537 0.2681184855769231 0.4084224951923077 0.23292859134615387 0.35915084375000006 0.20944465384615382 0.3281029302884615 0.15434376442307693 0.3181231009615385 0.10848608413461538 0.3299412403846154 0.07054150961538462 0.30224146153846154 0.04879663221153847 0.30907967067307696
0 0.24442973076923075 0.19429312259615386 0.20983343269230767 0.1925057283653846 0.17351346634615383 0.19778932932692309 0.16079176442307694 0.20465168269230768 0.1666599182692308 0.32048840624999997 0.18228788461538462 0.32666209375000005 0.20111223317307692 0.33052454326923075 0.2262257860576923 0.3356969567307692 0.25453415384615385 0.3373745961538462 0.28442034615384615 0.33906310576923077 0.30652309855769233 0.3359150384615385 0.32866715625 0.33040066346153846 0.3461818581730769 0.3188879182692308 0.35908884855769235 0.3014105144230769 0.3688617043269231 0.28267822115384617 0.37381933894230773 0.26859593509615387 0.3772423100961539 0.25330334374999997 0.3789847716346154 0.24388231971153845 0.37286176682692307 0.23432400240384615 0.35727324519230774 0.22461713221153845 0.3385315048076923 0.21602206971153848 0.3039955985576923 0.20950167307692308 0.27425367788461535 0.19954775721153845 0.24442973076923075 0.19429312259615386
0 0.22543223076923077 0.6078078846153846 0.2560605048076923 0.6039084951923077 0.3069393822115385 0.6023795552884615 0.36599224038461536 0.5985929230769231 0.38302043028846156 0.5767534495192308 0.3843746081730769 0.5602912403846154 0.38475390625 0.5385612163461538 0.3722120697115385 0.5198394807692307 0.36915875240384616 0.5101347139423077 0.33600244951923075 0.50352171875 0.30571718990384616 0.501776233173077 0.26653239903846154 0.5031092355769231 0.22032872115384614 0.5067367548076923 0.186268625 0.4920567572115385 0.16524714423076922 0.49692395432692305 0.16314214182692308 0.5258416225961539 0.1725755096153846 0.5392916394230769 0.17915099759615385 0.5611263894230769 0.1854816826923077 0.5982591971153846 0.2045231201923077 0.6138772283653846 0.20039631971153846 0.6045537836538462 0.20471277163461538 0.6030122163461539 0.22543223076923077 0.6078078846153846
1 0.36708213701923076 0.3286041586538462 0.35876831249999996 0.3363269038461538 0.3412662019230769 0.3382050721153846 0.3314176826923077 0.33453263221153845 0.32332492307692307 0.32959063942307687 0.3239018533653846 0.3309175769230769 0.3408313461538462 0.3631179423076923 0.37563643028846155 0.37204340144230774 0.4203910673076923 0.3470206682692308 0.44748454807692306 0.3304409879807692 0.4445529230769231 0.29848495673076925 0.42337518028846155 0.27537850240384615 0.41023466105769235 0.2935019278846154 0.39911616105769226 0.2963749879807692 0.3871406033653846 0.2808636225961539 0.3815557451923077 0.2672140745192308 0.35782874519230773 0.29083691346153845 0.35193923317307696 0.29336784615384615 0.3613912908653846 0.3197534927884615 0.36708213701923076 0.3286041586538462
0 0.38914717307692304 0.7338009615384615 0.3954286514423077 0.7139075576923077 0.3899226394230769 0.6893743942307692 0.39025219951923074 0.6704939375 0.37286486298076926 0.6479703894230769 0.3478873725961539 0.6375495528846155 0.29877625240384614 0.6511278437500001 0.2689258413461538 0.6639421682692308 0.2821021105769231 0.6730568485576923 0.29361518990384616 0.6921440192307693 0.26652616586538463 0.7161082331730769 0.22769438221153845 0.7354168004807692 0.23607510096153844 0.763333983173077 0.2625050096153846 0.7771306826923077 0.2965278004807692 0.7799415576923077 0.33236579326923077 0.7627977403846155 0.3321138990384615 0.7772288725961538 0.34248707451923077 0.7763097692307692 0.3532123173076923 0.7564939326923077 0.3694792379807692 0.7578947115384616 0.38914717307692304 0.7338009615384615
0 0.26231360096153844 0.6594927572115385 0.22860836298076923 0.6639551995192308 0.1388939471153846 0.6951942259615385 0.10505654326923076 0.7059553197115385 0.10948385817307692 0.7413546466346154 0.1361927860576923 0.7531725817307693 0.18005151442307693 0.7463703173076923 0.28329617067307694 0.7103333653846153 0.29220170432692305 0.6827179134615384 0.26231360096153844 0.6594927572115385
1 0.4344735504807692 0.3322308533653846 0.41126131971153845 0.3518287283653846 0.3919952211538461 0.3643610649038462 0.3519540769230769 0.36509569471153847 0.3350754278846154 0.3490820168269231 0.31583434615384615 0.36018123798076923 0.3035187355769231 0.40999055528846157 0.31071570192307696 0.4344198798076923 0.3429112283653846 0.4464169278846154 0.3810165336538462 0.4470820576923077 0.4117253341346154 0.4347494567307692 0.4255554855769231 0.4064031754807692 0.43181460576923075 0.3750576370192308 0.4344735504807692 0.3322308533653846
1 0.3147255721153846 0.6974632548076923 0.3209530600961538 0.6819362427884615 0.31215750721153845 0.6739648581730768 0.2675947956730769 0.6676195 0.21543617548076924 0.6711597451923077 0.1750669014423077 0.6805066274038462 0.13139172836538462 0.7098988677884616 0.11924856971153847 0.7230889495192308 0.1205033701923077 0.736512891826923 0.14120822115384615 0.744692153846154 0.16949006971153846 0.7440689783653845 0.20692099759615384 0.7324371322115385 0.25933598798076923 0.7154826538461538 0.3147255721153846 0.6974632548076923
1 0.2943373197115385 0.8965210841346154 0.2667278774038462 0.9070074951923076 0.22071278605769232 0.9240236802884615 0.21143715144230768 0.9320963605769231 0.2205210985576923 0.9350053389423076 0.2608570360576923 0.9288416947115384 0.29572847836538463 0.9212324591346154 0.2960155721153846 0.9047849663461538 0.2943373197115385 0.8965210841346154
2 0.6015490552884615 0.19439239663461538 0.5854008701923077 0.16708974759615383 0.5437206370192308 0.1725965 0.5653874639423078 0.20206245673076922 0.6015490552884615 0.19439239663461538
2 0.37386105528846153 0.3795302235576923 0.3379894639423077 0.37058614903846154 0.33546575240384613 0.35600655048076923 0.3175406201923077 0.43050506009615386 0.3202816153846154 0.43263655528846157 0.40040736057692305 0.4465037211538462 0.4284547524038462 0.4262067908653846 0.43810639423076925 0.34948021634615384 0.41321321875000006 0.3469620528846154 0.37386105528846153 0.3795302235576923
1 0.1709976875 0.3088123341346154 0.1864524471153846 0.3134494278846154 0.22405941346153846 0.3286580769230769 0.2723945408653846 0.3404367692307692 0.30934151442307695 0.33743112500000005 0.3614642932692308 0.29901827403846154 0.3827409663461539 0.24769845432692308 0.3559105576923077 0.2275604639423077 0.2892606153846154 0.2081943125 0.225356125 0.19834419471153847 0.19038029567307693 0.19920057692307694 0.16579968990384616 0.2169742932692308 0.16812599278846155 0.2505033341346154 0.1709976875 0.3088123341346154
1 0 0.7065618509615385 0.004657516826923077 0.7075700288461538 0.07055686298076923 0.7024526850961539 0.0981646298076923 0.706068391826923 0.16090378125000002 0.7024627908653845 0.21092159375 0.6802323365384615 0.23671421394230768 0.6681473052884616 0.27595437980769233 0.6649149831730768 0.3158833028846154 0.6515097956730769 0.33847471153846154 0.6432861514423076 0.33655717307692307 0.6334511899038462 0.3384491466346154 0.6154648004807692 0.33973252884615385 0.6017851153846154 0.33712437740384615 0.6009561394230769 0.3272147740384615 0.6007831658653846 0.2587689423076923 0.6015387355769231 0.25041465865384616 0.6013929110576923 0.19936073557692308 0.59385075 0.18168990865384613 0.5888415889423076 0.14167226923076923 0.6073293317307692 0.1070534903846154 0.6157431009615385 0.06166552644230769 0.6133839423076923 0.03925027644230769 0.6102422644230769 0 0.6193815649038462 0 0.7065618509615385
1 0.15400240384615385 0.7540502019230769 0.14584614663461537 0.7616590144230769 0.16286347596153844 0.7722742908653846 0.18098400721153848 0.7846257524038461 0.1851781201923077 0.8079191634615385 0.15497037980769232 0.8297452908653846 0.1605827091346154 0.8367276370192307 0.19153354807692308 0.8372678846153847 0.2444089423076923 0.8295895192307692 0.2664684591346154 0.8136387475961538 0.25107190625000003 0.7763810336538461 0.24101746153846154 0.7615866394230769 0.23414445673076922 0.7606165408653845 0.15400240384615385 0.7540502019230769
1 0.17409711057692306 0.83793034375 0.1545591418269231 0.8342054615384615 0.13269336778846152 0.8326902860576924 0.11668350000000001 0.8420289639423076 0.09095424519230769 0.8466639663461539 0.09456587259615384 0.8982348509615385 0.19273352403846153 0.9378708173076924 0.2432074543269231 0.8996958942307691 0.2600419879807692 0.8864043413461539 0.28227066346153845 0.8658558197115384 0.28090038701923076 0.8590475360576922 0.2202109278846154 0.8330844038461538 0.17409711057692306 0.83793034375
1 0 0.8491818052884615 0.05043346634615385 0.8519575865384615 0.10322542548076924 0.8528790745192307 0.1456362139423077 0.8437178485576923 0.1777471658653846 0.8185410937500001 0.17039021153846154 0.7867245192307692 0.12072630769230769 0.7581200745192308 0.07076356490384615 0.745362826923077 0.018662721153846155 0.7048473701923077 0 0.7334569038461538 0 0.8491818052884615