0 0.2473073076923077 0.45997310336538466 0.2520761514423077 0.46894199519230767 0.2593027019230769 0.46825884375000004 0.2605992692307692 0.4654831322115385 0.2576648221153846 0.46388413221153846 0.28387909134615386 0.4625232451923077 0.29478844711538466 0.4661408533653846 0.3012129350961538 0.45226351923076924 0.2956426875 0.4353158846153846 0.28315622596153844 0.4001095697115385 0.27863000240384617 0.37214544711538466 0.26705102884615384 0.3594656682692308 0.25311778846153843 0.3501239879807692 0.22843729567307694 0.35695809375 0.21521978365384614 0.33468817307692306 0.20101623798076923 0.3443266442307692 0.2268940168269231 0.4164040745192308 0.2338372548076923 0.42946240384615386 0.2473073076923077 0.45997310336538466
1 0.6984636322115385 0.23934272115384614 0.6726800865384616 0.2149619591346154 0.6565504951923077 0.20038013461538462 0.6531719326923077 0.20515699759615383 0.6552948052884615 0.21747006490384616 0.6605346153846153 0.24681323076923078 0.6801088677884616 0.30215408894230766 0.7205052572115385 0.2761744735576923 0.7063586346153846 0.25234205769230766 0.6984636322115385 0.23934272115384614
0 0.1534771153846154 0.6083374879807693 0.13987218028846155 0.6009075576923076 0.13671287740384616 0.5910828629807692 0.126431125 0.5808428100961538 0.1142688701923077 0.58522328125 0.11376135817307692 0.5959545024038462 0.12834644951923077 0.6415792836538461 0.16051792548076924 0.6851851225961538 0.18621410576923078 0.6621040072115385 0.17310069711538462 0.6387355745192308 0.1534771153846154 0.6083374879807693
0 0.5458422427884615 0.4784566706730769 0.517695173076923 0.4353934230769231 0.5086835985576923 0.43678725240384614 0.4994479951923077 0.44622818990384616 0.5037123317307692 0.4599061947115385 0.519040608173077 0.49154498076923075 0.5458422427884615 0.4784566706730769
2 0.5559959519230769 0.852081358173077 0.4993198221153846 0.7495568725961538 0.4862207091346154 0.7478486923076922 0.4661780264423077 0.7519783942307693 0.44739775480769234 0.7652127307692307 0.4423036442307692 0.7853271322115384 0.4430984423076923 0.7881532163461539 0.5023548293269231 0.8969357019230769 0.5331743701923076 0.902276125 0.5646875600961538 0.8724957067307693 0.5559959519230769 0.852081358173077
2 0.4762285288461538 0.7519098413461538 0.5006733365384616 0.750327420673077 0.5585416850961539 0.8540956754807693 0.5795856129807693 0.8380184831730768 0.5741803076923077 0.823784766826923 0.5081669495192307 0.6965993269230769 0.49503490384615384 0.6921666466346154 0.4568751754807692 0.7165099423076923 0.4514397788461538 0.7234832043269231 0.4646284326923077 0.7523552620192308 0.4762285288461538 0.7519098413461538
2 0.6993062259615385 0.7508461754807693 0.6720260745192307 0.7010928389423078 0.6439575745192307 0.6406118052884615 0.638876579326923 0.6049848629807693 0.6282704182692308 0.6341101850961538 0.6272829062499999 0.6445303413461538 0.6293465336538462 0.6545501610576923 0.6816819567307693 0.7775335649038462 0.68986021875 0.7867759471153846 0.7199243173076924 0.7881069831730769 0.7176014567307691 0.7806689663461538 0.6993062259615385 0.7508461754807693
2 0.7171344687500001 0.5335401274038462 0.6722453629807692 0.5554707980769231 0.6713441634615385 0.5549962283653846 0.6873185504807692 0.5850396826923077 0.6971258701923078 0.58077878125 0.7133088341346153 0.5837382836538462 0.7623534134615385 0.6520515913461539 0.8060287884615385 0.7568988100961539 0.8197081514423077 0.75156265625 0.8296106514423076 0.7462974014423077 0.8567347067307692 0.7232021850961539 0.7587066778846154 0.5364715480769231 0.7449953629807692 0.5273993269230769 0.7336771370192309 0.527635264423077 0.7171344687500001 0.5335401274038462
2 0.7581960336538462 0.5341798798076923 0.8524387788461538 0.7132367307692308 0.8629768221153846 0.7149356514423076 0.9144594687500001 0.6831805817307692 0.9156378028846154 0.6709005024038461 0.8271225384615384 0.49899142548076925 0.8117415264423078 0.4881842043269231 0.7267429807692308 0.5275370552884615 0.7309581995192308 0.5282166225961539 0.7435885192307693 0.5302634759615384 0.7581960336538462 0.5341798798076923
2 0.6472143966346154 0.7242103341346154 0.6551246033653846 0.7181565240384615 0.6576346418269231 0.7205474735576923 0.6247995817307692 0.6518414471153846 0.6400512788461538 0.587520733173077 0.6221866514423078 0.5539222572115384 0.5745987019230769 0.5829805817307693 0.6472143966346154 0.7242103341346154
2 1 0.5096233149038462 0.9988645913461538 0.5075493509615385 0.9808366947115386 0.49978874999999995 0.9362196418269231 0.5173127259615384 0.9335978269230769 0.5385267475961538 0.9973949471153846 0.6569954975961539 1 0.6576197283653846 1 0.5096233149038462
2 0.9165014615384616 0.6751503942307693 0.9697006562499999 0.6553879615384616 0.8775435817307693 0.4715263822115385 0.8305230360576924 0.4993590745192308 0.9165014615384616 0.6751503942307693
2 0.3207803341346154 0.7164181730769231 0.2570993365384615 0.7427970384615384 0.2517739326923077 0.7605904519230768 0.2709778173076923 0.8083194639423077 0.3603100721153846 0.9832812620192308 0.4469946658653846 0.9259837620192308 0.4537588028846154 0.9317160120192308 0.39335226442307697 0.8273898485576924 0.3420171850961538 0.7331723509615385 0.3207803341346154 0.7164181730769231
0 0.20253762259615385 0.6508316490384616 0.20376207932692306 0.6555752067307693 0.20473463221153845 0.6612872259615384 0.20657703846153846 0.6682653942307692 0.20879213942307692 0.6756116850961539 0.20936408894230768 0.6798676586538461 0.21286019471153847 0.6853704519230769 0.2183776610576923 0.6901263173076924 0.2265989591346154 0.6953818197115385 0.2293293389423077 0.6945261418269231 0.23016580288461538 0.6929190120192307 0.23390402644230768 0.6872654110576922 0.23493110096153844 0.680728608173077 0.22691669471153847 0.6628452163461538 0.21774410096153846 0.6558005841346154 0.2077686826923077 0.6483184879807692 0.20189474278846153 0.6474777211538462 0.20253762259615385 0.6508316490384616
0 0.5351457019230769 0.4251312644230769 0.5237597331730769 0.4293076081730769 0.5265065024038461 0.4437925192307692 0.5424438269230769 0.4737662668269231 0.5633160673076923 0.4757822692307692 0.5636826346153846 0.4671526947115385 0.5456899038461539 0.4298371586538462 0.5351457019230769 0.4251312644230769
0 0.37048059134615385 0.5812057451923077 0.3744928100961538 0.5927824663461538 0.38368456971153847 0.6100696514423076 0.4028920625 0.6259655673076924 0.40969234615384614 0.6314699615384616 0.41514829567307693 0.6311917764423077 0.4236641057692308 0.6253524423076923 0.4242924375 0.6119639903846154 0.41647896634615383 0.583512391826923 0.404785625 0.5655882283653846 0.38627568028846154 0.5558486009615384 0.3773571923076923 0.5625577379807692 0.3730769543269231 0.5707050649038462 0.37048059134615385 0.5812057451923077
0 0.34491595673076925 0.35406795673076924 0.3414166105769231 0.35551132932692303 0.3355819951923077 0.3594779783653846 0.3365298293269231 0.3671404326923077 0.3413480889423077 0.37620226442307697 0.34635166826923075 0.385612625 0.3401587716346154 0.3889054471153846 0.3391838798076923 0.39243405769230766 0.33716272115384616 0.39824763942307695 0.3381972572115384 0.40714558653846156 0.3469154134615385 0.4262046177884615 0.3535122788461538 0.43646667067307693 0.37388597115384614 0.44113211057692303 0.3915330480769231 0.4278744134615385 0.3917044951923077 0.4127021875 0.37750506730769234 0.38067181490384616 0.3663354711538461 0.3543027427884615 0.35959511057692306 0.3523132211538461 0.34491595673076925 0.35406795673076924
0 0.49307290625 0.5052032307692308 0.5213673894230769 0.49325845192307693 0.49495937259615386 0.4455151658653846 0.4711228557692308 0.45818926682692307 0.49307290625 0.5052032307692308
1 0.8179156081730768 0.41074785096153843 0.7811721129807693 0.4302847139423077 0.7930515865384616 0.4668271225961539 0.8223316682692308 0.45984231490384614 0.8217386490384615 0.4587270120192307 0.8245390360576923 0.4586686370192308 0.8412615697115384 0.48834409855769234 0.8478587764423077 0.47771303365384615 0.8179156081730768 0.41074785096153843
1 0.31456962499999996 0.5458709615384616 0.34116889423076924 0.5958969134615384 0.3503499591346154 0.6026986105769231 0.3566030216346154 0.5999996923076923 0.3561759375 0.5879175288461538 0.35307997836538463 0.5837220024038461 0.3335388004807692 0.5461568293269231 0.31121387259615385 0.52106965625 0.3094798846153846 0.5193986466346154 0.30419551923076926 0.5215526923076923 0.31456962499999996 0.5458709615384616
2 0.6263088990384615 0.5273205528846154 0.631342170673077 0.5464015817307692 0.656255764423077 0.5874883461538462 0.6594679375 0.5935295673076924 0.6409852908653846 0.612685766826923 0.6421600192307693 0.63223878125 0.7298909567307692 0.8107344182692308 0.7393168798076922 0.8072723990384615 0.7400694567307693 0.7913441153846155 0.8011259759615386 0.7713082548076924 0.8049805841346154 0.77855771875 0.8071934759615385 0.7711817716346154 0.8044245384615384 0.7524764134615385 0.752886389423077 0.640126548076923 0.7146561538461539 0.5874925697115384 0.6829393245192308 0.5779499447115385 0.6488646177884616 0.5215566009615384 0.6263088990384615 0.5273205528846154
0 0.07268916586538463 0.4888290096153846 0.07177900961538461 0.4944393173076923 0.07266801442307692 0.5079449254807693 0.08171128365384615 0.5258773485576923 0.09015745913461538 0.5353647331730769 0.09643862019230769 0.5408173028846154 0.10223288942307693 0.5517147355769231 0.1061699014423077 0.5517971153846154 0.11312374038461538 0.5503052235576923 0.11614354326923076 0.5486995649038462 0.11960152644230769 0.5387839110576923 0.09849272836538461 0.4927234567307692 0.08976537259615386 0.48267026682692304 0.07268916586538463 0.4888290096153846
0 0.4960693004807692 0.39094910096153845 0.49191818509615387 0.3831419855769231 0.48307913942307695 0.38071851923076927 0.47395751923076923 0.3812767259615385 0.46954278125000004 0.38362408413461535 0.4695647067307692 0.39076550240384617 0.46559361778846153 0.38858512259615385 0.46575831490384617 0.3942200096153846 0.4663609014423077 0.4024534927884615 0.46904043990384614 0.4110430625 0.47733031971153844 0.4266340576923077 0.48279788701923076 0.43514201442307693 0.48927722355769226 0.4331275048076923 0.49441242067307695 0.43039707211538464 0.4989699326923077 0.42654318509615385 0.504840920673077 0.4234215240384615 0.5051168966346153 0.4132902884615385 0.4997797451923077 0.4032525697115385 0.4960693004807692 0.39094910096153845
2 0.3730321346153846 0.7341468317307692 0.3557005625 0.7471473605769231 0.4495511826923077 0.9225083221153846 0.4997754759615385 0.8929721658653846 0.44224415384615384 0.7859548509615385 0.44520546875 0.7692992283653847 0.413008625 0.720431485576923 0.39718735336538463 0.7222570192307691 0.3730321346153846 0.7341468317307692
2 0.5360576923076923 0.6502403846153846 0.8269230769230769 0.5817307692307693