1 0.14682540625 0.67677521875 0.13373001442307691 0.6782053028846153 0.11238395673076923 0.681800045673077 0.10923410817307692 0.676274 0.11394670913461538 0.6611966466346153 0.11714476923076923 0.6575347379807692 0.12619458413461537 0.6450533605769231 0.1325238076923077 0.6344176466346153 0.14126146634615383 0.6303990576923078 0.15281263701923076 0.6278543461538462 0.16863961538461536 0.6246088149038461 0.18524338942307692 0.6235613533653847 0.1934718605769231 0.6305922884615385 0.2035698942307692 0.6427598100961538 0.2099419903846154 0.657138908653846 0.21550577403846155 0.6692971923076924 0.21953083413461538 0.6803559543269231 0.22400185096153846 0.6895757211538461 0.22880553846153845 0.6903252331730769 0.23835150961538462 0.6885274615384614 0.2355530192307692 0.6870310120192307 0.2338117596153846 0.6885031153846154 0.23005613701923078 0.6781846274038461 0.22243527163461538 0.6634388100961538 0.21821317788461536 0.6549667836538462 0.21391868028846156 0.64316775 0.20515683413461538 0.6346713774038462 0.19860821875 0.6228715408653845 0.18890792788461536 0.618052983173077 0.17930055288461538 0.6165539639423077 0.1682158581730769 0.6172522139423078 0.15840044951923077 0.6183097115384615 0.14586444951923078 0.6212128725961539 0.1318511298076923 0.6263133052884615 0.12011794230769232 0.6314221754807693 0.11316792548076923 0.6372880216346153 0.10737757692307692 0.6494042836538461 0.10201098557692309 0.6688771442307692 0.10002447596153846 0.6821239399038461 0.10250531490384616 0.6920680745192308 0.10527610576923077 0.7027450120192308 0.09903797115384615 0.7292075889423076 0.0956670576923077 0.7479711899038463 0.10241820673076923 0.7571994014423077 0.11064118028846154 0.7642152283653847 0.12152333653846153 0.7660886033653846 0.12407290865384615 0.7668373149038461 0.12579364903846152 0.7653726778846154 0.13404064903846155 0.7506855913461539 0.13811025721153847 0.7400339663461538 0.13842241105769232 0.7315711754807693 0.14336173317307693 0.7264371610576923 0.15069080528846154 0.7154204206730769 0.14827686778846155 0.7087881850961538 0.1505364831730769 0.70880409375 0.17456225 0.7000594302884615 0.17502872115384616 0.6982129687499999 0.16459251923076923 0.6945005985576922 0.14682540625 0.67677521875
2 0.5941080240384615 0.47977683173076924 0.5583988557692308 0.48712794711538465 0.42315755288461543 0.5716817764423077 0.38974986778846155 0.6170839014423077 0.46661975000000006 0.9284448125 0.4651829254807692 0.9379670913461537 0.49114837259615385 0.9413823846153846 0.5038841009615385 0.9324526057692307 0.5067075961538461 0.9282084543269231 0.6107296346153845 0.9342662475961538 0.6486077668269231 0.9344064350961538 0.7184698028846154 0.8812108774038462 0.7732623173076922 0.8214041394230769 0.7253618293269231 0.7206326346153846 0.6964603413461539 0.5711317451923077 0.7277707548076923 0.5279472259615384 0.7071704903846154 0.4845630408653846 0.5941080240384615 0.47977683173076924
2 0.764845483173077 0.378796125 0.7460795552884616 0.3902457860576923 0.7358850336538462 0.4023910072115384 0.7236890216346155 0.41759153365384616 0.71191590625 0.4310812211538462 0.7047467692307693 0.4743928076923077 0.7136936875 0.5018469927884616 0.7291495288461539 0.5300117379807692 0.7377703653846154 0.4992430264423077 0.7558604543269231 0.48880925480769233 0.8591489519230768 0.4573574375 0.8777928966346155 0.43982716346153844 0.9277818100961538 0.43391692548076927 0.9461528798076924 0.4356822331730769 0.9455915072115384 0.43126713461538463 0.9229537956730769 0.3719432764423077 0.9180413822115384 0.3384012283653846 0.9154524975961539 0.33703379567307695 0.8997368004807692 0.33969133653846156 0.8775656514423077 0.3331670264423077 0.8787438942307693 0.34502241826923075 0.8593960745192307 0.35206444951923077 0.8444096850961539 0.34523481009615387 0.8254292692307692 0.34754080528846154 0.8136561538461538 0.3610304951923077 0.764845483173077 0.378796125
2 1 0.4991294423076923 0.9644117692307692 0.4391821586538462 0.8776222331730769 0.44861485336538465 0.7580080384615384 0.48724058653846153 0.7036016706730769 0.5488743100961538 0.7030804038461539 0.5933420432692308 0.7222692403846154 0.6552556899038462 0.7737827788461539 0.8702661153846154 0.7974464615384615 0.898574391826923 0.8277733052884616 0.9127891586538461 1 0.8501037692307692 1 0.4991294423076923
1 0.2268876923076923 0.9314726995192307 0.23936813942307691 0.9127126370192309 0.22997849999999997 0.8763176177884616 0.2430716923076923 0.8061273942307692 0.2595557355769231 0.7347201105769231 0.3056549158653846 0.6809689038461539 0.30133625721153845 0.6797006778846153 0.15741691346153847 0.7406033004807693 0.12105432211538461 0.7680557548076923 0.12429972596153846 0.7981668245192307 0.15853356971153848 0.8710291442307692 0.17249814182692308 0.9199936850961539 0.2268876923076923 0.9314726995192307
1 0.27552546875 0.6790368629807693 0.28311148317307694 0.6814271009615385 0.28632288701923075 0.6770953653846153 0.2949793701923077 0.6780416923076923 0.2971203076923077 0.6751538701923077 0.3068472572115385 0.6746562860576923 0.30791772596153844 0.6732123725961539 0.31217012259615384 0.6736530697115384 0.31871514423076924 0.671270875 0.32292916105769226 0.671294016826923 0.33162969230769235 0.6603427019230769 0.31509254807692305 0.6235893125 0.3148806033653846 0.6143249567307693 0.3007588413461538 0.6132543028846154 0.28751386298076925 0.6204018990384615 0.28323833653846153 0.6289556322115384 0.24354989663461538 0.6418441274038462 0.2303384278846154 0.6447108413461538 0.22082329567307693 0.6554094471153846 0.20934001923076923 0.6552296538461538 0.21712695432692308 0.6475775552884616 0.2062904326923077 0.6468509783653846 0.1810929278846154 0.6661335192307691 0.15589542307692308 0.6854160625 0.16667043509615384 0.6947195096153845 0.1846093341346154 0.69753178125 0.21420907211538462 0.6859713461538461 0.22153837259615386 0.6887443509615385 0.23191231971153847 0.6789051225961539 0.23233579086538464 0.6868028533653846 0.2431332091346154 0.6848613557692308 0.24749218509615384 0.6874674663461539 0.2539306298076923 0.6829198581730769 0.2593757091346154 0.6881979158653846 0.2647280480769231 0.6809783605769231 0.27124359615384613 0.6848125096153846 0.27552546875 0.6790368629807693
1 0.47762433413461536 0.511873829326923 0.4895038533653846 0.5075500384615385 0.48866993750000004 0.48680953125 0.4902429783653846 0.47261825240384614 0.48814056009615386 0.46224553125 0.46277080288461536 0.4479545408653846 0.41762307692307693 0.45324903125 0.4015753245192308 0.4553772860576923 0.3495502283653846 0.4879316129807692 0.33660545913461537 0.5124381971153846 0.3369476730769231 0.5457445649038462 0.3293698557692308 0.575740139423077 0.3244464158653846 0.5899190192307693 0.32728695913461536 0.6346858509615385 0.33364897355769235 0.65216534375 0.3550215697115385 0.6369610600961538 0.3818308966346154 0.6135845264423077 0.4024448533653846 0.5639935985576924 0.4531853629807693 0.5232496875 0.46227703365384615 0.5112663461538461 0.4749538677884615 0.50913315625 0.47762433413461536 0.511873829326923
2 0.7304116610576923 0.38345888461538463 0.7686960048076923 0.28704219230769235 0.8498775240384616 0.2660319110576923 0.92122078125 0.3452852379807692 0.9441901370192307 0.33408498557692307 0.9244282836538461 0.21614272596153847 0.8661258125 0.18331586298076924 0.6667231466346154 0.26158978365384616 0.6516329206730769 0.35808477403846156 0.7304116610576923 0.38345888461538463
2 0.8416291442307693 0.30203727403846153 0.8222289350961538 0.3028707091346154 0.811917891826923 0.30039595673076924 0.8020727644230768 0.29913745192307695 0.7973771081730768 0.3043025432692308 0.7936423413461539 0.3146612019230769 0.77992225 0.31826908173076923 0.7752622596153846 0.3158077019230769 0.7651971802884615 0.31394489423076927 0.7570223725961539 0.3224464783653846 0.7525605793269231 0.3385959495192308 0.7522553846153847 0.34286450961538456 0.7520250240384615 0.38098158894230766 0.7541323245192307 0.3816004206730769 0.81711190625 0.3559060769230769 0.8278750745192307 0.3416205697115385 0.8389367067307693 0.3410504759615384 0.8596881225961539 0.34386561057692305 0.8699786466346153 0.3463478317307693 0.8753808125 0.3353993966346154 0.8956167307692307 0.33424467788461537 0.9090111105769231 0.3349128269230769 0.9040375024038462 0.32635503846153846 0.8724988990384616 0.28873141826923077 0.8681084375 0.2896279471153846 0.8416291442307693 0.30203727403846153
1 0.19679001923076925 0.6514551466346153 0.20521255288461537 0.6514863197115385 0.2295473125 0.64339909375 0.26136081009615386 0.6356865552884615 0.2777884375 0.628920375 0.2904414423076923 0.6204655408653846 0.2889367932692308 0.6047767764423078 0.23213913942307693 0.5698281802884615 0.2246029110576923 0.5779775769230769 0.20539994711538462 0.5857367884615384 0.17422531249999998 0.6009500528846154 0.19741438701923078 0.6473612692307692 0.19679001923076925 0.6514551466346153
1 0.4980300240384615 0.32394716105769233 0.4590755192307692 0.3515559831730769 0.4584564254807692 0.34187522115384616 0.46181626442307694 0.3247409975961538 0.45995229567307694 0.3222371610576923 0.4533426177884615 0.3278251538461538 0.44943812259615384 0.3356108125 0.4492382043269231 0.33640215144230773 0.4415396730769231 0.35087250240384615 0.44097162259615386 0.35850454807692306 0.41344025961538466 0.3660443461538462 0.40456127884615384 0.3706960721153846 0.4065812716346154 0.3749053485576923 0.4117428052884616 0.38117057211538463 0.4082436442307692 0.38738865625 0.4020004158653846 0.3953240721153846 0.39027525240384614 0.39605012740384615 0.3824373990384615 0.3996043389423077 0.38173718990384614 0.4016385288461538 0.3798765528846154 0.4097410360576923 0.37753948798076925 0.4151939711538462 0.3666810480769231 0.43151590144230767 0.3639164519230769 0.4477320048076923 0.36539560576923075 0.4517959471153846 0.3662151033653846 0.4592822548076923 0.3650563341346154 0.4706537524038461 0.36794521875 0.4798676658653846 0.3852284375 0.45872650721153846 0.39778764663461536 0.4523759951923077 0.42875207932692305 0.45031048557692305 0.4765483173076923 0.45625071153846153 0.4831613245192308 0.46126906250000005 0.4910685889423077 0.4711201274038462 0.5041946682692308 0.4504312860576923 0.5129620072115384 0.4401742331730769 0.5308387908653847 0.42730307692307695 0.5572097355769231 0.4113403028846154 0.5651098509615384 0.40138178365384614 0.5823508389423077 0.3880405745192308 0.583031016826923 0.3846107427884615 0.5788445288461539 0.37444907451923076 0.5557623485576924 0.3545691754807692 0.539883391826923 0.3518625961538462 0.5261804663461539 0.34057942788461537 0.50146640625 0.35451909855769226 0.4815880144230769 0.34478214663461537 0.5030522211538462 0.33378754807692307 0.5035508461538462 0.3272415264423077 0.4980300240384615 0.32394716105769233