2 0.7321685817307693 0.34943650480769234 0.5106111129807692 0.2638098798076923 0.4987166899038461 0.26687747596153844 0.47136375721153845 0.3491657548076923 0.6946709350961539 0.4398088557692308 0.7927796586538461 0.46309961538461536 0.8101216081730769 0.43147445192307693 0.8297836177884614 0.3815211826923077 0.7321685817307693 0.34943650480769234
2 0.5180219567307692 0.16024940865384615 0.5236513245192308 0.17481390624999998 0.5216380649038461 0.18962872115384616 0.5036679014423077 0.24840647596153845 0.725912701923077 0.33692123317307693 0.8465387884615385 0.3789559158653846 0.8761566826923077 0.2903098846153846 0.7646045240384616 0.24334332211538462 0.5180219567307692 0.16024940865384615
2 0.7063803365384616 0.14609533173076922 0.6041109591346154 0.12071273798076923 0.5734762644230769 0.11888887019230768 0.5649889831730769 0.13054023317307692 0.5639129975961539 0.13942938942307692 0.5676664134615385 0.14057692307692307 0.5533641850961538 0.17393299759615385 0.5552909278846154 0.18374018028846154 0.6880242259615384 0.22767286538461537 0.7580405937500001 0.2457269735576923 0.7784955673076923 0.24862864423076925 0.7819623725961539 0.2346043581730769 0.7905457451923077 0.21458405048076923 0.8010670889423076 0.20439257451923076 0.801344625 0.19274527403846153 0.7694703389423078 0.16538388221153846 0.7063803365384616 0.14609533173076922
2 0.4276598653846154 0.3386096466346154 0.4723920625 0.3500631009615385 0.4973524567307692 0.2648025841346154 0.48852724038461537 0.2542708653846154 0.5091101514423078 0.20124710096153847 0.4826048677884615 0.1875508125 0.4659529110576923 0.18470056490384618 0.46030008653846155 0.18521309134615385 0.43155140625 0.17529424519230768 0.42177055769230765 0.18574854567307691 0.41864309615384615 0.19597800961538464 0.40494971153846154 0.2443858076923077 0.3854205240384615 0.3010837716346154 0.38072933413461535 0.31642796394230766 0.4276598653846154 0.3386096466346154
2 0.4317843774038461 0.1735983605769231 0.4708948076923077 0.18692193990384617 0.5096181225961538 0.2015117091346154 0.5133117427884616 0.15855430528846154 0.5548812788461539 0.1726479278846154 0.5558858100961538 0.16054884134615385 0.48661721874999997 0.1311187235576923 0.3838673173076923 0.10520664663461539 0.35606506009615385 0.19176621875000002 0.41299124519230773 0.21744110336538464 0.4317843774038461 0.1735983605769231
2 0.2804821730769231 0.58303634375 0.5194509639423077 0.7486419759615385 0.6361820072115385 0.786898923076923 0.7339080913461539 0.7885030288461539 0.7646983894230769 0.7619185360576922 0.7754815048076923 0.7266485528846154 0.7770405576923077 0.6474230865384616 0.7508485528846154 0.634278016826923 0.6102302331730769 0.6247160240384615 0.3324045384615385 0.46264275721153847 0.3172871177884616 0.4708825408653846 0.2804821730769231 0.58303634375
2 0.41415339663461537 0.5054162932692308 0.42117064663461534 0.5075616826923077 0.42549587980769227 0.507772764423077 0.42875616346153844 0.5042879951923077 0.5070189879807692 0.5494753149038462 0.5087686995192308 0.5544917908653846 0.5148487331730769 0.5597026850961538 0.5225670673076923 0.5631736947115384 0.5251794254807692 0.5617498221153846 0.5288249879807693 0.5606236129807692 0.6211805745192307 0.6134715600961539 0.6240003245192308 0.6221672259615385 0.6416803942307693 0.6253317980769231 0.6492495865384615 0.6220531201923076 0.782441579326923 0.6381619855769232 0.7932680552884614 0.6134896971153846 0.8359526754807691 0.48105373076923075 0.8208481274038462 0.47308376442307687 0.7857618605769231 0.46235681490384617 0.6980533076923077 0.4445046923076923 0.47130495913461534 0.34719849038461537 0.4406604278846154 0.34342232932692307 0.41892390384615386 0.33566553125000004 0.3944309759615384 0.3225662620192308 0.38064892548076923 0.31388935096153847 0.37971170673076926 0.31695485576923077 0.37707793509615384 0.3183903990384615 0.3711889735576923 0.32329405048076926 0.36855520432692307 0.32472959134615387 0.3663067091346154 0.3285236947115384 0.3273065865384615 0.44528947355769233 0.3298268509615384 0.45502306971153844 0.33358891826923076 0.46063656490384614 0.3409751298076923 0.46513552644230766 0.3486883701923077 0.46862319230769234 0.352944125 0.46544277163461534 0.35425539903846154 0.46471417548076926 0.41002746634615383 0.4974325649038462 0.40976991346153846 0.501835360576923 0.41415339663461537 0.5054162932692308
2 0.19171999038461537 0.5165671634615385 0.19205294711538462 0.5210229711538461 0.25972525721153844 0.5678729831730769 0.2798367788461538 0.5775012596153846 0.3380110240384615 0.40957642788461535 0.34093983413461537 0.39999671875000004 0.3560674182692308 0.3645246899038461 0.35801825961538464 0.35814377403846154 0.3338555144230769 0.35336160096153846 0.26346116826923077 0.35452083413461544 0.2522315745192308 0.36329341346153843 0.19171999038461537 0.5165671634615385
2 0.18880894471153847 0.30435270192307695 0.17692959134615385 0.31881092067307687 0.11887885096153845 0.46292664182692306 0.12415488942307693 0.4731019711538461 0.1860469903846154 0.5177293557692308 0.24048335576923077 0.39156425 0.2567767716346154 0.35653974038461533 0.2921267283653846 0.3568903894230769 0.29793651682692307 0.35008611778846155 0.25987156490384616 0.3251131923076923 0.22345088461538462 0.31303095673076925 0.18880894471153847 0.30435270192307695
2 0.9247009951923076 0.5155831706730769 0.9533837307692308 0.44814803125 0.9519345769230768 0.41701056009615384 0.9604636201923077 0.4183952908653846 0.9696779134615384 0.3882566971153846 0.8595603966346155 0.35253180048076926 0.8524136899038461 0.3736896826923077 0.8574267403846154 0.3868937548076923 0.8488403341346153 0.38426862740384615 0.8495860673076923 0.4003937788461539 0.8239989423076923 0.39623958173076923 0.8052457884615385 0.4708276826923077 0.8142288581730769 0.4776912668269231 0.8326858653846153 0.4833341394230769 0.8354575432692308 0.5006502596153847 0.8552172764423077 0.4953782716346154 0.8797562331730769 0.41844188701923074 0.917178951923077 0.44119630528846154 0.8979538341346154 0.5074057427884615 0.9247009951923076 0.5155831706730769
2 0.8178219447115385 0.6269698125 0.8525460120192307 0.506567 0.8386420600961538 0.5023161346153846 0.817154076923077 0.5539519158653846 0.79566609375 0.6055876971153846 0.7860491538461538 0.6453314038461537 0.7942335216346154 0.65171396875 0.8103810721153846 0.6527704158653846 0.8128613629807693 0.6441702139423077 0.8201024278846153 0.65412571875 0.8492665024038462 0.6581916274038462 0.852223889423077 0.6497372884615384 0.8590421057692308 0.6593694975961538 0.8981445240384616 0.6640809783653846 0.9474089014423076 0.5278087860576923 0.8995420817307692 0.5144678846153846 0.8551812764423077 0.6412829519230769 0.8178219447115385 0.6269698125