0 0.8938424206730768 0.5215719759615385 0.8181804927884616 0.5224607451923077 0.8204169326923078 0.5399166923076923 0.8287220408653847 0.5523213221153846 0.8418299230769232 0.5614956201923077 0.8461637475961539 0.5543540408653846 0.8772830793269232 0.5352890865384615 0.9172507740384616 0.5251497403846154 0.9196571009615385 0.5189171033653847 0.9144155384615384 0.5191001418269231 0.8938424206730768 0.5215719759615385
1 0.4764188076923077 0.10675163942307692 0.47340384375 0.0006239855769230769 0.36938995673076924 0.004256230769230769 0.36617439663461543 0.030038365384615386 0.39949937500000005 0.10819865384615385 0.4051049447115384 0.16252209374999999 0.4568308076923077 0.18301909615384615 0.48232059615384615 0.116458125 0.4764188076923077 0.10675163942307692
1 0.8299480600961539 0.4366473221153846 0.8411570432692308 0.4204986322115385 0.8520741057692308 0.3959905528846154 0.8837463149038461 0.40327749759615383 0.8882994711538461 0.39891032932692305 0.8826673485576924 0.3949222139423077 0.855712545673077 0.3874705336538461 0.8493300649038461 0.38453728365384615 0.8436070817307691 0.3784482596153846 0.8376447163461538 0.3650032908653846 0.829470423076923 0.3558437379807692 0.8231621442307693 0.3550353653846154 0.8182420504807693 0.34889492307692305 0.7938661129807693 0.3476654423076923 0.7827481081730769 0.3669203245192308 0.7831142259615385 0.37740458653846154 0.778140951923077 0.39228347836538463 0.7712476658653846 0.41980717307692306 0.7749780649038461 0.43646282932692304 0.7891320288461539 0.43702060576923074 0.8214996081730769 0.4421791826923077 0.8536305432692307 0.46310328605769235 0.8540139639423077 0.45154080288461534 0.8299480600961539 0.4366473221153846
1 0.9530898365384615 0.6527617596153846 0.9255084759615385 0.6383884783653847 0.8796836778846154 0.6180594663461538 0.8528468461538462 0.6014625841346154 0.8485473004807692 0.5720152596153846 0.8299422860576923 0.5562063365384615 0.8242498365384615 0.5575039182692307 0.797012579326923 0.5529844447115384 0.7832016586538462 0.5567397548076923 0.7629928990384616 0.5651370625 0.7646750865384615 0.6133086322115384 0.7792500480769231 0.6314325096153847 0.7990591947115384 0.6351359591346154 0.8129250961538462 0.6324541514423078 0.8256082475961539 0.6199478221153847 0.8467531562499999 0.6148142235576923 0.8563775913461539 0.6134027115384616 0.8745904182692308 0.6285005889423078 0.9503516610576923 0.6600112692307692 0.9574848461538461 0.661398685096154 0.9571782524038461 0.6526189879807693 0.9530898365384615 0.6527617596153846
1 0.6287658461538462 0.2670230913461538 0.61994275 0.25180772596153844 0.6130718653846153 0.2454081033653846 0.5943839230769231 0.23273482692307693 0.569040014423077 0.22031736057692308 0.5480733509615384 0.1899792019230769 0.53741884375 0.17040921153846153 0.5130203437499999 0.1845637235576923 0.47265993509615384 0.21702008894230768 0.4544193076923077 0.21765706490384615 0.40508168990384613 0.23048487019230768 0.3564648918269231 0.31204433894230765 0.40208550240384616 0.43022045192307695 0.49057041826923076 0.44487494711538467 0.6303134927884616 0.3113418725961538 0.6366437620192307 0.3022602764423077 0.6365662980769231 0.30004200240384615 0.6287658461538462 0.2670230913461538
2 0.183259375 0.2597862620192308 0.12589535576923078 0.34583598317307696 0.07178692307692308 0.3813441009615385 0.08699315625 0.5287536778846154 0.23163492067307695 0.564054360576923 0.4165153966346154 0.5273461153846154 0.4802179471153846 0.4780368173076923 0.47114610336538465 0.4346587716346154 0.40043463701923077 0.4270284591346154 0.36127641826923074 0.31407391586538463 0.18287117548076923 0.3203039639423077 0.36593940144230774 0.30383485096153845 0.19402686778846154 0.27958609375 0.183259375 0.2597862620192308
2 0.6422136682692308 0.5464202307692307 0.6350676754807693 0.5466697764423076 0.6454590336538462 0.6052914326923077 0.6815779519230769 0.6151817860576924 0.7030334038461539 0.6144325432692308 0.7013280000000001 0.6001609375 0.6862572980769232 0.5783605336538462 0.7080666730769232 0.5536824927884616 0.7217266850961538 0.5691497668269231 0.7190900096153846 0.5963377884615384 0.7293529182692308 0.6167163317307692 0.7682748533653846 0.6041821153846154 0.7658082067307692 0.56761040625 0.7892888581730768 0.5572285456730769 0.7860230745192307 0.5318363966346153 0.7774109374999999 0.5241649951923077 0.7571055961538461 0.5232843197115384 0.6422136682692308 0.5464202307692307
2 0.32418452644230766 1 0.3387798245192308 0.9873252379807693 0.29434509615384613 0.7232712091346154 0.2055705985576923 0.7028289014423077 0.1210068798076923 0.6586971754807693 0.0150079375 0.6489559711538462 0.005317701923076923 0.6610065913461539 0.01715561298076923 1 0.32418452644230766 1
1 0.8854866682692308 0.3213677980769231 0.8758316995192307 0.31539269951923077 0.8757640456730769 0.3239750552884615 0.8563188004807691 0.3291895721153846 0.8614764495192309 0.3100726923076923 0.8392201947115385 0.3079275576923077 0.8352928990384616 0.32019826201923074 0.8357340336538462 0.33283075 0.8316455168269231 0.34073525961538464 0.8242734567307692 0.3482868629807693 0.8257236201923077 0.3482362211538461 0.827726608173077 0.353496625 0.8349949038461539 0.35324281249999995 0.8397579471153847 0.34386526201923073 0.8483973413461539 0.3518162596153846 0.8561781298076923 0.3456998653846154 0.8560770192307692 0.3428044350961538 0.8854866682692308 0.3213677980769231
2 0 0.44076217548076924 0.009884697115384616 0.44012905288461535 0.008809173076923077 0.40933006971153846 0.06930602884615385 0.3789292115384616 0.13713254326923077 0.3380091370192308 0.12235002403846154 0.02489972115384615 0.10621240625 0.013446593750000001 0 0.01715561298076923 0 0.44076217548076924
2 0.620512483173077 0.5135828245192308 0.6217323341346154 0.5485148004807692 0.7572917139423077 0.5165915024038461 0.7486444615384615 0.43527833413461536 0.6533360432692308 0.45415343028846156 0.6461081490384615 0.49714214903846154 0.620512483173077 0.5135828245192308
1 0.49215072596153847 0.8548125072115386 0.47618713701923077 0.8520268100961539 0.45149643990384614 0.8863673677884615 0.43646317067307694 0.9337666874999999 0.4335541346153846 0.9461421057692309 0.5381985312500001 0.9536628749999999 0.5544944014423077 0.9419187788461538 0.5407777379807692 0.9077972572115385 0.5244285240384615 0.8704245120192307 0.49215072596153847 0.8548125072115386
1 0.7434352475961539 0.4203575865384615 0.7551545480769231 0.41431406490384615 0.7729695360576923 0.40148825721153847 0.7843132788461538 0.3841893028846154 0.7856087043269231 0.3606718221153846 0.7947731201923076 0.3415786778846154 0.7974191995192308 0.32693301442307693 0.7884685264423077 0.3220905721153846 0.7894185817307692 0.3192402572115384 0.7955425168269231 0.31339213221153844 0.80006528125 0.3122873557692308 0.8026165072115384 0.30469369230769233 0.7979475240384615 0.2917178918269231 0.7834919711538462 0.2800189951923077 0.7749285817307693 0.2962857067307692 0.7664525769230769 0.27497975 0.7783128052884615 0.31304696875000004 0.7787718798076924 0.32619316105769236 0.7740704278846154 0.3234194110576923 0.7698280504807692 0.3337918557692308 0.774320545673077 0.33948744951923077 0.7655856706730769 0.34416430048076924 0.769202951923077 0.3537401538461538 0.7613432908653847 0.3545367451923077 0.7623490240384616 0.3636056875 0.7571009134615385 0.36490918990384613 0.7554950961538461 0.3734712259615385 0.7528585360576923 0.37528163221153843 0.7486411682692308 0.3833367620192308 0.7443737788461539 0.3960265192307692 0.7161739903846154 0.3640550649038462 0.6987300865384616 0.3674696658653846 0.6959056274038461 0.38727656730769233 0.7031803966346154 0.4142587451923077 0.7154231899038461 0.42320608653846153 0.7244456538461539 0.42008556971153843 0.7329323293269231 0.4216595048076923 0.7373597836538461 0.4074309014423077 0.7401313990384615 0.40639896634615386 0.7434352475961539 0.4203575865384615