0 0.4656233052884616 0.49867508653846154 0.45854629807692304 0.5038043605769231 0.4558168317307692 0.5119976778846154 0.45367990384615386 0.520833954326923 0.44145835817307694 0.5300150120192307 0.42819813221153846 0.5556126057692308 0.4275765384615384 0.5734126995192308 0.4348666730769231 0.5874069903846154 0.44709901201923075 0.5912441923076923 0.44414206971153847 0.5864365745192308 0.4433932091346154 0.5783706995192308 0.44586586057692307 0.5665841442307692 0.45771502403846154 0.556643358173077 0.4590986754807692 0.531776 0.4681534903846154 0.5290306346153846 0.47925025240384617 0.5263565745192308 0.4767120432692308 0.5186015793269231 0.46325389182692306 0.5227364062500001 0.4578248677884615 0.5244634110576923 0.4597178052884615 0.5069068365384616 0.4642243413461538 0.5020860528846154 0.4656233052884616 0.49867508653846154
0 0.5252751105769231 0.6263072908653846 0.5221229591346154 0.6237579182692308 0.5198180192307692 0.6431171298076923 0.51621884375 0.6381377427884616 0.5043610480769231 0.6369022620192308 0.49642368750000004 0.6471538870192308 0.49372287499999995 0.6778494711538462 0.4956432620192308 0.6852095336538462 0.49936662259615383 0.7023399615384616 0.5110551274038462 0.7084232307692309 0.5172804975961538 0.7005511201923077 0.5280435769230769 0.6555510769230769 0.5252751105769231 0.6263072908653846
0 0.4723653125 0.6007138317307692 0.4552817980769231 0.5844360673076923 0.45478790625 0.5795402259615384 0.44689910817307693 0.59982453125 0.4442209615384615 0.6574776298076923 0.4531020793269231 0.6749375144230769 0.46909094230769227 0.6568775528846154 0.47020043269230766 0.6251058725961538 0.4723653125 0.6007138317307692
2 0.20240561298076923 0.31116573798076924 0.18785469951923076 0.2699611778846154 0.17953529567307694 0.27925361057692305 0.1845906730769231 0.3177370649038461 0.1732513966346154 0.3221201201923077 0.17644643028846152 0.3677071538461538 0.20342180288461537 0.37345307692307694 0.20922138461538461 0.3449316394230769 0.20240561298076923 0.31116573798076924
2 0.49878551442307695 0.3291570264423077 0.5038197860576923 0.3553934783653846 0.5213251370192308 0.3786305 0.5476929423076923 0.3713124350961538 0.5515563846153846 0.33921378365384613 0.5384897139423077 0.32023874278846154 0.5274276826923077 0.32191838221153846 0.49878551442307695 0.3291570264423077
0 0.7864996033653846 0.44394464423076924 0.7843558173076922 0.43393835817307697 0.7823075985576923 0.42928693028846154 0.7779923894230769 0.4262489086538462 0.7758398894230769 0.42410780528846154 0.7735746370192308 0.42567149278846156 0.7774063197115384 0.4349402163461538 0.775168016826923 0.45143931490384615 0.7753781802884615 0.45351258894230767 0.77744115625 0.4577413918269231 0.7781271009615385 0.46189721394230765 0.7785160697115384 0.46646581009615384 0.7775262716346153 0.4710111514423077 0.7757368004807692 0.4746573894230769 0.7753409615384614 0.47837718269230767 0.7797134663461538 0.47977441346153843 0.7831560384615385 0.46829552644230765 0.7842751899038463 0.4600459759615385 0.7860021875 0.4505731129807692 0.7864996033653846 0.44394464423076924
2 0.29801150240384616 0.40256796875 0.29327124278846156 0.33554578605769236 0.28613351682692306 0.33099042548076923 0.2793234375 0.3341875408653846 0.2703684399038461 0.3378822403846154 0.2666731322115385 0.3561225961538461 0.27102911778846156 0.4122540865384616 0.27703514663461537 0.41589875 0.2854980625 0.4153479951923077 0.29801150240384616 0.40256796875
0 0.5931659543269231 0.9544735721153846 0.6145801394230769 0.9376484759615384 0.6212358798076922 0.9203080072115385 0.62142453125 0.9044342740384615 0.6233901490384616 0.8914601442307692 0.6183844903846154 0.872019875 0.6134705432692308 0.8718482764423077 0.608918454326923 0.8722618028846154 0.5983336899038462 0.8826449927884615 0.5915755600961539 0.8914941298076923 0.5892056538461539 0.9055742283653847 0.5832969663461538 0.9229407860576924 0.5827031538461539 0.9399453461538462 0.5843196177884615 0.9479170649038462 0.5931659543269231 0.9544735721153846
0 0.4308502139423077 0.4791909471153846 0.4094678990384616 0.4784442596153846 0.40004128846153847 0.49469233653846156 0.3955849110576923 0.5166397355769231 0.39713654807692306 0.5355113509615385 0.4137542980769231 0.5670309014423076 0.4288209326923077 0.5587208124999999 0.4315688774038462 0.5433347043269231 0.43733475961538465 0.5048308822115385 0.4308502139423077 0.4791909471153846
0 0.038122564903846155 0.2996541875 0.039382060096153845 0.3054728317307692 0.04199285576923077 0.3135290528846154 0.04831349278846154 0.3057847235576923 0.05361645913461539 0.29910005048076926 0.051664197115384614 0.28598910576923076 0.05050044711538461 0.2707650889423077 0.047277887019230774 0.26594819711538464 0.043469574519230766 0.2712413966346154 0.03876672836538461 0.28120771875 0.035449259615384615 0.2933879182692308 0.038122564903846155 0.2996541875
1 0.7131321802884615 0.3411474086538462 0.7117705480769231 0.34348937259615386 0.6919969879807693 0.3514110769230769 0.6910596754807692 0.3872957475961538 0.7191676802884616 0.3786943485576923 0.7190075625 0.34662942548076925 0.7186591538461538 0.3475631081730769 0.7089742788461538 0.2955267475961538 0.7070485408653846 0.29545949759615386 0.7131321802884615 0.3411474086538462
1 0.7662535432692308 0.565351826923077 0.7821968870192308 0.5585906899038462 0.7873859326923077 0.5504085913461538 0.7837336370192307 0.5345749639423076 0.7832893870192308 0.5173101370192308 0.7827197548076923 0.5136313004807692 0.7791423533653846 0.51611990625 0.7780782475961538 0.5166054543269231 0.7781329423076924 0.5150392427884616 0.7761674447115384 0.5013553485576924 0.7752127259615385 0.4987084783653846 0.7731209759615385 0.4986354326923077 0.7751229350961538 0.5112751875 0.7748312379807692 0.5196283028846154 0.77077759375 0.5257592259615385 0.7672935817307691 0.535568985576923 0.7647998822115384 0.5470063341346154 0.7662535432692308 0.565351826923077
1 0.6505950552884615 0.7407008269230769 0.6481274855769231 0.7323509182692308 0.6493327788461538 0.7263943293269232 0.6496461802884615 0.7174196971153847 0.6451204879807692 0.7108896177884615 0.6418145673076924 0.7122676201923077 0.6382198389423077 0.7076368557692307 0.6300602067307692 0.7047383846153846 0.6282259302884616 0.7072878629807692 0.6204079302884615 0.7160253173076924 0.6151077451923077 0.7311978413461537 0.6140333990384615 0.7405441514423077 0.6157670793269231 0.7413514182692308 0.6194536947115385 0.7504906201923076 0.6193364951923077 0.7538467836538462 0.6202542932692308 0.7632626610576924 0.6187086850961538 0.7789645504807693 0.6163335865384615 0.7893855240384616 0.6241391514423077 0.7952834158653845 0.6361983365384615 0.7945595576923077 0.6379805288461539 0.7935017067307691 0.6411685192307692 0.7883610793269231 0.6471202932692308 0.7683327115384616 0.6504379206730769 0.7452005721153847 0.6505950552884615 0.7407008269230769
1 0.60486265625 0.7289981586538462 0.6004056947115385 0.7366831153846154 0.5912555264423077 0.7583421466346153 0.5994999759615385 0.7926059711538461 0.6022342788461539 0.7942695721153845 0.6075548052884615 0.7918418389423076 0.6112051322115385 0.787264951923077 0.6161201057692308 0.77645975 0.6166692716346154 0.7707291586538462 0.6169974326923077 0.7613319014423077 0.6116186129807692 0.7454379807692307 0.6108279735576922 0.7380924807692307 0.6090096923076923 0.730188389423077 0.60486265625 0.7289981586538462
1 0.1308991298076923 0.2854953557692308 0.12229378605769231 0.2782254326923077 0.12102811298076924 0.2954305480769231 0.12090795432692307 0.30505908413461535 0.12656438701923076 0.3082435048076923 0.1357342956730769 0.31219778125000003 0.1412775985576923 0.30577040865384614 0.14410741826923076 0.30089107211538463 0.14333111057692308 0.29123123076923074 0.14262425721153846 0.27958255048076924 0.1410681923076923 0.2798766802884615 0.13495286538461537 0.28364565384615387 0.1308991298076923 0.2854953557692308
1 0.33265502403846153 0.42481045913461535 0.32962932211538465 0.41340438221153847 0.32780106490384614 0.4038820384615385 0.32907720913461536 0.3982763966346154 0.33011431490384613 0.3942803052884616 0.3250239543269231 0.39059294471153844 0.3218622524038462 0.3883170384615384 0.31771900961538463 0.3884461514423077 0.3152185048076923 0.39293873557692305 0.3135048822115385 0.39584089903846154 0.3092861081730769 0.3981328725961539 0.30481006490384616 0.4025564711538462 0.30227713701923076 0.4027418173076923 0.30152154807692305 0.41914335096153843 0.3014917644230769 0.43046761538461537 0.3061413725961538 0.43630508173076926 0.3180962908653846 0.43428326201923073 0.33591675961538464 0.4289815576923077 0.33265502403846153 0.42481045913461535
1 0.5204513269230769 0.723984516826923 0.5272725649038461 0.7237995745192307 0.5336021850961539 0.7210337139423076 0.5392050528846154 0.7152804735576923 0.5418178870192307 0.7051913870192308 0.5392750504807693 0.6885253245192308 0.5328992043269231 0.6683402668269232 0.5297909158653846 0.6355003413461537 0.5288676778846153 0.6290960576923077 0.5246021514423077 0.6293951394230769 0.525036548076923 0.6417063557692307 0.5262107163461539 0.6566320456730769 0.5257367091346153 0.6702058629807692 0.5247572956730769 0.6820694543269231 0.5219341923076923 0.68961234375 0.5171051658653846 0.6979563557692308 0.5125592259615385 0.7062853677884615 0.5054557644230769 0.7064604519230768 0.5071371105769231 0.7154300673076922 0.5129171201923077 0.7203113774038462 0.5204513269230769 0.723984516826923
2 0.45720454807692307 0.23331912980769232 0.4349230168269231 0.21643670432692305 0.42298748798076924 0.250269625 0.43592646875 0.26480964903846155 0.43585614903846154 0.2668233485576923 0.45615061778846155 0.26349973798076926 0.45720454807692307 0.23331912980769232
2 0.2265425048076923 0.3415539783653846 0.22566297836538463 0.3391337524038462 0.22498891826923076 0.32178622596153844 0.22159456971153846 0.29904196875 0.21394197596153844 0.29733106971153844 0.20625957692307692 0.28743006009615385 0.20435747355769232 0.26812306009615383 0.19809728846153846 0.2727083725961538 0.20104241826923078 0.2987971971153846 0.20110607692307692 0.30601774759615386 0.20307811057692307 0.3138027548076923 0.2110657091346154 0.35208991826923075 0.21380644471153848 0.3473817067307692 0.22280823317307694 0.33806331971153847 0.22358618509615386 0.34339222596153846 0.2265425048076923 0.3415539783653846
2 0.5151278822115384 1 0.5141875024038461 0.9842727283653846 0.5373617091346155 0.9494134951923077 0.5579431225961539 0.9088384014423077 0.5542548557692307 0.8807074735576923 0.5404874134615384 0.8732323942307693 0.5342338942307692 0.8919061201923076 0.5250025072115384 0.9020876658653846 0.505373454326923 0.9153908221153846 0.49451256730769233 0.9451045120192307 0.49167656971153845 0.9730076105769231 0.5012694663461539 0.9929316490384615 0.5129721081730769 0.9919464302884615 0.5124100432692308 0.9947145697115385 0.514103954326923 1 0.5151278822115384 1
2 0.6146016923076923 0.48580681490384614 0.6351116730769231 0.4772636682692308 0.6374393942307692 0.45820394230769235 0.6262409687499999 0.43618279086538464 0.6144174759615384 0.4320611778846154 0.5958037475961538 0.43390025 0.5953461778846154 0.4351039206730769 0.5994529639423077 0.4593416129807692 0.6035214423076923 0.4842002355769231 0.6146016923076923 0.48580681490384614
2 0.6838182740384616 0.5161264807692307 0.6802402668269232 0.5081609375 0.6773040552884615 0.5022837403846154 0.6729373798076923 0.5073832091346154 0.6663157451923076 0.5170833990384616 0.6635836754807692 0.5253512956730769 0.6590880144230769 0.524148891826923 0.6567250360576923 0.5418383942307693 0.6532782451923077 0.5501062259615385 0.652913625 0.5605476225961539 0.6518335216346153 0.5714867403846153 0.6524956754807693 0.5825115889423077 0.6553582019230769 0.5909748533653846 0.65899253125 0.5968515408653846 0.6619843028846154 0.6011376658653846 0.6653611658653846 0.6043918269230769 0.666792125 0.6033963846153847 0.6657075552884616 0.5944725024038461 0.6646047548076923 0.5860706875 0.6634481274038462 0.5792102211538461 0.6651160937499999 0.5714278701923077 0.668766420673077 0.566850985576923 0.6712432548076923 0.5658920649038461 0.6779218173076923 0.5645571658653846 0.682085454326923 0.5657479759615385 0.6846192163461539 0.5731543461538462 0.6859954831730769 0.5737251153846153 0.6864330288461539 0.5611954375 0.6870902163461537 0.5423760649038462 0.6883708605769231 0.5256941778846154 0.6838182740384616 0.5161264807692307
2 0.4236866153846154 0.36352221875 0.39090445673076923 0.3969756322115385 0.4161712596153846 0.4397491586538462 0.4495255288461539 0.38991269711538457 0.4236866153846154 0.36352221875
2 0.4099666754807692 0.16715263221153845 0.3952248317307693 0.16663783653846156 0.3852577331730769 0.18836790384615384 0.3937802355769231 0.20800565625 0.4195618605769231 0.20890597115384615 0.4188746346153846 0.17575233653846153 0.4099666754807692 0.16715263221153845
2 0.7541268677884615 0.6622513197115385 0.7770748870192308 0.6667116274038462 0.7858872692307692 0.6233111466346154 0.76901528125 0.6190630192307692 0.7541268677884615 0.6622513197115385
1 0.3386871850961538 0.3115689086538461 0.3364460264423077 0.31149064663461534 0.3332274399038461 0.33987819951923076 0.3280366778846154 0.34430172836538464 0.32367597115384616 0.3487542451923077 0.3195116466346154 0.35615073076923076 0.3192364110576923 0.3716480793269231 0.3296666274038461 0.3694983389423077 0.3338283798076923 0.35455985817307695 0.3367345793269231 0.3513010889423077 0.3386871850961538 0.3115689086538461