0 1 0.43860771875000004 0.991579264423077 0.4048339951923077 0.9788606971153846 0.3816268557692308 0.959915110576923 0.36579012740384614 0.9262799447115384 0.3611034302884616 0.8718626826923077 0.39336401923076925 0.8117117788461539 0.43265682932692306 0.7810969759615385 0.4702054182692308 0.78429678125 0.5030581923076923 0.7641590600961539 0.5024591346153846 0.8112949855769231 0.5411826850961539 0.8422733028846154 0.5652419399038462 0.8985752259615385 0.5605593629807692 0.9401883100961539 0.5370938774038462 0.9843874326923078 0.5541217067307692 1 0.5442065865384615 1 0.43860771875000004
0 0.8430469783653846 0.704493141826923 0.8772302572115385 0.6971980360576923 0.9112507620192307 0.6825770504807692 0.9218610216346155 0.6725824399038461 0.8859555384615384 0.5614751129807692 0.86911571875 0.5595523197115384 0.8497630096153846 0.5607115528846154 0.8239394783653846 0.5622391033653846 0.7959130096153846 0.5679991418269231 0.7663459567307692 0.5741605865384616 0.7456250168269231 0.5829928365384616 0.7254804711538461 0.5941368653846154 0.711410826923077 0.6099049759615385 0.7033862067307692 0.6302700264423078 0.6987431274038461 0.6510370024038461 0.6975811850961539 0.6660250552884615 0.6982303293269231 0.6817893004807692 0.6989871923076922 0.6914052548076923 0.7074455072115384 0.6991010240384615 0.725167608173077 0.7044697788461539 0.7456731033653846 0.7079341033653846 0.7810309206730769 0.7052571322115385 0.8126112836538462 0.7071706346153845 0.8430469783653846 0.704493141826923
0 0.7538023173076923 0.2974315048076923 0.7249682115384615 0.309220375 0.6757801730769231 0.32399169471153844 0.6192141274038462 0.3430926322115385 0.6083097259615384 0.36877541346153847 0.6112799038461538 0.38513682451923076 0.6165729591346154 0.40636611538461537 0.6336749927884615 0.42129641346153845 0.6391797572115384 0.4299360913461538 0.6732171442307693 0.42770938461538466 0.7031879735576924 0.4214991466346154 0.74103003125 0.40997170913461534 0.7851147524038461 0.39438043509615384 0.8221351923076923 0.3997620913461538 0.8413543245192308 0.3895404807692308 0.835870079326923 0.3608713485576923 0.8231713365384615 0.3502556370192308 0.8110728653846154 0.33074042067307696 0.7952263918269231 0.29628546875 0.7725986658653846 0.2860702692307692 0.7790502740384616 0.2940588605769231 0.7752451947115385 0.2966849158653846 0.7538023173076923 0.2974315048076923
1 0.688509451923077 0.6059140192307693 0.6945995889423078 0.5962336682692307 0.7111676778846154 0.5898375072115385 0.7217230432692308 0.5908371153846154 0.7308980889423077 0.5935296658653846 0.7299900240384616 0.5923899903846154 0.7050993341346155 0.5654987139423077 0.6688524326923078 0.5659072860576922 0.6317554182692308 0.6019248966346153 0.6096707259615385 0.6251211249999999 0.6208554447115385 0.6554296850961538 0.6475166466346154 0.6723688269230769 0.6556005144230769 0.6513146057692307 0.6656878870192308 0.64561778125 0.6814014182692307 0.6575741754807692 0.6904014038461538 0.6693887644230769 0.7073697211538461 0.6402227716346154 0.7124500817307692 0.6362239302884615 0.696362173076923 0.6130345072115385 0.688509451923077 0.6059140192307693
0 0.5614129254807693 0.21766227163461538 0.5604751129807692 0.2386467043269231 0.5722344663461538 0.26106509855769233 0.5768334158653846 0.2795104855769231 0.59964859375 0.2968724903846154 0.6267072259615385 0.30048402884615383 0.6710324182692309 0.27445749519230767 0.6967852379807693 0.2542028533653846 0.6815684375 0.24878010096153844 0.6653737980769231 0.23322584375 0.68552978125 0.20285006490384616 0.7183434735576923 0.17393537259615383 0.7029005745192307 0.14897695673076924 0.6735466899038461 0.14246196153846152 0.6396556346153847 0.14861209134615383 0.6091955697115384 0.17464009855769233 0.6056803942307692 0.1605415048076923 0.5958102283653847 0.16414369951923075 0.5905213149038462 0.18621298317307694 0.5743025649038461 0.18909819711538461 0.5614129254807693 0.21766227163461538
0 0.7043890120192308 0.2568029855769231 0.7360751923076924 0.24366320673076924 0.8153700024038462 0.18986178846153848 0.8455436033653847 0.17056269230769233 0.8320038846153845 0.13729640625 0.8028937211538462 0.13277841346153846 0.7619217067307692 0.15084453125 0.6706906586538461 0.21284422596153846 0.6692077668269231 0.2420227139423077 0.7043890120192308 0.2568029855769231
1 0.6218847932692307 0.6199834615384615 0.6394003004807692 0.5948657451923076 0.6549111538461538 0.5776488942307693 0.6937437451923076 0.5664797163461539 0.7143667235576923 0.5776443509615384 0.73022665625 0.56182759375 0.7292494110576923 0.5101774302884615 0.7158691129807693 0.4883015240384615 0.6813650432692308 0.4850419206730769 0.6440543437499999 0.4943445240384615 0.6173394038461539 0.5143548653846154 0.6112474399038461 0.54552984375 0.61331578125 0.5776444831730769 0.6218847932692307 0.6199834615384615
1 0.6434134927884615 0.23356538701923077 0.6413904447115384 0.2502898485576923 0.6520398749999999 0.2557446778846154 0.6971241850961539 0.2502794831730769 0.7470353221153846 0.2332182283653846 0.7839434062499999 0.21358882932692308 0.8188497067307693 0.17360416586538463 0.8272471514423076 0.15760753846153847 0.8225260216346153 0.14488173798076923 0.8002156394230769 0.1423343125 0.7728145889423076 0.15032473557692308 0.7393656634615385 0.17140882211538463 0.6927003389423076 0.20158100721153846 0.6434134927884615 0.23356538701923077
1 0.6249685048076923 0 0.6036150480769231 0.011012252403846153 0.6076213725961538 0.027080740384615384 0.6114105144230769 0.034678334134615386 0.6355859326923077 0.017272475961538462 0.660025201923077 0 0.6249685048076923 0
2 0.4949731971153846 0.7976412019230769 0.517826108173077 0.8199739471153846 0.5570125649038462 0.803736391826923 0.5282174495192308 0.7807409759615385 0.4949731971153846 0.7976412019230769
2 0.6686316875 0.5581635504807692 0.7059228557692308 0.5574946153846153 0.7121818221153846 0.5710128557692308 0.7102377379807692 0.4938902908653846 0.7070109134615384 0.49253330528846156 0.6253067884615385 0.4999698846153846 0.6032611129807692 0.5270298293269231 0.6138491442307692 0.6041587403846154 0.6387662139423077 0.6001077403846155 0.6686316875 0.5581635504807692
1 0.884770673076923 0.573961514423077 0.8685000889423077 0.5734876778846154 0.8278851153846154 0.5685180600961538 0.7777083173076923 0.569684875 0.7424831129807692 0.5822544903846154 0.7016945072115385 0.6332164735576923 0.6943319495192307 0.6886751971153846 0.7257286658653845 0.7012518846153846 0.7957323004807692 0.7026810721153847 0.8605803990384615 0.6955737259615385 0.8944446177884615 0.685608716346154 0.9137691009615385 0.6619075264423077 0.9027644158653847 0.6299113245192308 0.884770673076923 0.573961514423077
1 0.6896817283653847 0.2550920576923077 0.6542603798076924 0.2785527716346154 0.6343858677884615 0.2924480985576923 0.6388176298076923 0.30151093509615384 0.6416608677884615 0.31949487740384613 0.6439749326923077 0.33313208413461537 0.646732860576923 0.3332571875 0.6564358173076923 0.33083796875 0.7229461177884615 0.31223190384615385 0.7311261899038463 0.31019238221153844 0.7828487067307692 0.3041960889423077 0.8013760216346154 0.30445310576923074 0.8355593461538462 0.2760269495192308 0.8671061730769231 0.25880637740384616 0.9119559903846154 0.2492495264423077 0.9346205600961538 0.2464518221153846 0.9500394182692309 0.23822677403846154 0.9275937379807692 0.14820206009615383 0.8800797019230769 0.16496071394230769 0.852230983173077 0.16865325240384615 0.7920251081730769 0.18854065384615384 0.7490709591346154 0.22321728125 0.7270828052884616 0.24170326201923079 0.6896817283653847 0.2550920576923077
1 0.7853077932692307 0.13657514423076925 0.7912740552884615 0.12704672596153846 0.7719227139423077 0.12116769951923077 0.7510437524038461 0.11388845913461537 0.7408860456730769 0.09233306009615384 0.7646386995192308 0.06322205288461538 0.7573493701923077 0.05789781971153846 0.7270439471153847 0.06545381009615384 0.6775126129807691 0.08672612019230769 0.6601701249999999 0.10799642067307692 0.6848847283653845 0.14020571394230769 0.6985391081730769 0.15196653125 0.705490329326923 0.1511152980769231 0.7853077932692307 0.13657514423076925
1 0.6746457355769231 0 0.6604142572115385 0.01824103846153846 0.6474710528846154 0.03556126682692308 0.6311618485576923 0.06134657692307692 0.6342715192307692 0.06760916586538462 0.7001852115384615 0.07700954567307693 0.7438648365384615 0.0602569423076923 0.7638771947115385 0.058777615384615386 0.7855823894230769 0.05454176923076923 0.7987519711538462 0.04128064182692308 0.8226198052884615 0.030055605769230772 0.81226075 0 0.6746457355769231 0
1 0.8166780384615385 0.12392914663461538 0.8686961105769231 0.12328890625 0.9275534038461538 0.14804029326923077 0.8925499903846154 0.007649269230769231 0.8607318052884616 0.014328036057692308 0.8090407139423077 0.027216072115384612 0.7700945913461539 0.04719798076923077 0.7453602283653846 0.08006406971153845 0.7608215240384616 0.10908156009615386 0.8166780384615385 0.12392914663461538