0 0.25549470673076924 0.6977775336538462 0.20429482932692308 0.7057887860576924 0.15135790865384616 0.7385437235576924 0.09206799038461538 0.8044505288461538 0.11427081490384615 0.8577389206730769 0.19605044951923079 0.8760932211538462 0.2887099423076923 0.89784253125 0.31557723557692313 0.8977374158653847 0.35097767307692307 0.8862351153846154 0.39608659375 0.8594778341346154 0.4259004639423077 0.8307818461538462 0.44535162980769233 0.8002824927884615 0.4056290576923077 0.7457782451923076 0.37826773076923076 0.7218428725961539 0.3286319447115385 0.7120532740384615 0.25549470673076924 0.6977775336538462
0 0.57919221875 1 0.7748522379807692 0.9364262067307692 0.7860432211538462 0.9258816682692307 0.8169661730769231 0.8918938725961538 0.800876858173077 0.8423760552884616 0.7722055408653846 0.8038112956730769 0.7458890216346153 0.7576382235576923 0.7203527115384615 0.7385626971153846 0.6799506802884616 0.7334415913461538 0.6068870865384615 0.7469274663461539 0.5175000913461538 0.7896574495192308 0.4414655168269231 0.8337407692307692 0.3774489711538462 0.8750705865384615 0.3278104951923077 0.8911991057692308 0.3036361081730769 0.9161509615384615 0.31110402163461537 0.9490701322115385 0.3372936971153846 1 0.57919221875 1
2 0.3952939855769231 0.5936111466346154 0.4116927475961539 0.65912621875 0.5053066610576923 0.6235388004807692 0.613748860576923 0.6712476538461538 0.6177713341346155 0.7062421899038461 0.6497653533653847 0.6993008870192308 0.6712404519230769 0.6750305625 0.6718066634615384 0.5262297884615385 0.6248721514423077 0.5172787259615385 0.40606217788461535 0.5590029711538461 0.3952939855769231 0.5936111466346154
0 0.22883484615384614 0.7021166875 0.21321345913461537 0.675518170673077 0.17889472596153844 0.6899711153846154 0.17094754807692308 0.6941826418269231 0.15811483894230768 0.7012415889423077 0.16033513701923077 0.7062771442307691 0.16669580769230768 0.72765109375 0.17756417067307695 0.7216431634615385 0.2053494326923077 0.7068582115384616 0.22883484615384614 0.7021166875
0 0 0.5791922211538462 0.06410804326923077 0.7764964855769231 0.07885730288461537 0.7728759134615385 0.0880850985576923 0.7687262283653846 0.08746038701923077 0.7292386802884615 0.08824129567307692 0.6990921370192308 0.10266518990384615 0.6633396009615384 0.12047181730769231 0.652948298076923 0.13600806490384615 0.6381242740384615 0.14091785096153847 0.6106551971153846 0.15096642067307692 0.5740215 0.15537068509615384 0.5599468509615385 0.1751256201923077 0.5265028990384615 0.1616191153846154 0.5124691153846154 0.13670452884615386 0.5050531129807692 0.054206125 0.48410818028846153 0.046286187500000006 0.48726808413461536 0.006272211538461538 0.5169320480769231 0 0.5206128076923077 0 0.5791922211538462
0 0.395531375 0.6858411009615384 0.4148117139423077 0.6480978461538461 0.4128093389423077 0.6133593677884616 0.40538413221153846 0.5790576826923076 0.39264449038461535 0.5569756610576924 0.35417587740384615 0.5642392836538461 0.30884774759615385 0.5789672860576923 0.23627336298076923 0.6182766177884615 0.22140509615384613 0.6467003389423076 0.23396568509615384 0.6911297980769231 0.2611905192307692 0.7006410528846154 0.3771684375 0.7206358966346154 0.395531375 0.6858411009615384
0 0.17310476201923078 0.31949572596153847 0.15723211057692307 0.32202440865384613 0.10772018509615384 0.3066548389423077 0.022437533653846153 0.3868076177884615 0.04313669951923076 0.42203191586538463 0.08582329807692307 0.4448764783653846 0.10361773076923077 0.4482624278846154 0.12182942548076924 0.4358060336538462 0.27206078846153847 0.33848226201923076 0.24252471153846156 0.3218577331730769 0.21337171394230767 0.30641219951923077 0.17310476201923078 0.31949572596153847
2 0.7273085552884615 0.6898557836538461 0.7766865384615385 0.6678159615384616 0.8382299639423076 0.6658071129807692 0.8850495504807692 0.6445985673076924 0.8707042427884615 0.6352691081730769 0.8730993317307691 0.6165247980769231 0.9025975192307693 0.6029429615384616 0.7726441610576923 0.48136519471153844 0.7472690336538462 0.48161548317307695 0.7348833942307693 0.4956330576923077 0.6976822043269231 0.51171775 0.68215078125 0.5247588076923078 0.680467235576923 0.5892190841346154 0.7131329447115384 0.6984590096153845 0.7273085552884615 0.6898557836538461
2 0.6545718557692308 0.7034961322115384 0.6189909423076922 0.7070624807692307 0.6070407283653846 0.6789887139423076 0.49718766586538465 0.63677834375 0.4208698966346154 0.6715687259615385 0.3954834230769231 0.6978051177884615 0.37044129326923075 0.7339011346153845 0.4384396033653846 0.7517583629807691 0.4588612451923077 0.7710836586538462 0.4863428870192308 0.786116375 0.5069797596153847 0.7973988725961539 0.6171440889423077 0.7536097235576923 0.68654375 0.7410536442307692 0.6901072283653846 0.725905266826923 0.6545718557692308 0.7034961322115384
2 0.38314120432692306 0.1265308173076923 0.5171212740384615 0.19085983173076923 0.5456079975961539 0.19157544471153848 0.5677131850961539 0.14644046153846155 0.6160860841346154 0.13871774278846155 0.659281298076923 0.03680746153846154 0.38314120432692306 0.1265308173076923
2 0.7139673677884615 0.1728478173076923 0.7135479399038461 0.18318492548076926 0.7596861466346153 0.22367548317307692 0.7606111850961538 0.25556086298076924 0.7914816490384615 0.2635182644230769 0.8240800865384615 0.27688843509615385 0.8526009999999999 0.27761466346153846 0.8606693413461539 0.26271880048076923 0.8744239951923076 0.2665266466346154 0.7689137860576923 0.23177359375 0.78853384375 0.19355667788461536 0.8133893365384615 0.2004596298076923 0.8505627163461539 0.18438397115384617 0.8757681514423077 0.16620099278846154 0.8903855697115385 0.11552606971153846 0.8528728004807692 0.09573635096153846 0.8368172572115384 0.055027677884615385 0.7436526658653846 0.029358290865384613 0.7334013461538462 0.058649836538461536 0.6981711682692308 0.07209546394230769 0.6807473509615385 0.15765924278846155 0.7043202980769231 0.1750868125 0.7139673677884615 0.1728478173076923
2 1 0.42080778125 0.9913623461538462 0.3942238173076923 0.9580265360576923 0.36779734375 0.9201531081730769 0.36033393750000003 0.7684389399038462 0.42149039663461535 0.7361373221153846 0.4254033269230769 0.7358690288461538 0.4360268461538462 0.8000750120192308 0.5074069735576923 0.9092540120192307 0.6195500384615384 0.9704149423076923 0.6642426442307693 0.9947059495192309 0.6299982884615385 1 0.6261440961538463 1 0.42080778125
2 0 0.5791922211538462 0.06249870913461538 0.77154346875 0.08291027163461538 0.7649113485576924 0.08249198798076923 0.6820599495192308 0.1221050048076923 0.6290204375 0.17389026201923075 0.5318791826923077 0.11965823557692307 0.49327742307692307 0.04012415384615385 0.48164497836538456 0.037973665865384615 0.4983980625 0 0.5220301586538462 0 0.5791922211538462