2 0.6073883028846153 0.50435771875 0.5998830697115385 0.5192352908653846 0.6056569374999999 0.5707927115384616 0.6256653822115384 0.5750685432692307 0.6120407403846154 0.5716898966346153 0.630133375 0.5742326514423077 0.6562011947115385 0.5199160192307692 0.6508317067307693 0.44232114663461536 0.6295471706730769 0.43932980048076925 0.6073883028846153 0.50435771875
2 0.6734485408653845 0.6430313413461538 0.6731278629807692 0.6360490144230769 0.6686873701923077 0.621550420673077 0.6644099663461538 0.5995646875 0.6619262163461539 0.5865079158653846 0.66056853125 0.5776402235576923 0.6571316225961539 0.5713655408653846 0.6555923485576923 0.5700036081730769 0.6522435552884616 0.5753034086538462 0.6457548221153846 0.5876931971153846 0.6422452163461538 0.5941372139423077 0.6340011634615385 0.6004886490384616 0.631347920673077 0.6070530216346154 0.6228069903846154 0.6278312740384616 0.6144456634615385 0.6318538076923077 0.6087168004807693 0.6356735096153846 0.6027865168269231 0.6440897427884615 0.6066032115384615 0.6538758245192308 0.6151117596153847 0.65795684375 0.6256153822115385 0.6663702956730769 0.6348600961538462 0.6682635697115384 0.6386995480769231 0.6809380721153846 0.6494429230769231 0.6876455961538461 0.6560687620192307 0.6804939350961539 0.6636919375 0.6694091850961539 0.6707361923076923 0.6530666442307692 0.6734485408653845 0.6430313413461538
2 0.5966029326923077 0.8093118725961539 0.5944388870192308 0.7843772812500001 0.5826096033653847 0.7675461538461538 0.5404438076923077 0.7597108004807692 0.5030626394230769 0.8388287355769232 0.5271419759615384 0.889606875 0.5116664735576923 0.9139717307692308 0.5157077307692307 0.9154943629807692 0.5271378701923077 0.9047749278846153 0.5316694038461539 0.8978380865384616 0.5374911274038461 0.8967469374999999 0.5428021346153846 0.8994026899038462 0.5511477884615384 0.9005755961538462 0.5966029326923077 0.8093118725961539
2 0.3831006274038461 0.20495604326923075 0.33652418028846154 0.25957260576923075 0.36187876682692305 0.3884945985576923 0.41532789182692303 0.39908253846153846 0.44830201682692306 0.32725837740384617 0.4229503509615385 0.19831557932692306 0.38885086538461533 0.19657814903846155 0.3831006274038461 0.20495604326923075
2 0.5095233870192307 0.7781711995192307 0.5209049038461538 0.7578558100961538 0.49349188461538457 0.7522635432692308 0.4592839543269231 0.8043966298076923 0.4475028894230769 0.8509410817307692 0.45753373317307694 0.8961595216346154 0.4965641706730769 0.9077759879807693 0.4975290264423077 0.9009106850961538 0.4780025024038462 0.8438351394230769 0.5095233870192307 0.7781711995192307
2 0.25373267307692304 0 0.28449450480769234 0.09077275961538461 0.29549933653846155 0.10375419951923076 0.3027460288461538 0.14856013942307691 0.34259030528846157 0.15415988701923075 0.36729582211538464 0.15574389423076923 0.4107773173076923 0.06948530048076923 0.4164686802884615 0.04932488221153846 0.41773574038461536 0.03522535096153846 0.4084044783653846 0 0.25373267307692304 0
2 0.5243885721153846 0 0.48934998798076923 0.0790217139423077 0.5015187403846154 0.15320189903846154 0.5045674543269231 0.16370743028846152 0.50373709375 0.16961575240384616 0.5247825192307692 0.18063514182692308 0.5442739735576922 0.18135907451923078 0.5326443581730769 0.135428 0.5446638485576923 0.06063763942307692 0.5675796201923077 0.015530781249999999 0.5690432235576923 0.015736475961538463 0.5695958221153846 0.011804528846153847 0.5349756418269231 0.0008927451923076923 0.5286234302884615 0 0.5243885721153846 0
2 0.5712030841346154 0.6874905024038462 0.5782194014423078 0.6697650697115385 0.5836510769230769 0.6535989783653846 0.5737948798076923 0.6014890384615384 0.5596103798076923 0.5994955360576923 0.5484690673076923 0.6112102331730769 0.53103621875 0.632329923076923 0.5197380336538462 0.6355578389423078 0.5093077860576923 0.6582556947115384 0.5110067139423077 0.6687624591346153 0.5119870889423077 0.6809927139423078 0.5338189543269231 0.6961322427884615 0.5477243605769231 0.7065512475961538 0.557792579326923 0.7121880024038462 0.5600035528846153 0.7124987355769231 0.5694182908653846 0.6969136442307692 0.5712030841346154 0.6874905024038462
2 0.6777460216346154 0.09671609375 0.6487666947115385 0.14056769471153846 0.6421949951923077 0.14473567067307694 0.6253038125000001 0.14889594951923077 0.6174200985576923 0.15867118990384615 0.6198808677884616 0.16048085576923077 0.6223445624999999 0.16226971634615386 0.6252647307692307 0.16849299278846155 0.6291009999999999 0.1683108389423077 0.6341698629807693 0.17483609375 0.6514944302884615 0.26802809615384615 0.6847887572115384 0.1819501153846154 0.6892552548076923 0.16948826923076923 0.6777460216346154 0.09671609375
2 0.5584289543269231 0.4675851875 0.5141913221153847 0.45483381490384617 0.49632297836538464 0.48775140865384614 0.5071559735576924 0.5694024302884615 0.5396915624999999 0.5711958629807692 0.5764118461538461 0.5679554759615384 0.57424121875 0.5089488822115384 0.5584289543269231 0.4675851875
2 0.5051311153846154 0.9024033846153846 0.524800420673077 0.8948573004807692 0.50270871875 0.8420248701923078 0.5369124254807692 0.7585144038461539 0.5182947379807692 0.758464858173077 0.47615347836538463 0.8391413701923077 0.4942052235576923 0.8888602379807692 0.5051311153846154 0.9024033846153846
2 0.43943837259615387 0.4168759375 0.40379202884615384 0.5070360552884615 0.41209605528846155 0.5542605817307693 0.4255328245192308 0.5484692139423077 0.44039084855769234 0.5735755024038461 0.42300350961538463 0.5910950600961539 0.4224316875 0.6032981033653846 0.45349042548076923 0.6030594975961538 0.49061211538461535 0.5269176033653846 0.4775306802884615 0.4237569326923077 0.43943837259615387 0.4168759375