2 0.5888443629807693 0.38446516105769235 0.5404775504807693 0.35892014423076923 0.5427995072115385 0.3506701201923077 0.42209549519230766 0.40300648317307697 0.43918831490384613 0.45561277644230774 0.5092723774038461 0.4478495817307693 0.5344976995192308 0.4715269110576923 0.5878712644230769 0.4354285072115385 0.5888443629807693 0.38446516105769235
0 0.7710963750000001 0.6772274759615384 0.7076182451923076 0.71359 0.6659203629807693 0.7410018028846154 0.6670065120192308 0.744344625 0.6826345841346153 0.7734826586538461 0.7140043894230769 0.7864186875 0.7995006802884616 0.7836071514423076 0.8564142644230769 0.7688105384615385 0.8757811706730769 0.7486545096153846 0.8914968581730769 0.7324436225961539 0.8675576490384616 0.6967580360576923 0.811817829326923 0.6695485480769231 0.7710963750000001 0.6772274759615384
0 0.7448148557692308 0.5264165432692308 0.7608553918269231 0.5199727475961539 0.7979227091346155 0.4869343028846154 0.8256489807692307 0.46064403125 0.8291478966346154 0.44097644471153846 0.8280067620192307 0.4425964831730769 0.8307424423076923 0.42564071153846156 0.8341052115384616 0.4257973413461539 0.8444983677884615 0.42734804567307694 0.8460248389423076 0.4219244206730769 0.8378771538461538 0.4171629447115385 0.8259915624999999 0.4160798125 0.8036056009615385 0.4282984471153846 0.6477484086538462 0.48634833653846155 0.649597795673077 0.48697934855769226 0.6556932788461538 0.5615508076923077 0.7134448004807693 0.5464819350961538 0.7448148557692308 0.5264165432692308
0 0.5677837764423077 0.36455313221153846 0.5415434350961539 0.35756746634615383 0.5277384519230769 0.36205297596153846 0.44569535576923075 0.38789490625 0.42153939423076925 0.39737463221153846 0.4200028629807692 0.40604613701923076 0.42858924759615386 0.4391725360576923 0.44243669471153846 0.45833980288461534 0.45521038942307696 0.46073065384615386 0.4975889663461538 0.44696102163461543 0.5335807644230769 0.43363559375 0.55405890625 0.42288703846153847 0.5735834807692307 0.4092037067307693 0.5870594759615385 0.38360498557692313 0.5677837764423077 0.36455313221153846
1 0.8328531971153846 0.8719998389423077 0.8475712259615384 0.8663327668269231 0.8670619014423077 0.8608847572115385 0.8814708100961539 0.8579728076923078 0.8988456995192308 0.8532122572115385 0.9122143485576923 0.8470987331730769 0.94411059375 0.8252313918269232 0.8451060480769231 0.8405695841346154 0.8179682355769231 0.8334591009615384 0.7986692451923076 0.8140504495192308 0.79708075 0.8127967932692308 0.7981491177884615 0.8124496586538462 0.8085727259615385 0.8081779278846154 0.8262076826923077 0.8042177716346154 0.8497117668269231 0.7965808317307693 0.8950680528846154 0.7906926225961539 0.9142915024038462 0.7879861225961539 0.9300288365384616 0.7855274326923076 0.9404294350961538 0.7848201057692308 0.9572351370192307 0.7820142836538462 0.9583316177884615 0.7781184399038461 0.9548894639423077 0.7747950432692308 0.9439738365384615 0.7739172764423077 0.82105753125 0.7810967788461538 0.7085208725961538 0.7875757596153845 0.6892902596153847 0.7938241634615385 0.6676858581730769 0.7964020384615385 0.6486994591346154 0.8034733389423077 0.6372074831730768 0.808092201923077 0.6072722451923077 0.81781875 0.5680047764423077 0.8279054903846154 0.5575581538461538 0.835741625 0.5611428221153847 0.8540445624999999 0.5701817788461538 0.8564169927884616 0.58455540625 0.8605956586538461 0.5983368341346154 0.8702934543269231 0.6064550360576922 0.8880082524038462 0.61272978125 0.9036846947115384 0.6211361586538462 0.9186511754807692 0.6298639254807692 0.9273363245192308 0.64450478125 0.9287734807692308 0.7547852019230769 0.9044448197115386 0.8336052764423076 0.8779497307692308 0.8328531971153846 0.8719998389423077
1 0.3115244951923077 0.8919641802884615 0.31094773557692307 0.9034469927884616 0.3103829639423077 0.9127570504807692 0.3112801682692308 0.9221473125 0.31366842548076923 0.9272879639423077 0.3202470504807692 0.9342769927884615 0.32073837259615384 0.9335794759615385 0.3348803173076923 0.9241435889423077 0.3529788846153846 0.909136454326923 0.36941936057692304 0.89572646875 0.37875957692307693 0.8824893413461539 0.37982379807692307 0.8681587620192308 0.37570178125000003 0.8576821466346154 0.36601285817307694 0.8344916610576922 0.35680203125 0.81491096875 0.34541271394230766 0.8019547572115384 0.3343002788461539 0.7942699927884616 0.31331481490384616 0.7892726490384615 0.29000477403846153 0.7882405120192307 0.2682964591346154 0.7920667115384615 0.2479937596153846 0.8024285961538461 0.23548385576923078 0.8102584471153846 0.22734072596153845 0.8161315697115386 0.22270438942307694 0.8283781899038462 0.21709050961538462 0.8420355384615384 0.21284253846153847 0.848777204326923 0.2075960793269231 0.8569364038461539 0.20410556009615383 0.8682901971153847 0.2074200985576923 0.878491298076923 0.20909060817307695 0.8924711899038461 0.21094826682692308 0.9026077836538462 0.2098075456730769 0.9035163028846154 0.21514373557692307 0.9044718533653846 0.2302380096153846 0.9001053028846153 0.24855833173076924 0.8946905456730769 0.25340319951923074 0.8963436129807693 0.2546849110576923 0.8980786658653847 0.2605295096153846 0.896179641826923 0.27010856971153846 0.8903778341346154 0.2852199326923077 0.8838542235576923 0.29899445673076924 0.879916485576923 0.31079046875 0.8830761274038461 0.3133487908653846 0.8865305384615384 0.3115244951923077 0.8919641802884615
2 0.3048006514423077 0.5815210625 0.38841832451923075 0.5553930841346154 0.40707767548076923 0.5441076850961538 0.39965873317307693 0.48691803605769235 0.3811601971153846 0.4772433942307692 0.3518966802884615 0.47734751923076923 0.3114592788461538 0.49466798557692304 0.3048006514423077 0.5815210625
2 0.36760088221153847 0.39730654326923076 0.3568083365384615 0.40792710576923075 0.35067697115384616 0.4532791129807692 0.3594638653846154 0.4657101875 0.3885268581730769 0.4704774038461539 0.40509055528846155 0.4718450168269231 0.44348852644230774 0.4600801466346154 0.4362095048076923 0.4478705216346154 0.42726409374999996 0.40137915625 0.41795624759615385 0.38877033413461537 0.3980598269230769 0.3874098317307692 0.36760088221153847 0.39730654326923076
0 0.45794332692307693 0.8173398269230769 0.44778939903846154 0.788227625 0.4410633293269231 0.8090825865384615 0.41331223317307697 0.8121307668269231 0.40031775240384615 0.8072784302884616 0.39893777403846153 0.8041004807692308 0.39753615865384617 0.8029943149038462 0.3591184807692308 0.8126314350961539 0.36970143749999995 0.8462716153846154 0.3794862836538462 0.87317871875 0.37001308413461537 0.8972686442307692 0.36794994711538465 0.900541625 0.4022023461538462 0.8951207788461539 0.424916875 0.8968148822115385 0.4491348581730769 0.8861004423076922 0.46099907692307696 0.87471525 0.4766473725961538 0.8610768341346154 0.47675693509615386 0.8571372932692308 0.47983993028846156 0.8517284495192308 0.4706078870192308 0.8466946730769231 0.45794332692307693 0.8173398269230769
1 0.7444457908653846 0.3613389038461538 0.7850600216346154 0.3553258004807692 0.7714665769230769 0.3429989951923077 0.7556257379807693 0.34335715865384614 0.7274923341346154 0.3485075576923077 0.6881574639423077 0.34534278846153843 0.5932297235576923 0.36103937980769235 0.5773128149038461 0.3709999326923077 0.5817898533653846 0.3815 0.6456128365384616 0.3846894951923077 0.7146501586538462 0.3646523269230769 0.7444457908653846 0.3613389038461538
2 0.46531169711538467 0.616165548076923 0.46958565865384616 0.624935783653846 0.55054921875 0.5975533725961538 0.5541319399038461 0.5910452115384616 0.5467311971153846 0.5824050697115385 0.5574428798076924 0.5792812908653846 0.5533634471153847 0.5667260913461538 0.4839997716346154 0.5865123629807693 0.4626602379807692 0.5641329567307692 0.4598763918269231 0.5401867115384615 0.5273744567307692 0.5174614591346154 0.5267759423076923 0.49806102403846153 0.5291683509615385 0.49443524759615387 0.5264766850961539 0.4883608028846154 0.5315267572115384 0.48191374759615385 0.5261774278846154 0.4786605841346154 0.5285528341346154 0.4705869447115385 0.525878170673077 0.4689603653846154 0.5255789134615385 0.4592601466346154 0.5066902139423077 0.4493826105769231 0.4616086274038462 0.45461939903846155 0.450338233173077 0.4559285961538461 0.40576145913461537 0.47683228605769234 0.4119918629807692 0.54426340625 0.4348873894230769 0.537177 0.4373770408653846 0.5477617956730769 0.44862671634615386 0.5439742524038461 0.45105483653846157 0.5679037788461538 0.4487499663461539 0.5739967451923077 0.45578490624999995 0.5781134206730769 0.4645235504807692 0.5742156610576923 0.47243915865384617 0.589810076923077 0.46103773557692307 0.6073953125 0.4717494182692308 0.6042715336538461 0.46531169711538467 0.616165548076923
2 0.3865196538461539 1 0.36849682451923077 0.9759497692307693 0.3665886346153846 0.9761131754807693 0.36333411057692305 0.9690604759615385 0.3600393653846154 0.9687155384615385 0.35817138942307697 0.9621711850961538 0.35316259375 0.9628760048076923 0.3530086730769231 0.9552818942307693 0.3462858197115385 0.9570364663461538 0.3478459591346154 0.9483926009615384 0.33940904807692307 0.9511969326923077 0.3426832427884615 0.9415033125 0.3168696610576923 0.9070568557692307 0.3121168485576923 0.9029109663461538 0.31322007692307696 0.8935474086538462 0.3065442283653846 0.8932782692307693 0.3143233052884616 0.8841838509615385 0.30138151201923075 0.8863889783653847 0.2962187956730769 0.8794996875 0.25419234615384617 0.8956360817307693 0.17085857451923078 0.9096650192307693 0.1339080096153846 0.9695073100961539 0.13021211298076923 0.9799438942307692 0.13672873557692308 1 0.3865196538461539 1
0 0.26980915144230766 0.7883826490384614 0.24182432451923075 0.8077471802884616 0.22605282211538463 0.8250693076923077 0.22414570673076922 0.8455730552884616 0.2126876346153846 0.8525059182692308 0.2040800625 0.8655743966346154 0.20741500240384614 0.8837502644230769 0.21193807451923077 0.8976708461538461 0.25758681009615386 0.8931103846153847 0.3053919879807692 0.8820714134615385 0.3156364375 0.8819526995192307 0.3111134038461539 0.9155040649038462 0.31943543990384615 0.9384793461538461 0.3309139110576923 0.9289719278846154 0.36648080288461543 0.9013659975961539 0.37512914903846156 0.8594124375000001 0.36287045432692305 0.8216840552884614 0.3371649735576923 0.7979545288461539 0.31503919471153846 0.7852421923076923 0.26980915144230766 0.7883826490384614