1 0.08642709615384615 0.19858556249999998 0.08652276201923076 0.20127581490384616 0.0888209951923077 0.20166097596153848 0.10608165625 0.19638386298076924 0.10644220673076923 0.19518582932692308 0.10720250240384616 0.1786539278846154 0.12763456971153847 0.17186331730769233 0.1596706129807692 0.16261281490384613 0.16781189182692308 0.1465262764423077 0.2106351466346154 0.13452169471153846 0.19641151442307692 0.10463968028846155 0.19023785096153847 0.08206919951923078 0.18527806490384616 0.07337427403846154 0.04550280048076923 0.11610786057692309 0.04762672596153846 0.13110879567307693 0.05007703365384615 0.13199136298076922 0.0670943125 0.1496149158653846 0.07284611057692308 0.17556022836538462 0.08509770432692307 0.198992 0.08642709615384615 0.19858556249999998
2 0.5261045697115384 0.2083839158653846 0.5099160024038462 0.21333325721153845 0.48267865625 0.2235554254807692 0.4768076514423077 0.22912258653846151 0.4701937932692308 0.24061903125 0.47052217788461537 0.24997547836538464 0.4816332836538461 0.28631826923076925 0.48833581730769227 0.31644692788461537 0.4736671081730769 0.3512145552884615 0.4780275793269231 0.3820417091346154 0.49653186298076923 0.37638438221153847 0.5184595649038461 0.34887184615384614 0.5513879423076923 0.34069951201923077 0.5796634471153846 0.33394969711538464 0.6024444278846154 0.3175104663461538 0.6229360408653846 0.30178870673076924 0.6290250024038462 0.2885754038461539 0.6274355985576924 0.2833766995192308 0.61096675 0.25435656971153847 0.5948213798076923 0.23467683894230768 0.5776427548076923 0.21154079807692308 0.5543800721153846 0.2016341033653846 0.5261045697115384 0.2083839158653846
2 0.7927926129807693 0.6983127259615384 0.7738818966346154 0.6608454831730769 0.6938942283653847 0.5729935745192308 0.6822250504807692 0.574473326923077 0.5685514495192308 0.6203855576923077 0.5614282475961538 0.6427929134615386 0.5633603557692308 0.6582384879807692 0.563556579326923 0.6588803028846153 0.6102471514423077 0.7506309879807692 0.6170134086538461 0.7667040336538461 0.6308886081730769 0.7784982379807693 0.8027156490384615 0.7155085216346154 0.7927926129807693 0.6983127259615384
2 0.6237638269230769 0.7784307211538462 0.5536108341346154 0.6415335432692307 0.5359952836538462 0.6368306874999999 0.45309827644230766 0.6742810072115385 0.4549060432692308 0.6757460120192308 0.4389964423076923 0.7471764182692309 0.4594091586538462 0.7742187980769231 0.48266796875 0.8326565985576924 0.6237638269230769 0.7784307211538462
2 0.47565817307692304 0.8388701850961537 0.45819435817307697 0.781748625 0.42857896875 0.7510631634615385 0.3548902235576923 0.7830489182692308 0.3670609326923077 0.8228575096153846 0.38207715625 0.8636910168269231 0.47565817307692304 0.8388701850961537
2 0.8020995985576923 0.7119597475961539 0.8025607211538461 0.7134680144230768 0.8718276225961539 0.68074628125 0.8829224975961538 0.6666516850961539 0.8681812740384616 0.6184353149038462 0.7764599326923077 0.505624766826923 0.7595844831730769 0.5008886370192308 0.7425594350961539 0.5027952259615385 0.7305781201923077 0.5031773365384615 0.6723062139423077 0.5358185096153846 0.6517398533653846 0.5585811850961538 0.65429975 0.5849760048076923 0.6928680216346154 0.5707106346153846 0.7769265625 0.6619849639423077 0.7893930721153846 0.6919480120192307 0.8020995985576923 0.7119597475961539
2 0.34747908894230767 0.2611003269230769 0.32449668990384617 0.28516310576923076 0.3350779951923077 0.3197729951923077 0.3737525192307692 0.4215013052884615 0.3966436201923077 0.446680625 0.40541987740384616 0.4174867091346154 0.46792797355769233 0.37377775 0.4679618509615385 0.28293607932692305 0.46029069951923074 0.22471548076923076 0.36691110096153845 0.24191276923076924 0.34747908894230767 0.2611003269230769
0 0.23352172355769232 0.36766522115384614 0.22098234375 0.38478058173076923 0.20950063461538462 0.37214934375000003 0.18514274038461537 0.3795963004807692 0.1781741514423077 0.38172681009615383 0.18584409134615384 0.38603149038461537 0.2015989783653846 0.40021614903846153 0.2088843221153846 0.4074807307692308 0.2110084326923077 0.4144283822115385 0.19907705288461536 0.4418147764423077 0.19895874278846154 0.45799249999999997 0.21319261778846155 0.4754844927884615 0.21611633653846155 0.4850475408653846 0.21375421875 0.4981039639423077 0.20553442067307692 0.5044243100961538 0.20997424759615385 0.5106639735576923 0.22106590625000003 0.5053780336538461 0.23275927403846156 0.4979957115384615 0.25337869951923075 0.49074428365384615 0.27424296634615386 0.49671723076923074 0.3523360048076923 0.5155642668269231 0.3587747932692308 0.5117008557692307 0.3751874927884616 0.47818964423076926 0.37449936057692307 0.4261680745192308 0.3538613581730769 0.36694656009615384 0.33166574759615386 0.32341290865384614 0.30908886057692303 0.32840293028846157 0.3049706947115384 0.33157440625 0.2941653774038462 0.3377202379807692 0.27542521875000003 0.3386949399038462 0.23206716826923077 0.34626619471153847 0.22758093990384615 0.35237496634615384 0.23308527163461537 0.3620964783653846 0.23352172355769232 0.36766522115384614
0 0.46464182451923075 0.2525979038461538 0.4669007788461539 0.24334523317307694 0.4621080408653846 0.22766889423076925 0.4575485192307692 0.22525557932692308 0.4456621586538461 0.22794216586538463 0.4104850841346154 0.23773189423076924 0.38666947596153844 0.2431181778846154 0.36456296875 0.24987681490384617 0.3546291658653846 0.25480876201923075 0.34010415625 0.2697239663461538 0.3344484375 0.276225375 0.3285229182692308 0.2818442908653846 0.32368334375 0.29093849759615387 0.3196219350961539 0.30265465865384616 0.3222807524038461 0.3113512548076923 0.32701673076923077 0.31848290384615385 0.33566273557692305 0.33012131971153846 0.3403723677884616 0.3372434831730769 0.34813031971153846 0.35011838461538464 0.3587288822115384 0.36400215865384616 0.3661285793269231 0.3798464519230769 0.3707448629807692 0.3908044543269231 0.3736734855769231 0.40038354807692306 0.3781647307692308 0.42757396153846156 0.3804184615384615 0.46401049278846157 0.38482158413461537 0.44934754567307694 0.3941590144230769 0.43410592067307696 0.4062749615384615 0.42373454086538465 0.4172116081730769 0.4137237115384615 0.4286829591346154 0.4054618269230769 0.44818740865384615 0.3985512788461539 0.4810438605769231 0.38945349278846153 0.4709285841346154 0.35636791586538463 0.46765195673076926 0.33736819471153845 0.46893975721153847 0.3207978341346154 0.46971429086538463 0.30247197115384616 0.4666458028846154 0.27579401442307694 0.46464182451923075 0.2525979038461538
0 0.6392823004807693 0.29773859375 0.6247664278846153 0.3007202932692308 0.5639370913461538 0.3351960576923077 0.5463119230769231 0.34058461298076925 0.5206100721153846 0.3700931923076923 0.5086832860576923 0.37517827884615385 0.5230334206730769 0.37801960817307695 0.5358477427884616 0.40727978365384615 0.5447788918269231 0.41755022115384616 0.525064016826923 0.4351223822115384 0.5824691153846154 0.41467693028846153 0.6663640432692308 0.3673769471153846 0.6925652812499999 0.3521553605769231 0.6392823004807693 0.29773859375
0 0.5417979759615384 0.4798871971153846 0.5386888581730769 0.4876628197115384 0.5388751394230769 0.4971679831730769 0.5330874543269231 0.5050782620192308 0.5267802451923077 0.5083750913461539 0.5381014086538461 0.5185640024038461 0.5497113269230769 0.5177339951923077 0.560836139423077 0.5361765264423076 0.5691950144230769 0.5486396225961538 0.5838660072115385 0.5578219302884615 0.5933233918269231 0.5678963942307692 0.6077536730769231 0.5703096850961539 0.6085899038461539 0.5700540216346154 0.6163962716346153 0.5806332524038461 0.6372326754807692 0.5831407788461539 0.6488919879807693 0.5884540216346154 0.65453284375 0.5860451778846154 0.6531226634615385 0.5844235288461539 0.6562287427884615 0.5438920144230769 0.7090713750000001 0.5168057620192308 0.7246810721153847 0.5052083341346154 0.7540002644230769 0.4996483173076923 0.7640135913461539 0.4965869375 0.7657174326923077 0.4872057115384615 0.7723813245192308 0.4373753293269231 0.6957673870192308 0.35089565624999997 0.6788728990384616 0.3553765576923077 0.5745384831730769 0.4138908028846154 0.5663889350961538 0.4170666298076923 0.5498141923076922 0.4494343125 0.5409437355769231 0.4651297043269231 0.5417979759615384 0.4798871971153846
0 0.4561437139423077 0.6689811802884615 0.5173468798076923 0.6536732548076922 0.47512294711538466 0.6121923990384615 0.4481648197115385 0.598327420673077 0.4665627331730769 0.5841932067307692 0.40576355528846153 0.5041951081730769 0.37808963221153846 0.5177439711538462 0.3288312043269231 0.5498050480769231 0.27537595192307696 0.6052561298076923 0.24017923317307693 0.6313162283653846 0.25461620673076923 0.6710986706730769 0.2825804951923077 0.7254485432692307 0.3211205576923077 0.7697575504807692 0.35714694471153846 0.791043826923077 0.45146697596153845 0.7503116778846154 0.4561437139423077 0.6689811802884615
0 0.47803009375000005 0.5653352668269231 0.45608135817307693 0.5967668028846154 0.49527028124999994 0.6365262355769231 0.5165592403846154 0.6570020096153846 0.5587337115384615 0.6474766514423076 0.5709337163461539 0.6234996153846153 0.6433765360576923 0.59012271875 0.6376850240384615 0.5862307908653845 0.5898800216346154 0.5626153365384615 0.54806790625 0.5191838774038462 0.48860838701923076 0.5508547091346154 0.47803009375000005 0.5653352668269231
0 0.29523854567307695 0.8695369543269231 0.2798929567307692 0.9047746995192308 0.3890345889423077 0.8687875120192309 0.3857946298076923 0.8602895504807692 0.3975187836538462 0.8588153221153847 0.3999487548076923 0.8651887908653847 0.40924293509615384 0.8573410937499999 0.41086291826923077 0.8615900745192308 0.42096709134615384 0.8558668653846154 0.4217770817307693 0.8579913557692307 0.4326912451923077 0.8543926370192308 0.4266571682692308 0.8431549399038462 0.4348469855769231 0.8387631490384616 0.43760871875 0.8409564399038462 0.44648896875 0.83711296875 0.4485602716346154 0.8387579374999999 0.45813095673076926 0.8354627908653847 0.4595118221153846 0.8365594350961539 0.48141492548076925 0.8321624326923077 0.48371346394230774 0.8290209230769231 0.46341931490384614 0.7680099447115385 0.45347317548076926 0.7515054711538462 0.28400245192307694 0.8167574663461538 0.28840509134615383 0.847185735576923 0.2951431658653846 0.8585652956730769 0.3533530913461539 0.8503144014423077 0.3499963028846154 0.8585444495192308 0.35062217067307694 0.8647122379807691 0.33904475 0.8607429471153847 0.33889801923076923 0.8661864639423077 0.32809319951923077 0.8629414495192307 0.3271738653846154 0.8676606947115384 0.31714164903846154 0.8651399519230769 0.3154497115384615 0.8691349230769231 0.3061900961538461 0.8673384519230769 0.3037255576923077 0.8706091514423077 0.29523854567307695 0.8695369543269231
0 0.3568958798076923 0.5287151153846155 0.3753589230769231 0.5176313966346154 0.3623303341346154 0.5101400961538461 0.31494995192307695 0.5030978173076923 0.2728791298076923 0.4895722331730769 0.25385975 0.4887900576923077 0.22421175240384614 0.5021704711538462 0.2124248894230769 0.5175293389423077 0.20612099759615385 0.5194566322115385 0.19745975480769232 0.5175078052884615 0.18590551201923075 0.5110044567307692 0.17849178365384616 0.5118323581730769 0.1745373389423077 0.5202173269230769 0.1775487139423077 0.5276130649038462 0.18129977884615386 0.5310630817307692 0.18138727163461538 0.5493710288461539 0.17097065384615384 0.5495028485576923 0.16265313942307694 0.5546599975961539 0.16095635817307694 0.569969329326923 0.16302160096153845 0.5767244350961538 0.1795248125 0.6364556418269232 0.17971259615384616 0.6446620024038462 0.19078299038461538 0.6447513870192307 0.19800477644230768 0.6455963221153845 0.21665286778846155 0.6533697139423077 0.2297577644230769 0.6715402331730769 0.2257729951923077 0.6740743870192307 0.22911891346153845 0.6862453990384616 0.23407961538461539 0.6999404158653846 0.23592410817307694 0.7059734807692308 0.2437429639423077 0.712759139423077 0.28420478365384616 0.7046872836538461 0.29346879326923075 0.6898190096153846 0.2906956490384615 0.6820521682692308 0.2774809927884615 0.6588446538461539 0.2876702788461538 0.6069714663461538 0.3143939399038462 0.5652373269230769 0.35000278365384613 0.533699951923077 0.3568958798076923 0.5287151153846155
0 0.29269547596153844 0.7879048125 0.2869395721153846 0.8119469278846154 0.2954996850961539 0.8114177139423078 0.3134250240384615 0.8011826466346155 0.31414682451923076 0.794417625 0.3222876033653846 0.7717342572115384 0.3151474639423077 0.7691624759615384 0.29269547596153844 0.7879048125