0 0.5490468100961539 0.30464848798076927 0.5465498653846154 0.29761366346153845 0.5425916538461538 0.2919789639423077 0.5417036298076924 0.2847465865384616 0.5390590288461539 0.27650918990384615 0.5384489278846154 0.25823916826923077 0.5385771177884615 0.24598201201923078 0.54516365625 0.2329318701923077 0.5415028389423078 0.22971925240384616 0.5219833269230769 0.217433125 0.5106787451923077 0.20535903605769232 0.47854104567307687 0.18360151201923078 0.46181587740384616 0.18077229326923078 0.4222230841346154 0.17829226442307694 0.3989319591346154 0.18849346634615383 0.38472112500000005 0.20614186298076922 0.3711061923076923 0.2151549783653846 0.36350136298076924 0.23321296153846155 0.36512975240384615 0.24647513942307692 0.37539865384615384 0.25011428125 0.3859628701923077 0.25615856971153844 0.38187119951923076 0.27622659855769227 0.38203832692307693 0.29088890144230767 0.3779487355769231 0.31097386538461536 0.38692349759615385 0.3306754375 0.40629535096153846 0.3417589903846154 0.4297536009615385 0.34622009134615384 0.45350716826923076 0.35308633653846155 0.4731743365384615 0.36657503846153844 0.48945653365384617 0.3657965384615384 0.4972058269230769 0.36240363942307696 0.5027761538461538 0.35437827884615386 0.5181703245192307 0.3463674014423077 0.5441092475961539 0.33094108653846155 0.5467364591346153 0.32573569471153846 0.551714076923077 0.3128831033653846 0.5490468100961539 0.30464848798076927
0 0.5496121057692307 0.5492354735576923 0.5812494951923077 0.6345481778846154 0.6222591370192307 0.7647185817307692 0.6707756778846155 0.8306970144230769 0.7209669134615384 0.847555733173077 0.7585193701923078 0.8242388870192308 0.7840014567307693 0.7966616322115385 0.791895826923077 0.7669112427884616 0.788381983173077 0.7227440456730769 0.7650888822115385 0.689653514423077 0.71966209375 0.6175532475961538 0.6776929495192309 0.5421400096153847 0.674735641826923 0.5180546754807692 0.5496121057692307 0.5492354735576923
2 0.3071561826923077 0.8183662716346153 0.3172509567307692 0.9005816129807692 0.3297109783653846 0.9213166514423077 0.5179725096153847 0.93900003125 0.5479900745192308 0.9408676754807692 0.51858478125 0.8832883028846154 0.5335922427884616 0.803561326923077 0.5249251490384615 0.7934844471153847 0.3071561826923077 0.8183662716346153
2 0.7257288293269231 0.893082670673077 0.7220975096153845 0.8434625240384614 0.7211990865384615 0.8361454591346154 0.6840866658653847 0.837005795673077 0.6678337139423077 0.8056126033653845 0.6429142932692307 0.7845677331730769 0.5402605504807693 0.7971720288461538 0.5199112067307692 0.8738584110576924 0.55241503125 0.9366278629807692 0.5575343846153846 0.9378561322115384 0.7137377692307693 0.9168199230769231 0.7257288293269231 0.893082670673077
2 0.4024770528846154 0.7786377475961538 0.4476175072115384 0.7730951971153845 0.459918125 0.7696764495192308 0.4560062451923077 0.7378167331730769 0.4369019302884615 0.6650290360576924 0.28622556490384615 0.68162134375 0.28386494471153845 0.7037978822115385 0.28706692307692305 0.6967166514423078 0.3012796466346154 0.7710677692307691 0.33835889903846156 0.7826764302884615 0.37229169471153845 0.7813984302884616 0.4024770528846154 0.7786377475961538
2 0.5675063774038461 0.6305275432692308 0.5508831802884615 0.59967840625 0.5494797043269231 0.5957416057692307 0.4698663942307692 0.604158641826923 0.4355733125 0.6309780985576924 0.44004670913461535 0.6674109807692308 0.46360102644230766 0.7994839254807692 0.5702356274038461 0.7870785625000001 0.5950820961538461 0.7730586658653846 0.6030915600961538 0.7412481778846154 0.5675063774038461 0.6305275432692308
2 0.4312868413461538 0.6663202379807692 0.4423637716346154 0.6630517379807692 0.4406338798076923 0.6384718365384615 0.48169167548076924 0.5886256129807692 0.48981589663461544 0.5924077379807693 0.4692103052884615 0.5491700216346154 0.2823310120192308 0.5854576802884616 0.2908858028846154 0.6759256250000001 0.4312868413461538 0.6663202379807692
2 0.4594659254807692 0.44358075240384615 0.24263825240384615 0.4718199855769231 0.23527220432692308 0.4824556634615385 0.24142058173076922 0.49712285817307694 0.2549796610576923 0.54573034375 0.24643650961538463 0.5467793125 0.2468212043269231 0.5589047211538462 0.27501915384615383 0.5586919254807692 0.3251748509615385 0.5606486778846154 0.47240180769230766 0.5401300745192308 0.49922508653846154 0.5287214927884615 0.5054283317307692 0.5174205216346154 0.5044467211538461 0.5094259519230769 0.5069437548076923 0.46775299519230773 0.49718655288461544 0.450296625 0.4594659254807692 0.44358075240384615
2 0.44921825480769234 0.3591834807692308 0.43358222596153845 0.35023736778846154 0.4049132379807692 0.33668482692307694 0.2257396298076923 0.3656649375 0.236685 0.429516875 0.23911268509615385 0.4408584543269231 0.2404358389423077 0.44301704326923075 0.2581931514423077 0.44394865384615384 0.25996365625 0.4499379375 0.27774661298076925 0.4679390456730769 0.3900912475961539 0.45258029807692307 0.42281354326923076 0.44856250480769233 0.4483976682692308 0.44542117067307696 0.4698575144230769 0.4427862331730769 0.4931331826923077 0.4461350120192308 0.5111851153846154 0.4578964230769231 0.5057266442307692 0.4050104423076923 0.5021461274038461 0.36741915865384617 0.47779365625 0.37197382932692313 0.46680017788461536 0.3671169831730769 0.44921825480769234 0.3591834807692308
2 0.2330006923076923 0.29909613221153847 0.23170379326923077 0.32899925961538456 0.24264376442307695 0.3573998918269231 0.38962217307692304 0.33935321153846154 0.3914163125 0.33354519471153843 0.3790806778846154 0.2737323870192308 0.38377348076923073 0.27129934134615385 0.38287298076923076 0.26396533894230767 0.2330006923076923 0.29909613221153847
2 0.38968770673076925 0.19807028125 0.4645239182692308 0.1795973293269231 0.4564325048076923 0.1341181514423077 0.3682083221153846 0.10406576442307693 0.22165646153846152 0.12577375721153847 0.20609916346153845 0.14069905288461537 0.20795152884615384 0.21667099038461538 0.24118779567307694 0.24419082451923077 0.2794700168269231 0.23206298317307691 0.37078731971153844 0.22642115865384616 0.38968770673076925 0.19807028125
2 0.8519746394230769 0.5270851274038462 0.8344164711538462 0.5255273100961538 0.8273407451923076 0.54864384375 0.7640016081730768 0.5582777548076924 0.7824561177884616 0.5671356995192307 0.7614138317307693 0.6179457331730769 0.7249731490384614 0.6242769302884615 0.7612507716346154 0.6773159903846153 0.8421480769230769 0.6692398942307692 0.8519746394230769 0.5270851274038462
2 0.7956059759615385 0.7411132139423077 0.7836055072115384 0.7584042451923078 0.7847763677884616 0.7679401394230769 0.7794145985576922 0.781785514423077 0.7731092475961538 0.7975004302884615 0.7627134807692308 0.8181189951923076 0.7435439975961539 0.8345365889423076 0.7185829182692308 0.842002829326923 0.7258008918269231 0.891234170673077 0.7229853197115385 0.9065205961538462 0.8248380192307692 0.88345815625 0.8309443173076924 0.8756764615384616 0.8331654543269231 0.7980352355769231 0.8239563389423077 0.7516960985576924 0.7883728437499999 0.6822040745192308 0.7709919543269231 0.6843381802884616 0.7991639951923077 0.7318735264423076 0.7956059759615385 0.7411132139423077
2 0.54974021875 0.06712801201923077 0.4912720288461539 0.07877718509615385 0.4649984447115385 0.10065757932692308 0.4660268028846154 0.13338713701923077 0.4625672932692308 0.16216316826923077 0.48639005288461534 0.19357252403846154 0.5185128293269231 0.21127432932692305 0.5782630552884616 0.21812214903846155 0.6275638341346154 0.2292273894230769 0.6867441442307692 0.19883637740384616 0.6936330480769232 0.1979905264423077 0.7079369759615385 0.18428508894230772 0.7250225625 0.18517882451923076 0.7413927860576923 0.11523926682692308 0.7275109495192308 0.0997851298076923 0.6254382740384615 0.08171453846153846 0.54974021875 0.06712801201923077
2 0.8314821850961539 0.4746524567307692 0.7759656057692308 0.3608429423076923 0.7044086899038462 0.37679850721153846 0.6631342596153846 0.4571029423076923 0.6620053149038461 0.46083489663461535 0.6945751298076923 0.530886076923077 0.7685933822115385 0.5612041346153845 0.8244009951923077 0.5471823413461538 0.8314821850961539 0.4746524567307692
0 0.6973465697115385 0.3106645048076923 0.7526406538461539 0.29620716586538465 0.8312636418269231 0.23963377884615383 0.8328589711538462 0.1967992572115385 0.8145283990384615 0.16834326923076923 0.7701889735576923 0.1789109807692308 0.7236853701923077 0.19058687740384617 0.6840386875 0.20228049759615382 0.6506295673076923 0.21831456490384615 0.6250045240384616 0.23255040865384616 0.6474077115384615 0.24771474999999998 0.659242125 0.2419978028846154 0.6677482355769231 0.25544708173076924 0.6797372620192307 0.27871574278846156 0.6973465697115385 0.3106645048076923
1 0.835915375 0.30056198076923074 0.8412860024038462 0.29990255048076925 0.8532261129807692 0.2911122716346154 0.8528414182692308 0.27898686298076925 0.8456032379807692 0.26443628365384614 0.8328606370192309 0.2578857836538461 0.8135825240384615 0.2513124759615385 0.7881640360576923 0.24793452163461538 0.7613038028846154 0.25042447115384614 0.7340811778846154 0.26757296875000003 0.7400340649038462 0.2806480264423077 0.7506486250000001 0.28747701201923076 0.749597858173077 0.29652919471153844 0.7433740336538462 0.3078498870192308 0.7212975961538461 0.3316907307692307 0.7253158533653846 0.3466194735576923 0.7684238413461538 0.33482752403846155 0.8125968894230768 0.3229048004807692 0.816879795673077 0.32237892548076924 0.8239731899038462 0.3093353221153846 0.835915375 0.30056198076923074
2 0.5853365384615384 0.5420673076923077 0.7331730769230769 0.8245192307692307