0 0.8370984158653846 0.5750531201923077 0.8542398942307692 0.5959549471153847 0.9083841923076924 0.5980184663461539 0.9291661274038462 0.589132110576923 0.9266793677884616 0.5314543942307692 0.9045762620192307 0.4775897067307693 0.8766997596153847 0.4238599543269231 0.8742487139423076 0.4224066610576923 0.8953386009615384 0.38146286778846156 0.91421165625 0.37391242307692313 0.8931615312500001 0.3702628028846154 0.8728734230769231 0.4003699278846154 0.8666027788461539 0.40547071394230766 0.8485051490384615 0.39833015625 0.8462975216346155 0.3832541394230769 0.8494001875 0.37681698076923076 0.8356465480769231 0.38821906971153847 0.8333116875000001 0.40613022596153847 0.830156483173077 0.4309773221153846 0.8266627692307692 0.48400590624999995 0.8260952019230768 0.5296892163461538 0.8370984158653846 0.5750531201923077
0 0.5627266947115385 0.4436478173076923 0.5646268197115385 0.4481476658653846 0.5542168028846154 0.46403828125 0.5404896033653845 0.4923540048076923 0.5415805024038461 0.5060090673076924 0.5497543341346154 0.5266121057692308 0.5613432379807692 0.5354666033653847 0.5747576706730769 0.5349458990384616 0.5798052932692308 0.5235531875 0.5791137548076923 0.49595338461538463 0.5733978918269231 0.4665478125 0.567688329326923 0.4558548846153846 0.5703040769230769 0.4345457668269231 0.5709978125 0.4274773629807692 0.5693772644230769 0.4270967668269231 0.5627266947115385 0.4436478173076923
0 0.4605506875 0.5198299423076923 0.46383556009615384 0.5204704326923077 0.4674385360576923 0.5219690769230769 0.47564581971153846 0.5124753221153846 0.4748964903846154 0.5001450625 0.4717047788461538 0.4965245576923077 0.4708558942307692 0.48861163221153847 0.46300357932692304 0.4800405552884615 0.4615457163461538 0.4803239350961538 0.4521970961538461 0.49665895673076926 0.4537743846153846 0.5132486995192308 0.4605506875 0.5198299423076923
1 0.5150820865384615 0.5020048509615385 0.5096093701923077 0.4945194975961539 0.5008454759615385 0.4801344831730769 0.49563219711538464 0.4785673918269231 0.4974876706730769 0.46052503365384617 0.4962537860576923 0.45798247836538464 0.49551005528846154 0.45951824278846154 0.4935177307692307 0.46466251442307693 0.4924974879807692 0.47082952403846157 0.4920671346153846 0.47786917307692306 0.4917229375 0.4791253269230769 0.4881890432692308 0.4823926971153846 0.48614146874999997 0.48716624999999997 0.4880426394230769 0.5030871923076923 0.49187511057692307 0.5067177788461539 0.49987855288461536 0.506553266826923 0.5090334038461538 0.5069502956730769 0.5150820865384615 0.5020048509615385
1 0.41816700961538467 0.47760387259615383 0.4164666057692308 0.48511477884615384 0.41657299038461537 0.49059157932692304 0.41837049278846156 0.49490942788461534 0.4299227139423077 0.4989916177884615 0.4311347115384615 0.4953677860576923 0.42907531971153845 0.4847731322115385 0.4248968149038461 0.47797863221153847 0.4241396033653846 0.46924009615384615 0.4219939663461538 0.4679742644230769 0.42214202884615387 0.4670928125 0.4198186418269231 0.47304191346153845 0.41816700961538467 0.47760387259615383
1 0.6551470865384614 0.4861778317307692 0.6501903557692308 0.48714132211538463 0.6287217860576924 0.4649938004807692 0.6529497860576924 0.49692674278846155 0.663783141826923 0.5085534302884616 0.670231625 0.4843900673076923 0.6691599014423077 0.4788765216346154 0.6610192548076923 0.46787079567307693 0.6551470865384614 0.4861778317307692
2 0.6367563846153845 0.5559692067307692 0.6457679975961538 0.49094040865384614 0.6441237235576923 0.4882756778846154 0.6413640288461538 0.49327740865384617 0.6338155432692307 0.4947446850961539 0.6269121802884615 0.5514203822115384 0.6133767427884615 0.5490700144230769 0.6140353485576923 0.6311573677884615 0.6144094014423077 0.633081704326923 0.6338423052884615 0.6427675456730769 0.6444695673076922 0.5649487860576923 0.6367563846153845 0.5559692067307692
0 0.4327394110576923 0.48987252644230767 0.4365723197115384 0.4840787788461538 0.4332614423076923 0.4820072644230769 0.4311104591346154 0.47699520913461535 0.4338387211538462 0.4745127235576923 0.43100714182692307 0.4719665865384615 0.42172594471153846 0.46910341826923074 0.4169716490384615 0.4925560096153846 0.43168283173076927 0.4978416923076923 0.4336282235576923 0.4959152740384616 0.4327394110576923 0.48987252644230767
1 0.6700199951923077 0.48546338221153845 0.6788554278846154 0.4883683197115385 0.6898291466346154 0.48731230288461536 0.6929488846153846 0.48277911538461543 0.6888070697115385 0.46830345192307693 0.6865991778846153 0.45556111057692306 0.6817850793269231 0.45544225721153847 0.6718156682692308 0.45630305769230767 0.6643231322115385 0.45883651682692306 0.6609344110576922 0.4619859110576923 0.6610646995192307 0.4626561850961538 0.6589556586538462 0.4655568365384615 0.6700199951923077 0.48546338221153845
2 0.3416130360576923 0.5506006730769231 0.34076747596153845 0.5532557307692307 0.33600258413461537 0.5698216995192308 0.3414625168269231 0.57603053125 0.3423955480769231 0.5808305600961539 0.3443616923076923 0.5813459278846154 0.34652571875 0.5811496706730769 0.34849878125 0.5755603701923077 0.34667816105769234 0.5731991778846154 0.35684099038461536 0.5739388076923077 0.36053459134615384 0.5797953822115385 0.3625725336538462 0.5789504735576924 0.3667991129807693 0.561344766826923 0.36287890865384614 0.5525927692307693 0.3534161153846154 0.5510439086538461 0.3416130360576923 0.5506006730769231
1 0.32839176682692306 0.5135438942307693 0.33690103846153846 0.5179707475961538 0.3417828245192308 0.5048600504807692 0.3401058894230769 0.4962329759615385 0.3311054951923077 0.4893660168269231 0.32581542548076925 0.500289766826923 0.32839176682692306 0.5135438942307693
1 0.024516834134615383 0.6742727019230769 0.024571086538461538 0.6653846514423076 0.02193818269230769 0.6426723870192308 0.013999891826923076 0.5995848725961539 0.013012132211538461 0.6105025697115385 0.012763302884615385 0.6138060216346154 0.024516834134615383 0.6742727019230769