0 0.4993143509615384 0.4651533894230769 0.4935556370192308 0.47154459375 0.4926074423076923 0.4799994591346154 0.49236104326923075 0.4889527764423077 0.48248228365384616 0.5003013990384615 0.4749662283653846 0.5276843221153846 0.4780135841346154 0.5449667307692307 0.48789382451923075 0.5569627043269231 0.5004490793269231 0.5581585192307692 0.49661945432692306 0.5541299711538461 0.4942470600961538 0.5465094927884615 0.4942122692307693 0.5346440961538461 0.5035771466346154 0.5226394447115384 0.49981564663461536 0.49838990384615384 0.5079655384615385 0.4938916466346154 0.5180946995192308 0.48904438942307693 0.5140643389423076 0.48208957451923073 0.5019623197115385 0.48882774999999995 0.49709244230769234 0.4916028100961538 0.4953181923076923 0.4742950192307692 0.4986668894230769 0.46872697355769233 0.4993143509615384 0.4651533894230769
0 0.5828474471153846 0.5759588533653847 0.5792924831730769 0.5741466754807693 0.5810395048076923 0.5932760841346154 0.5765567692307692 0.5892133701923077 0.5648947115384615 0.5904484038461538 0.5593572524038462 0.6019523918269231 0.5630450456730769 0.6320884735576923 0.566400079326923 0.638789048076923 0.5734908100961539 0.654537201923077 0.5859828052884615 0.6580089711538462 0.5903603798076923 0.6491485144230769 0.5915002115384616 0.6035768774038461 0.5828474471153846 0.5759588533653847
0 0.5266985384615385 0.5621163581730769 0.5069278942307692 0.5499230745192307 0.5054500384615385 0.5453056322115384 0.5020139783653846 0.5664689134615385 0.5112444254807692 0.62258128125 0.5233651875 0.6375918317307693 0.5350503028846154 0.6169152740384616 0.5296110288461539 0.5860676201923076 0.5266985384615385 0.5621163581730769
2 0.20765661778846153 0.3382835504807692 0.18521777403846154 0.30154839663461536 0.17911629326923076 0.31220609615384615 0.1918616826923077 0.3482612283653846 0.18184918509615383 0.35480518028846153 0.1942594375 0.398087125 0.22139067307692306 0.3981065216346154 0.22112963701923077 0.3694319038461539 0.20765661778846153 0.3382835504807692
2 0.4965045721153846 0.29499244951923076 0.5067214951923077 0.3192485697115384 0.52832325 0.3380627043269231 0.5521944375 0.32561567067307695 0.5493379278846153 0.29388951201923075 0.5328797163461538 0.2782749375 0.5225803124999999 0.2821566947115385 0.4965045721153846 0.29499244951923076
0 0.7968383653846154 0.3467638125 0.7927264447115385 0.3375585793269231 0.7898031370192308 0.3334946610576923 0.7850290576923077 0.33144946394230773 0.7825195264423077 0.32982626682692306 0.7806602403846153 0.3317967115384616 0.7862451298076922 0.3399458052884615 0.7874705168269232 0.35630508173076925 0.7880973317307693 0.35826025480769236 0.7909482836538462 0.3619138365384615 0.792459375 0.36577878365384614 0.7937692620192307 0.37010230048076925 0.7937478004807693 0.3746854591346154 0.7927727932692308 0.37856567788461537 0.7931537379807693 0.38223169230769233 0.7976469182692308 0.3826838197115385 0.7986083509615385 0.37091652884615384 0.7979956562499999 0.36273688942307697 0.7977172740384616 0.3532539086538462 0.7968383653846154 0.3467638125
2 0.3183632860576923 0.4068163918269231 0.30007641586538464 0.3431919423076923 0.2922758870192308 0.3402617764423077 0.28637829807692305 0.3447362139423077 0.278518875 0.35012899519230767 0.2786990048076923 0.36846450961538463 0.2943857524038461 0.42167141586538465 0.3009109038461538 0.4239553870192308 0.30894074278846156 0.42169331971153845 0.3183632860576923 0.4068163918269231
0 0.7153767572115384 0.8783481778846153 0.7325347740384616 0.8577518942307693 0.7353873341346154 0.839678048076923 0.7323179375000001 0.82434078125 0.7315520865384616 0.8114345576923078 0.7227545408653846 0.7937225600961538 0.7179914182692309 0.7945624278846153 0.7136962956730769 0.7958921971153846 0.7056385697115384 0.8080645673076923 0.7009484879807691 0.8179756418269231 0.7015518461538461 0.8320304711538462 0.6994234110576923 0.8499766370192308 0.7023345721153846 0.8664866466346154 0.7055224519230769 0.8738388918269231 0.7153767572115384 0.8783481778846153
0 0.4618669375 0.4534886538461539 0.4411409206730769 0.45714320913461537 0.43539862980769234 0.4747310769230769 0.43560569230769236 0.49679502884615384 0.4409634759615385 0.5146655625000001 0.4634074663461538 0.5416437524038462 0.47620201442307697 0.5305525192307692 0.47569491826923077 0.51516165625 0.4733570841346154 0.47687318509615384 0.4618669375 0.4534886538461539
0 0.0472333389423077 0.3607965072115385 0.0496368125 0.36614670432692303 0.05379870432692308 0.37337698076923076 0.05829411057692308 0.36462018990384615 0.06202737980769231 0.3570928509615384 0.057463903846153845 0.34485625 0.05322634615384615 0.3304218221153846 0.04913925721153846 0.3264386754807692 0.04655910817307692 0.33231918749999995 0.044075326923076925 0.34288652403846154 0.04337788461538462 0.3553041274038462 0.0472333389423077 0.3607965072115385
1 0.705194875 0.26269943028846154 0.7043644014423076 0.2652351033653846 0.6869615240384616 0.27691491586538464 0.6934087932692308 0.3116913389423077 0.7186914975961538 0.29765147115384616 0.711970608173077 0.2667809206730769 0.7118265985576924 0.2677520552884615 0.6918513052884615 0.21958205528846156 0.6899846754807691 0.21991119230769232 0.705194875 0.26269943028846154
1 0.8022224687499999 0.4679145216346154 0.8161777692307692 0.45813678125 0.8194947572115385 0.44918956730769233 0.812737985576923 0.43467670192307695 0.8087747475961538 0.4181282091346154 0.8074732572115385 0.4146991730769231 0.8045409014423076 0.41782945673076927 0.8036165072115384 0.4185150985576923 0.8033483725961539 0.41699443990384616 0.7986548269230769 0.40420835336538463 0.7971941634615385 0.4018526778846154 0.7951666201923077 0.4022101875 0.7996814134615384 0.41398250000000003 0.8011114567307692 0.42209268269230765 0.7984668197115384 0.42883075721153846 0.7971236826923077 0.4389978629807692 0.7970667019230769 0.4505310096153846 0.8022224687499999 0.4679145216346154
1 0.7268522139423077 0.6605714783653845 0.722767983173077 0.6530288533653846 0.7227077668269231 0.6470414855769231 0.7211713197115385 0.6383278677884616 0.7154795576923078 0.6329601754807693 0.7125809639423076 0.6349645480769232 0.7081739038461539 0.6312369206730769 0.6997294759615384 0.6301126706730769 0.6984867427884616 0.6329450288461539 0.6927540288461539 0.6429652860576923 0.6907617331730769 0.6586724182692307 0.6916421538461539 0.6678999182692308 0.6934755480769231 0.6683232764423077 0.6988943341346154 0.6763772211538461 0.6994689038461538 0.6796357764423077 0.7022803197115385 0.6885227908653846 0.7040089230769231 0.7039720360576923 0.7038579014423078 0.7145013605769232 0.7125759423076924 0.7185888028846155 0.7240305024038461 0.7154242091346154 0.7255285985576924 0.7140401009615385 0.7275431514423077 0.70843353125 0.7291679110576923 0.6879131754807692 0.7276225649038461 0.6649403557692307 0.7268522139423077 0.6605714783653845
1 0.6804538822115384 0.6586482644230769 0.6777394567307693 0.6669665817307693 0.6733713052884615 0.689712826923077 0.6883209038461539 0.7210488028846154 0.6912924302884615 0.72209278125 0.6959144038461538 0.7186645721153847 0.6984892475961538 0.7135067427884615 0.7010053293269232 0.7020875240384614 0.7003600985576923 0.6964521875 0.6987513004807693 0.6873282331730769 0.6903210000000001 0.673110451923077 0.6880559399038462 0.6661928004807692 0.6846877259615384 0.6589470168269231 0.6804538822115384 0.6586482644230769
1 0.13359906490384615 0.32817125240384615 0.12383052403846154 0.3229250961538461 0.12613632451923076 0.3397658389423077 0.12799262019230767 0.3490701466346154 0.13408714423076923 0.3509820649038462 0.14371984615384614 0.35291719711538466 0.14773705048076924 0.3455886706730769 0.14946049278846155 0.3403071995192307 0.14673525240384616 0.33115611298076925 0.14366952163461538 0.32007403125 0.14223258413461537 0.32067583173076925 0.13712056971153846 0.3255592836538461 0.13359906490384615 0.32817125240384615
1 0.3562509423076923 0.42116606009615387 0.35100380528846153 0.4107921586538461 0.3472945817307692 0.40198879086538464 0.34737440625000005 0.3963251610576923 0.3475538677884616 0.3922616778846154 0.3419009879807692 0.3897492379807692 0.3383928413461538 0.38820256971153844 0.33443284375000004 0.38917459134615384 0.33294704326923075 0.3940159519230769 0.3318926274038461 0.39716353605769233 0.32830290865384615 0.4002355144230769 0.32490220432692307 0.4054145264423077 0.32250309134615385 0.40611131971153847 0.3251350985576923 0.4220732451923077 0.32742563461538465 0.43299336057692306 0.3330947764423077 0.43766818028846155 0.34418319471153846 0.4332739783653846 0.36024346634615384 0.42451879567307693 0.3562509423076923 0.42116606009615387
1 0.5982103197115385 0.6710843293269231 0.6047355360576924 0.6695106610576923 0.6102591658653846 0.6655501490384614 0.6144717427884616 0.6588591466346153 0.6149194663461539 0.6486010480769231 0.6090596875000001 0.6330589375 0.5987912764423077 0.6149094350961538 0.5890750697115384 0.5838950673076924 0.5868751923076924 0.5779116610576923 0.58283234375 0.5790725048076923 0.5857716129807693 0.590848858173077 0.5899580961538462 0.6049936370192308 0.5922819158653846 0.6181726826923076 0.5937692091346154 0.6298068509615384 0.5925977163461538 0.6376540048076923 0.58966028125 0.6466836177884615 0.5869921490384615 0.6556408605769231 0.580193375 0.6572627596153846 0.5836480504807692 0.6655634783653847 0.5902089975961539 0.6690855336538462 0.5982103197115385 0.6710843293269231
2 0.43686983173076926 0.21113272115384613 0.4119740625 0.19942003846153847 0.4074191466346154 0.23446895432692308 0.4228462163461538 0.2458353004807692 0.42319096153846153 0.24779043509615384 0.4420367163461538 0.2404355769230769 0.43686983173076926 0.21113272115384613
2 0.23710350000000002 0.3626332163461538 0.23576160096153845 0.36048058894230767 0.23156031249999998 0.34389940625 0.2236364423076923 0.3226734927884615 0.21592307451923076 0.3225900673076923 0.20650371153846156 0.3146193365384615 0.2007195576923077 0.2964008846153846 0.19563535336538462 0.30210073317307695 0.20381196153846154 0.3266419519230769 0.20535196634615385 0.3335879014423077 0.20884372355769232 0.3406874615384616 0.22437016346153846 0.3759535649038461 0.22604294471153846 0.37085524278846155 0.23279567067307694 0.3600329326923077 0.23463553124999997 0.3650096418269231 0.23710350000000002 0.3626332163461538
2 0.621523985576923 0.9169725288461539 0.6348342379807692 0.9342123533653847 0.6458922235576924 0.9308688100961539 0.6459183389423077 0.9336516514423077 0.6506461153846155 0.9419269879807692 0.6454900600961538 0.9232244711538461 0.6606481370192309 0.8848873221153847 0.6721409447115385 0.8415717908653846 0.6628311057692307 0.815214471153846 0.6480538076923076 0.8108266057692308 0.6458612956730769 0.830103125 0.6390644326923076 0.8418042932692308 0.6229027043269231 0.8586410480769231 0.6185381538461538 0.8895001129807691 0.621523985576923 0.9169725288461539
2 0.6400192403846153 0.4222746995192308 0.6580033990384616 0.40984530769230765 0.6563396322115385 0.3909998725961538 0.641055125 0.3720673509615385 0.6288349951923077 0.37051379326923073 0.61130234375 0.3760940625 0.6111086009615385 0.3773477307692307 0.6200237956730769 0.39986723798076923 0.6290292980769231 0.42299301682692303 0.6400192403846153 0.4222746995192308
2 0.71282571875 0.4373362980769231 0.707751795673077 0.4303912764423077 0.7037230673076924 0.42532765625 0.7005660096153845 0.4311356778846154 0.6961815504807691 0.4418390528846154 0.6952461225961539 0.4503663293269231 0.6906743533653846 0.45012716346153847 0.6920235745192307 0.4676592259615384 0.6904004639423077 0.4763326466346154 0.6921880192307692 0.486470375 0.6933891033653846 0.4972341586538462 0.6962840649038462 0.5077241514423076 0.7007715192307693 0.5152952307692308 0.7054718413461539 0.5202155432692307 0.7092281826923077 0.5237343677884615 0.7131436875 0.5261798341346154 0.7143166322115384 0.5249277235576923 0.7114455120192308 0.5165489951923077 0.7086637716346154 0.5086771538461539 0.7061459086538461 0.5023018341346154 0.7061569375 0.49446019711538464 0.70873178125 0.4893023701923077 0.7109184951923078 0.4878715 0.7170709230769231 0.4852187235576923 0.7213208605769231 0.48551463701923075 0.7252755432692308 0.4921343629807692 0.7267166153846154 0.4924029110576923 0.7245715504807693 0.48023763942307696 0.7213496971153847 0.46196559134615384 0.7191654591346153 0.4456260576923077 0.71282571875 0.4373362980769231
2 0.4312857235576923 0.3434757235576923 0.40659539903846154 0.3824234831730769 0.43966591105769226 0.4184786081730769 0.46155147596153845 0.36362427163461536 0.4312857235576923 0.3434757235576923
2 0.37786891346153845 0.15702671634615387 0.36357954807692305 0.1595463173076923 0.3584399302884615 0.1825281466346154 0.3706616706730769 0.19971102644230768 0.39565196874999997 0.1953045625 0.3882009543269231 0.16349257211538462 0.37786891346153845 0.15702671634615387
2 0.8103995552884615 0.5637843966346154 0.8333925649038462 0.5633886322115385 0.832983108173077 0.5197576634615385 0.8158796346153847 0.5191149471153846 0.8103995552884615 0.5637843966346154
1 0.33886316826923074 0.3107929110576923 0.33669079807692304 0.3111759567307692 0.3394077379807693 0.33919354326923074 0.3353193485576923 0.3445186995192308 0.33203554086538467 0.34970198557692306 0.32954360096153845 0.35768241826923075 0.3324526081730769 0.37267464903846154 0.34204782692307695 0.3684690721153846 0.34299270673076926 0.3532203918269231 0.34512153125 0.34948515625000004 0.33886316826923074 0.3107929110576923