1 0.86916028125 0.36561949759615386 0.8627755961538461 0.3725247091346154 0.8718638028846153 0.3686852692307693 0.889138170673077 0.3597152692307692 0.8991247379807692 0.35335052884615387 0.9077377187500001 0.34844371634615384 0.9216548052884614 0.33948262740384616 0.9223924302884616 0.33659630288461534 0.9207221538461539 0.33284480048076925 0.9180836298076923 0.3314616346153846 0.9119188942307692 0.33505272115384616 0.9053320552884615 0.3407689807692308 0.8955003052884615 0.3504878822115384 0.8890022163461538 0.35486686298076925 0.86916028125 0.36561949759615386
1 1 0.4489544831730769 0.9981842572115384 0.44910404326923076 0.9710129807692307 0.4590949567307692 0.9432372499999999 0.46899763701923075 0.9645792451923078 0.4633512451923077 0.9782649326923077 0.46041775961538456 0.9931801850961539 0.4590433533653846 1 0.4566875288461538 1 0.4489544831730769
1 0.4734533581730769 0.19130907211538462 0.4731058149038461 0.1914638076923077 0.4748034014423077 0.19347279807692308 0.5062658581730769 0.18924506490384616 0.5098470745192307 0.18840293269230768 0.5095155168269231 0.19206768028846152 0.5039666850961538 0.19303352403846155 0.49593195913461535 0.19636631009615385 0.5023149254807693 0.19553690624999998 0.5163330625 0.1958220673076923 0.5210177572115385 0.18670204567307694 0.5187610793269231 0.18343732692307693 0.5117758509615384 0.1837825480769231 0.5026458004807692 0.1855905264423077 0.49002538461538464 0.18844469471153846 0.4775708125 0.19073600961538462 0.4734533581730769 0.19130907211538462
2 0.9268892596153846 0.31409326442307695 0.9271084615384615 0.3326910048076923 0.9226152091346154 0.33469152884615383 0.9666484495192308 0.3188129110576923 0.9600000192307692 0.3038802932692308 0.9268892596153846 0.31409326442307695
2 0.8099505096153846 0.3483464014423077 0.7797412788461539 0.36394055048076923 0.7795852956730769 0.37040478125000004 0.7827226610576923 0.3781863293269231 0.7876958942307692 0.3840784302884615 0.8163825024038461 0.3719458076923077 0.8239622403846153 0.3677247211538462 0.8257460552884616 0.36565156009615385 0.8176532548076924 0.34747483173076926 0.8099505096153846 0.3483464014423077
2 0.8151962283653845 0.3830441706730769 0.7818449951923078 0.39746050721153847 0.7755355985576924 0.40226329807692307 0.7760115024038462 0.40961230288461536 0.7806979014423077 0.4161963557692308 0.7838869783653847 0.42102080528846153 0.7878243990384616 0.4203774350961539 0.7970494615384616 0.41737985336538463 0.8110196682692308 0.41161131490384617 0.8320615432692308 0.40201717067307696 0.8328317091346154 0.3990035096153846 0.8331056826923077 0.39487538221153845 0.8288676346153847 0.3814148052884615 0.8239932259615385 0.3806885721153846 0.8151962283653845 0.3830441706730769
0 0.8392316754807693 0.4219965048076923 0.8325023701923077 0.4176385841346154 0.8207863990384615 0.4219896947115384 0.8061268485576923 0.42894913221153846 0.8002396850961537 0.4341657980769231 0.8087133509615385 0.4455148581730769 0.8070724399038463 0.4479757932692308 0.8297017572115385 0.44047729326923074 0.8431543798076924 0.43234366346153846 0.8392316754807693 0.4219965048076923
0 0.7830806177884615 0.2916033533653846 0.7706928389423078 0.2984541298076923 0.7553841153846155 0.30829812980769233 0.7424021682692307 0.3221655841346154 0.7486539735576923 0.327789358173077 0.7672687331730769 0.32657340865384615 0.794157125 0.31527902163461535 0.7982518629807692 0.30536840625 0.7939581586538461 0.29686035576923075 0.78663525 0.29237175240384616 0.7830806177884615 0.2916033533653846
2 0.743856235576923 0.31574407692307693 0.7506281923076923 0.3309541394230769 0.7932672980769231 0.31561877403846156 0.7979143870192308 0.3120262932692308 0.7885496610576923 0.2909927740384615 0.7838750048076922 0.29124966826923077 0.7491358197115384 0.31036533894230767 0.743856235576923 0.31574407692307693
2 0.7333893317307693 0.7542902307692307 0.7278988557692307 0.7491738581730769 0.7164582716346154 0.7555464903846154 0.7101978822115385 0.758521875 0.7064051610576924 0.7624298701923077 0.7087187764423077 0.7643526682692308 0.7122981057692308 0.7625709639423076 0.71952665625 0.7591645264423076 0.7333680625000001 0.75557865625 0.7333893317307693 0.7542902307692307
2 0.7050070552884615 0.14898396394230767 0.7046308774038461 0.14279428365384617 0.7005655600961538 0.14161377884615384 0.6990204759615384 0.1408158485576923 0.6725201923076922 0.15037635817307693 0.6714101490384615 0.15984208653846155 0.7050070552884615 0.14898396394230767
0 0.829465766826923 0.4466950216346154 0.8143752355769232 0.4548243725961539 0.8155326033653847 0.4540833798076923 0.8113114783653846 0.4554925432692307 0.8129400745192308 0.4642279591346154 0.8158136346153846 0.4698135552884616 0.8191373413461539 0.47139948076923077 0.8302306346153846 0.47025968269230767 0.8412958461538461 0.4665180456730769 0.8552768149038462 0.46264434134615384 0.8626843629807692 0.46077570913461535 0.8580341923076923 0.45788074038461535 0.8524013798076923 0.44522923317307694 0.8425071322115384 0.440644125 0.829465766826923 0.4466950216346154
2 0.5704067163461539 0.21171431490384615 0.563019375 0.19839574759615383 0.5598125865384616 0.19613709615384614 0.5485867620192308 0.20205675721153846 0.5383239951923077 0.20846923557692307 0.5357021033653846 0.21240138221153845 0.5367294278846153 0.21470878846153846 0.5375890264423077 0.2166394783653846 0.5449018269230769 0.2101486033653846 0.5431251658653846 0.21925284134615383 0.5438886826923077 0.2193642980769231 0.5537981129807692 0.21863873798076924 0.5704067163461539 0.21171431490384615
1 0.7842922091346154 0.4456483798076923 0.7882785120192307 0.4406385552884616 0.7910778197115385 0.43596913221153843 0.7836328004807692 0.43501440865384616 0.7747595336538461 0.43452631490384613 0.7696932139423077 0.4352397139423077 0.7610723870192307 0.4377237644230769 0.7591887980769231 0.4450512139423077 0.7624832211538461 0.4493773629807692 0.7664643701923077 0.4517050240384615 0.7719680552884616 0.4525084423076923 0.7781758798076923 0.4500830865384616 0.7842922091346154 0.4456483798076923
1 0.7912597668269231 0.5003813846153846 0.7858273774038461 0.5058845841346155 0.7862564230769231 0.5101887163461538 0.7898569326923077 0.5090558701923077 0.7948504110576924 0.5042371009615384 0.7999731923076923 0.507391858173077 0.7916752139423077 0.5122712692307693 0.7987544254807692 0.5122039447115385 0.8050940889423077 0.5096070432692308 0.8085882716346154 0.5040263798076923 0.8072116442307693 0.5034731875 0.7948031225961538 0.4999886971153846 0.7912597668269231 0.5003813846153846