2 0.3331150072115384 0.35118909134615384 0.3775025384615385 0.2894444855769231 0.3527543341346154 0.1508406706730769 0.3287942091346154 0.12822094951923077 0.3083918028846154 0.08138983653846155 0.2705923701923077 0.06109986298076923 0.23884344951923075 0.0563809375 0.1276186081730769 0.04138678846153846 0.03759230288461539 0.058032733173076924 0.016382935096153847 0.4627315841346154 0.022735822115384614 0.47222962740384616 0.13443967067307694 0.47808377644230765 0.1754785889423077 0.48023453605769234 0.24250167548076923 0.4227100288461539 0.3331150072115384 0.35118909134615384
0 0.9722825168269231 0.2261216778846154 0.9800730000000001 0.22820598557692306 0.9870212403846155 0.22422094711538462 0.9890850288461538 0.2230561730769231 0.9924145456730769 0.21775706490384616 0.9939984086538461 0.21361818269230767 0.9936084495192308 0.21317343509615386 0.98483890625 0.2215819278846154 0.9660394807692309 0.2166506057692308 0.9665623990384616 0.2206240985576923 0.9722825168269231 0.2261216778846154
2 0.9008298173076923 0.49646025000000005 0.9073775336538462 0.48040380769230767 0.8882268341346153 0.4751994903846154 0.8852538557692308 0.4773349567307692 0.892665201923077 0.4887766538461538 0.8845364543269232 0.49102379807692303 0.8838519591346153 0.4986255096153846 0.8814366778846154 0.5064971802884616 0.8821130168269231 0.5099695408653846 0.8913551706730769 0.508162625 0.892340889423077 0.4975428798076923 0.9005973245192307 0.5063557091346154 0.9008298173076923 0.49646025000000005
2 0.8978405264423077 0.3299739423076923 0.8972617283653845 0.3410181081730769 0.9010079014423076 0.3511220841346154 0.9087914495192309 0.3500024855769231 0.9174280625000001 0.3432206201923077 0.9194065072115385 0.3273065913461538 0.9190812692307693 0.32805330528846155 0.9166072548076923 0.3206679423076923 0.8978405264423077 0.3299739423076923
0 0.9639936274038461 0.5868814302884615 0.9689255552884616 0.5819421009615385 0.9685025576923076 0.5751521826923077 0.9661575721153847 0.5677311514423077 0.9546806466346154 0.5635018173076923 0.9419380264423077 0.5685621947115385 0.941133704326923 0.5763273509615384 0.9414638894230769 0.5851915264423077 0.9525711442307692 0.5888923125 0.9639936274038461 0.5868814302884615
2 0.8943745408653846 0.7039491346153847 0.8548573413461539 0.7018781274038461 0.8449195432692308 0.7401604879807693 0.9002563028846153 0.7430605625000001 0.8943745408653846 0.7039491346153847
2 0.8371547115384614 0.7849001658653846 0.8888103485576924 0.7925293245192309 0.8935775024038463 0.7983164086538461 0.8928068774038462 0.8130208076923077 0.9024444447115385 0.8135258894230769 0.9048418653846154 0.7853712500000001 0.8963166057692308 0.7812329615384616 0.8958890745192308 0.7805953052884615 0.8432712884615385 0.7649386899038462 0.8340560168269231 0.7736632716346155 0.8332747764423077 0.7797748269230769 0.8371547115384614 0.7849001658653846
2 0.9081087932692308 0.43824446875 0.9116123269230769 0.4408466514423077 0.943885701923077 0.4437473125 0.9446150384615385 0.4183056995192308 0.9130083221153846 0.4142094783653846 0.9086485240384616 0.41642077403846156 0.9080251081730769 0.41679119711538465 0.909942608173077 0.42054075721153844 0.9122835817307693 0.4222758221153846 0.9115440048076924 0.43638781009615385 0.9081087932692308 0.43824446875
2 0.9069233341346153 0.44842943509615385 0.908796860576923 0.45028851201923076 0.9082083149038461 0.46788775961538465 0.9031939735576924 0.46894033173076927 0.9084491586538461 0.46966127163461535 0.9085979735576923 0.4731908461538462 0.9078856514423077 0.47404456490384617 0.9415368966346154 0.4749171009615385 0.9425168533653847 0.4498492860576923 0.9076430913461538 0.4471305793269231 0.9069233341346153 0.44842943509615385
2 0.8982541754807692 0.5231628918269231 0.8868001634615384 0.5212260360576922 0.8878079399038461 0.5459737115384615 0.8919724639423077 0.5483983774038461 0.8930511586538461 0.553292048076923 0.8934937115384615 0.5572825432692308 0.9007377403846154 0.5576621875 0.902431733173077 0.5568811298076923 0.9056265528846155 0.5526357331730769 0.9193959591346155 0.5546727211538461 0.9264576754807692 0.54579284375 0.9269831153846154 0.5233319350961538 0.9059929663461539 0.520471 0.8982541754807692 0.5231628918269231
1 0.9321149182692309 0.28407770673076926 0.9316891346153846 0.2922021514423077 0.9321983557692307 0.3073555024038461 0.9370605072115384 0.3058706442307692 0.9473032860576923 0.2936144903846154 0.946981420673077 0.29126391346153846 0.9466754038461538 0.2889141706730769 0.9321149182692309 0.28407770673076926
1 0.9693360649038462 0.3251073653846154 0.9776685528846154 0.31563640625 0.9800293774038462 0.3097137115384615 0.9811552403846153 0.30400209375 0.9775152908653847 0.2988469014423077 0.9742945649038461 0.3011603269230769 0.9613152524038462 0.30103171153846153 0.9578712211538462 0.3000238125 0.9525960432692308 0.29452833653846155 0.9458314903846153 0.29773802884615386 0.9445416971153846 0.30263486298076925 0.952494298076923 0.30799485817307687 0.9568072788461539 0.3084966923076923 0.958393889423077 0.3058218245192308 0.9622356418269231 0.3071263701923077 0.9672951153846154 0.30490931009615385 0.9783621682692308 0.3060409158653846 0.9786734014423076 0.3079878365384615 0.9717977908653845 0.31725934375 0.9646920673076923 0.3190933653846154 0.9558196706730769 0.3194557860576923 0.9553456153846154 0.31667292548076925 0.9514750336538461 0.3159184735576923 0.9488772884615385 0.3102875120192307 0.9422557692307693 0.3107678990384616 0.9404113269230769 0.3065342091346154 0.942999439903846 0.3044634326923077 0.933410766826923 0.31030435096153847 0.9372977908653847 0.32287670673076924 0.9443914062500001 0.3367415360576923 0.9440519375 0.34716177884615385 0.9481300216346155 0.3482029086538461 0.957462576923077 0.3390601610576923 0.9637861658653846 0.33637896634615383 0.9645244639423077 0.3262342091346154 0.9693360649038462 0.3251073653846154