2 0 0.5613922764423077 0.01191134375 0.6091660673076923 0.07408029086538462 0.5936656081730769 0.11724344711538462 0.5829038245192307 0.16841706009615384 0.5021384927884616 0.23958070432692308 0.39941705769230773 0.26598688221153843 0.32144671634615385 0.19649900721153848 0.18578732451923077 0.16453679326923076 0.16995300721153847 0.12859434375 0.12792745432692307 0.08304342067307692 0.11888504567307692 0.04868418509615385 0.12404790384615386 0 0.13203932932692308 0 0.5613922764423077
0 0.8616455264423077 0.06764900721153846 0.8703697307692307 0.06734121394230769 0.8763010745192308 0.061016588942307694 0.8780687956730768 0.05915757211538461 0.8798382163461539 0.05261782211538461 0.8801678004807693 0.04783169951923077 0.8796233629807693 0.047494682692307694 0.8732067091346154 0.0589751875 0.8521852307692307 0.059819776442307696 0.8539841850961539 0.06376790144230769 0.8616455264423077 0.06764900721153846
2 0.87324378125 0.37013562019230767 0.8749398197115384 0.35144063221153843 0.8534683076923077 0.3521137716346154 0.8510666490384615 0.35526547115384616 0.8623600649038461 0.36476506490384614 0.8546566370192308 0.36966412499999995 0.8563540649038461 0.3777505600961539 0.8563452740384616 0.38666425 0.8581444302884615 0.39004501442307693 0.8671397668269231 0.38524933173076925 0.8647989230769231 0.37394309134615383 0.8761351009615385 0.3804536466346154 0.87324378125 0.37013562019230767
2 0.8174551514423077 0.1987239375 0.8203515576923077 0.21034078125000003 0.827427485576923 0.21961546634615384 0.8351304495192308 0.21599297115384616 0.8419243341346154 0.20623853125000002 0.8389354567307692 0.18913710817307694 0.8388351177884614 0.19001309134615385 0.8339365576923077 0.1831502692307692 0.8174551514423077 0.1987239375
0 0.9672483173076922 0.4437549879807693 0.9707903870192307 0.4370805576923077 0.9682034471153845 0.43018505528846157 0.9634271634615386 0.42324447115384617 0.9502079350961539 0.42249830769230773 0.9386187524038461 0.4317700552884615 0.9402438701923077 0.4400636274038462 0.9433912524038461 0.44913591105769235 0.9560605192307693 0.4494518822115384 0.9672483173076922 0.4437549879807693
2 0.9322332716346153 0.5869850240384615 0.8906706057692308 0.5973477596153847 0.8924999158653846 0.6401254302884615 0.9507009879807692 0.6256142740384616 0.9322332716346153 0.5869850240384615
2 0.8986224134615385 0.6889004326923077 0.9545096802884616 0.6804501706730769 0.9612761682692308 0.68493259375 0.9651324903846153 0.7003994615384616 0.9752689134615384 0.6978721682692307 0.9688395024038462 0.66796584375 0.9587045721153846 0.666379766826923 0.9580601802884616 0.6658549326923077 0.8986361754807692 0.6662991418269232 0.8918581634615385 0.6782479495192307 0.892983795673077 0.6848222980769231 0.8986224134615385 0.6889004326923077
2 0.8623530480769231 0.30756303125 0.8668034254807692 0.3091481490384615 0.9011300649038462 0.30193691826923075 0.8938325889423078 0.27536723557692305 0.8598176538461538 0.28112974759615383 0.8560043942307692 0.28479886298076923 0.8554762908653846 0.2853796538461538 0.8586480048076923 0.28865457932692307 0.8616204807692308 0.2897099423076923 0.8653214423076924 0.3045536850961538 0.8623530480769231 0.30756303125
2 0.8643495120192307 0.318482375 0.8668773485576923 0.3198140625 0.8718383966346154 0.3382202524038461 0.866980829326923 0.3408969302884615 0.8726490432692308 0.3399800841346154 0.8739202283653846 0.3435870360576923 0.8734530600961539 0.3446963076923077 0.9085641225961538 0.33494934375 0.9016443918269231 0.30868731971153845 0.8646834879807692 0.31690991586538464 0.8643495120192307 0.318482375
2 0.8790291370192308 0.3985951466346154 0.8665592115384615 0.4002150600961538 0.8754352620192307 0.42551655769230773 0.8805136971153846 0.42670870913461534 0.88317921875 0.4314335673076923 0.8849003605769231 0.43542473076923077 0.8925193509615384 0.4335251033653846 0.8940257163461538 0.4321803677884616 0.8959892115384616 0.426774125 0.9108876634615384 0.42452507451923077 0.9153872211538462 0.4130970745192308 0.9088220913461539 0.3896777403846154 0.8861881274038462 0.3933590721153846 0.8790291370192308 0.3985951466346154
1 0.8384086009615385 0.14036159615384616 0.8405392908653847 0.14890731971153845 0.8458625745192307 0.16443391826923076 0.8504257788461539 0.16135787259615386 0.8571496658653845 0.14542775 0.8560725048076924 0.14309614423076925 0.855012014423077 0.14076038221153847 0.8384086009615385 0.14036159615384616
1 0.8899251658653846 0.17105813701923075 0.8955531105769231 0.15861601923076923 0.8961223966346155 0.1517372716346154 0.8954800889423077 0.14546790144230767 0.8900804495192307 0.14128290625 0.8874786538461539 0.14469724278846152 0.8740021033653846 0.14867191346153846 0.8701179182692308 0.14871846875 0.8629178365384615 0.14469872115384616 0.856931235576923 0.15016252163461538 0.8571459615384616 0.15564025721153846 0.867074764423077 0.1586723653846154 0.8716982836538462 0.15782688701923078 0.8724940865384615 0.15455554086538464 0.8768838701923076 0.15469021634615385 0.8814195889423077 0.15079369951923077 0.8932340769230769 0.14846260096153846 0.8941724711538461 0.15037968509615385 0.8899895240384615 0.16215422836538462 0.88321434375 0.1663018173076923 0.8741445769230769 0.16948504326923078 0.8727730528846155 0.1667540721153846 0.8685275384615385 0.1671980096153846 0.8640561730769231 0.162190625 0.857353798076923 0.16478359375 0.8541044807692307 0.16098434134615386 0.8561282115384615 0.15802142548076922 0.8480509639423077 0.16710305048076923 0.8560539567307692 0.17888859134615384 0.8677854086538462 0.19099733173076924 0.8707320841346153 0.20189250240384615 0.8752831370192309 0.20167967788461538 0.8820502067307692 0.18926083894230766 0.8877476057692307 0.18448373317307692 0.8853009759615384 0.1737475408653846 0.8899251658653846 0.17105813701923075