1 0.5103223533653846 0.6294600817307692 0.4715068581730769 0.633873545673077 0.4435449014423077 0.6362251105769231 0.43327329086538463 0.6437313245192308 0.4179806394230769 0.6478038100961538 0.40478839903846153 0.6520600576923077 0.3995146586538461 0.6636104735576923 0.3989990144230769 0.68160009375 0.40258909374999996 0.7017353725961539 0.42591094230769233 0.715787579326923 0.4461038701923077 0.7289705552884616 0.4595116899038461 0.7343460192307693 0.5129776129807693 0.7456420865384616 0.5368209182692307 0.7537340120192308 0.5485980817307692 0.7535563942307693 0.577597141826923 0.7272549278846154 0.58669225 0.6962176490384615 0.57739015625 0.6929878461538461 0.5646689711538462 0.6552269567307692 0.5500687668269231 0.6389433509615384 0.5293026802884616 0.6323116201923077 0.5103223533653846 0.6294600817307692
0 0.4101162908653846 0.07208012740384616 0.41707728125000004 0.07684052644230768 0.44069060096153845 0.08790677403846153 0.4552138076923077 0.09055551682692307 0.46304423076923074 0.09263572836538461 0.4752566177884615 0.09370417307692308 0.4990523774038461 0.08886137740384616 0.5098549495192308 0.08461724278846153 0.5222785793269231 0.08327118269230768 0.5379120072115385 0.08048753846153846 0.5401323485576923 0.076190125 0.5415139134615384 0.06731064663461538 0.5437948221153847 0.06232095913461539 0.5442763942307692 0.0568165625 0.5375561923076924 0.049303966346153846 0.5321552259615385 0.04779359615384615 0.5311347524038461 0.04528834134615385 0.52138284375 0.0444351610576923 0.5154714134615385 0.04150200480769231 0.5101014735576923 0.03963705528846154 0.5034991634615384 0.04494623798076923 0.47760447596153843 0.03852935576923077 0.46548265865384614 0.03677126201923077 0.4501491105769231 0.036127322115384615 0.4421374495192308 0.03646424038461538 0.43967696875 0.03624897596153846 0.4152205264423077 0.041731538461538466 0.40465864423076925 0.04979083173076923 0.4072370216346154 0.06282787259615384 0.4101162908653846 0.07208012740384616
0 0.7884942427884615 0.7275522067307693 0.7346344567307692 0.7145373076923077 0.6237020408653847 0.6910166923076922 0.6409501418269231 0.7295649567307693 0.7260947764423077 0.7558145024038462 0.7887950312500001 0.7579823557692307 0.7884942427884615 0.7275522067307693
0 0.22380581009615386 0.07932730288461538 0.2179414639423077 0.08345903125000001 0.21399868990384616 0.09085540865384616 0.21273567067307694 0.10529179086538462 0.21947664663461539 0.12258919471153845 0.232404 0.13207401201923077 0.24237933413461538 0.13728528365384615 0.25351954086538464 0.14196895673076923 0.25673893990384616 0.1431863798076923 0.2657418966346154 0.1470705673076923 0.2700927475961538 0.14745121875 0.2856911802884615 0.14541312259615385 0.29295537740384614 0.13150177644230768 0.29433102884615386 0.12821935336538462 0.29457329326923076 0.12545026923076924 0.29957310096153844 0.11875887259615385 0.30027182451923073 0.11077243028846154 0.29732321875 0.1068054326923077 0.2973681850961538 0.0935045 0.27506265865384616 0.08442419711538461 0.2610309014423077 0.0813420625 0.23772733173076924 0.07744875 0.22380581009615386 0.07932730288461538
0 0.5942176634615385 0.5663114014423077 0.5949976322115385 0.5573963052884615 0.5800320024038462 0.5459807283653846 0.5852617043269231 0.5318233317307692 0.54724334375 0.5554641802884616 0.5586671682692308 0.5845535769230769 0.5701895120192307 0.5900533197115384 0.5942176634615385 0.5663114014423077
0 0.8061161658653847 0.4024101177884616 0.8369722572115385 0.41363363942307696 0.8711682307692308 0.42089588461538463 0.8789026394230769 0.4019555360576923 0.9044475120192307 0.3871425 0.9242380072115384 0.3513583028846154 0.9284031971153847 0.3210296442307692 0.9489301634615385 0.3117324615384615 0.9323468052884615 0.2932336826923077 0.9119990408653845 0.30082813942307696 0.8766420697115385 0.28921084375 0.8237163413461539 0.2879832211538461 0.7583874783653847 0.2899409543269231 0.6897863221153847 0.2771165576923077 0.6407438966346154 0.3009668846153846 0.6321955432692307 0.3292106778846154 0.6353186394230769 0.3456981586538461 0.6344308341346154 0.3558458365384615 0.6678867235576923 0.3715672956730769 0.7272345360576923 0.38613421153846156 0.8061161658653847 0.4024101177884616
0 0.2920577403846154 0.30695560576923075 0.30223923557692306 0.3225974158653846 0.3263040264423077 0.33472399999999997 0.36208809615384613 0.3449154663461539 0.3904773341346154 0.35565093990384616 0.4092009951923077 0.357289048076923 0.42262543509615386 0.3472683942307692 0.4415027283653846 0.3471504975961538 0.44595430769230765 0.3322104399038462 0.4662380024038461 0.30392148076923076 0.46191706730769233 0.29352226201923076 0.44582663221153845 0.2856322355769231 0.41078698557692306 0.2790277740384615 0.36738401201923077 0.2722871033653846 0.33395387740384613 0.27113179086538464 0.3253866947115384 0.2733256610576923 0.31042466105769234 0.2767295048076923 0.30633407692307696 0.2757931514423077 0.29354234375 0.2899865264423077 0.2920577403846154 0.30695560576923075
0 0.4850881610576923 0.2550393870192308 0.4673707572115384 0.26643688701923074 0.45423280048076925 0.2852787908653846 0.4642567860576923 0.30202974278846156 0.48683513221153846 0.3187050961538462 0.4976760192307692 0.3261188317307692 0.5745329471153846 0.3316689831730769 0.5831654134615385 0.29244157211538463 0.5907574615384615 0.2537016057692308 0.4850881610576923 0.2550393870192308
0 0.6433324759615384 0.13348738701923077 0.670785625 0.14420902163461538 0.7102389014423077 0.15877081009615385 0.7197194615384616 0.16307108653846153 0.7029589302884616 0.1289720793269231 0.7002022740384616 0.11831839663461538 0.7192291298076923 0.11234379326923076 0.7286185649038461 0.11803123557692308 0.7394504975961538 0.12105460096153846 0.756100795673077 0.12807485817307693 0.792979110576923 0.12990615384615384 0.8865337019230769 0.1464279278846154 0.8898500504807692 0.10852187740384614 0.8847292091346154 0.08238287980769231 0.8523260192307693 0.07190872836538462 0.7876641201923077 0.06347827884615384 0.6926633365384615 0.06348658413461539 0.6212117956730769 0.07598469711538461 0.6194985072115385 0.08139834615384614 0.6138231490384615 0.08993619711538461 0.6192810745192308 0.09805293990384614 0.6213205504807693 0.10308033413461538 0.6292337836538462 0.12529522836538462 0.6433324759615384 0.13348738701923077
0 0.6764444711538461 0.44758547355769235 0.6543118653846154 0.4576098918269231 0.6137240841346154 0.46707455048076923 0.610825235576923 0.4787817043269231 0.6162523245192308 0.49070686538461533 0.6160706274038461 0.49278367788461536 0.6382150504807692 0.4936832139423077 0.6579766346153846 0.48967844471153843 0.6764761298076922 0.48973166346153846 0.687442485576923 0.49121852884615386 0.6954680841346155 0.4945238004807692 0.6996970625000001 0.49906219471153845 0.6358204831730769 0.5210532427884615 0.6167803269230769 0.5271798076923078 0.6415193774038461 0.529871625 0.694497639423077 0.5266972451923077 0.7155459711538461 0.5290661658653846 0.7228530913461538 0.5302158725961539 0.7122455216346153 0.4824655913461538 0.7270123798076923 0.4723071706730769 0.7365718798076923 0.4684476826923077 0.8164618004807692 0.4749267307692308 0.8302344951923076 0.4761316850961539 0.840722235576923 0.47755965865384614 0.8326009951923077 0.44355294951923074 0.8269020985576923 0.43473456730769233 0.8195964543269232 0.4335679735576923 0.8072340384615385 0.4324864014423077 0.751062875 0.4296477596153846 0.7290646971153846 0.43813567067307696 0.6972706658653846 0.44212558413461533 0.6764444711538461 0.44758547355769235
0 0.6002316394230769 0.006859213942307692 0.5502761850961538 0.045261612980769236 0.552178454326923 0.08849020673076922 0.7590423125 0.05712905528846154 0.7774286177884615 0.04119632211538461 0.7593858774038461 0.020783403846153847 0.6002316394230769 0.006859213942307692
0 0.4096514326923077 0.4416493245192308 0.44671938461538463 0.44615137740384614 0.4747278701923077 0.45156221875 0.48710478125 0.4555884639423077 0.5019576850961539 0.4568879254807693 0.51231534375 0.4497805576923077 0.5234342259615384 0.43431791105769235 0.5187194350961538 0.4111408269230769 0.5140848701923078 0.4039808389423077 0.49226617548076923 0.3965934759615385 0.4508366634615385 0.3904508076923077 0.4216323725961538 0.39041381971153843 0.4202233870192308 0.3978787475961539 0.41484919711538465 0.3995182884615385 0.3887302451923077 0.3980838701923077 0.3839968870192308 0.40103850721153844 0.3655214927884615 0.4065849711538462 0.36818010096153847 0.4190505576923077 0.3763960721153846 0.42778290865384616 0.4096514326923077 0.4416493245192308
0 0.26082017307692307 0.6183842524038461 0.28116525480769233 0.62429859375 0.29622838221153847 0.6345997836538462 0.3175023533653846 0.6440662259615385 0.35932997596153843 0.6428937235576923 0.3751723389423077 0.6304644663461538 0.3836034399038461 0.6042520817307693 0.39428552884615387 0.5941276105769231 0.36118814182692305 0.5794923774038462 0.2870745745192308 0.5847478677884616 0.2667602331730769 0.5926515 0.2616001442307692 0.60946915625 0.26082017307692307 0.6183842524038461
2 0.5781293798076923 0.8099890264423077 0.5580078149038461 0.8129244519230769 0.5452278990384616 0.8159237163461538 0.5303992788461538 0.8181482572115384 0.5212707548076924 0.826758298076923 0.5149353581730769 0.8397300721153846 0.5163927187499999 0.8469183389423077 0.5310966033653846 0.8699655336538462 0.5596320841346154 0.8900884615384614 0.7334074951923076 0.8982480865384616 0.7410263990384615 0.8947972932692309 0.7483897451923076 0.8942675432692307 0.7553970841346154 0.8978069975961538 0.7628106586538461 0.8967031682692308 0.7654424038461538 0.8904681346153847 0.7498196899038461 0.8779231971153846 0.7530148125 0.8534985576923078 0.7617041442307693 0.8495629399038461 0.7612452884615385 0.843057514423077 0.6919053365384615 0.835221610576923 0.6504874567307692 0.8310195432692308 0.5953651153846153 0.8161927932692308 0.5781293798076923 0.8099890264423077
0 0.5258561947115384 0.48577565865384614 0.5260984591346154 0.4830065769230769 0.4871515865384615 0.4768259014423077 0.5370857788461538 0.47008450240384614 0.5265551995192308 0.4636166658653846 0.5153933870192308 0.4640182620192308 0.45204564903846156 0.46890556971153846 0.4215607980769231 0.46484335096153845 0.4083237788461539 0.4747953341346154 0.38992445673076925 0.48776651201923077 0.39489933413461537 0.5014045408653847 0.40356640865384613 0.5153485817307693 0.44347272836538465 0.5243864615384616 0.5225952379807692 0.536872326923077 0.5249469663461539 0.5099919543269231 0.5276839663461538 0.49287723798076927 0.5051175240384616 0.49714703125 0.5258561947115384 0.48577565865384614
2 0.6523122620192308 0.13798204567307693 0.6285307235576922 0.12123545432692308 0.6207368629807692 0.11735496634615385 0.60715371875 0.11432909615384615 0.5967314326923077 0.11249851201923076 0.590438233173077 0.11012744230769231 0.5803350288461538 0.10464977644230769 0.5625660216346154 0.09348233653846154 0.5533512692307693 0.08718066105769232 0.5427694471153847 0.08717362259615384 0.5362538317307692 0.0966758076923077 0.5300796370192308 0.11126098798076924 0.5275050384615384 0.12202671634615385 0.5358697475961539 0.1287133966346154 0.5855456947115385 0.16604942307692308 0.6083051899038462 0.17581597115384615 0.6303028076923076 0.18461412740384614 0.662990548076923 0.19252706249999998 0.6654609086538461 0.19228381490384613 0.6778470552884616 0.18099836057692306 0.6993542500000001 0.1677546418269231 0.7268795048076923 0.16970341346153847 0.7350154350961537 0.16034299038461539 0.7135202500000001 0.15478740384615383 0.6958764326923077 0.15186564423076923 0.6814816514423078 0.1487857764423077 0.6523122620192308 0.13798204567307693
0 0.6682692307692307 0.4014423076923077 0.5625 0.6730769230769231