0 0.3792771971153846 0.9433379278846155 0.38142719951923076 0.9207479495192307 0.393267125 0.9091097716346154 0.40656260336538463 0.8955157620192308 0.4117409519230769 0.87326915625 0.40646750000000004 0.8116303149038462 0.40818654807692306 0.7726225024038461 0.39511077403846157 0.7644994927884615 0.3649720336538461 0.7607989206730769 0.33795288701923076 0.7814453221153846 0.32740147115384616 0.7975677355769231 0.3201162307692308 0.8369736129807692 0.3130241129807692 0.8698572355769231 0.30739099759615385 0.9007569855769231 0.3025496850961539 0.9252079903846154 0.30359851682692307 0.9416732307692308 0.3066796201923077 0.9464060336538461 0.305698125 0.9593489951923077 0.31505778125000006 0.9810468629807693 0.3224289278846154 0.9819519254807693 0.34568418749999996 0.9577411610576922 0.34850364903846154 0.9646048533653846 0.3545631009615385 0.9751678125 0.37096852644230766 0.9761006370192308 0.37697717548076926 0.9670194567307693 0.3792771971153846 0.9433379278846155
0 0.4350567235576923 0.28443340865384614 0.43379531250000003 0.2914506298076923 0.43005786538461543 0.3088650673076923 0.4240579326923077 0.32816472115384615 0.4200223822115384 0.35126316346153846 0.4212039879807692 0.35140824519230773 0.42705268990384615 0.3692881971153846 0.43104853125000003 0.38910365865384616 0.44131219951923073 0.39394993028846154 0.4567455480769231 0.38938432211538465 0.45917542307692305 0.37610690384615386 0.4615990384615385 0.35636813461538464 0.46341675 0.3415640552884615 0.46614472596153844 0.32260263461538463 0.4665129399038461 0.3033230120192308 0.45485068269230766 0.28043167548076925 0.4470121346153846 0.2787577043269231 0.4350567235576923 0.28443340865384614
0 0.7429730913461537 0.7391050889423076 0.74555409375 0.755986141826923 0.7667049399038461 0.778704872596154 0.7905553677884616 0.7686267860576923 0.7920595048076924 0.7238150576923077 0.7957065288461538 0.6887723245192308 0.8071685600961539 0.6712248389423077 0.811034641826923 0.6397381370192308 0.8131794038461538 0.6222704447115385 0.7988015745192307 0.6039124639423077 0.7840258197115385 0.5997359879807692 0.7703630817307693 0.6134556682692307 0.7607292379807693 0.6323945192307693 0.7540708798076923 0.6540609495192308 0.752799985576923 0.6752219903846155 0.7489373461538461 0.70668065625 0.7429730913461537 0.7391050889423076
0 0.4164111538461538 0.6613547788461538 0.397495875 0.6833377379807692 0.38970026201923075 0.7051491394230769 0.3894458509615385 0.7628362644230768 0.4073910456730769 0.7695933725961539 0.4140130673076923 0.8129552451923078 0.4193212139423077 0.8044995697115385 0.42927618269230766 0.7373592139423076 0.43156895432692305 0.6768770745192308 0.4164111538461538 0.6613547788461538
1 0.4411948461538462 0.8843708125 0.44064080288461543 0.8830220528846154 0.4070570865384615 0.9045131466346154 0.37289566826923076 0.9131259807692308 0.3620880048076923 0.9425365528846155 0.3615260600961539 0.9296602283653846 0.3491638798076923 0.9307038076923076 0.34690573076923076 0.9432338701923076 0.34260998317307695 0.9606366778846154 0.3194890889423077 0.9815909591346154 0.4387960288461539 0.9962400096153845 0.4434330288461539 0.98323359375 0.4551194495192308 0.9232217908653847 0.44089034374999997 0.9278783413461539 0.4417452259615385 0.8916104951923077 0.43812012980769227 0.9211345384615384 0.4411948461538462 0.8843708125
1 0.80897490625 0.3420990673076923 0.8102621947115385 0.34854694711538464 0.7998633605769231 0.36056129326923075 0.7942231394230769 0.37093998317307697 0.7913228485576924 0.38609497115384617 0.7913812692307692 0.39239196634615386 0.7943431177884615 0.4038268605769231 0.802201235576923 0.4158913966346154 0.8166894567307692 0.40104926442307687 0.8089534783653847 0.3930696033653846 0.8159134278846154 0.3887443269230769 0.8217287259615385 0.39204828125 0.8268887740384615 0.38050066346153844 0.8205417187499999 0.37306153125 0.8268322019230769 0.3657225985576923 0.8174139038461538 0.35366571875 0.8104722980769231 0.3400629879807692 0.80897490625 0.3420990673076923
1 0.6183755865384615 0.5802220576923077 0.605444670673077 0.5881117644230769 0.5956338317307692 0.5975514567307691 0.5874864975961539 0.5989133317307692 0.5803777163461539 0.6134377379807693 0.5683417379807693 0.597758 0.564062951923077 0.6055147043269231 0.5717456802884615 0.6242175192307692 0.5702635096153846 0.6524393413461538 0.5631563028846154 0.6941723966346154 0.5626558461538461 0.7035883725961539 0.5698715 0.7044743437500001 0.5836253509615384 0.7061631033653846 0.589302 0.7033025168269231 0.6048840408653846 0.7063826418269231 0.6110963149038462 0.6882190264423076 0.6160000528846153 0.6592219711538461 0.6177723004807691 0.6393178389423078 0.6212423269230769 0.5947759543269231 0.6183755865384615 0.5802220576923077
2 0.9273718365384614 0.6203819639423076 0.9320119639423077 0.6880905600961539 0.9332625528846153 0.6962700384615383 0.9479267259615385 0.6639746201923077 0.9655939062500001 0.5659336490384616 0.9224247211538461 0.5506149615384616 0.9133253557692308 0.5605120024038461 0.9092590072115385 0.5890711225961538 0.9273718365384614 0.6203819639423076
2 0.6775477572115385 0.6289263076923077 0.6722000961538461 0.6326241899038462 0.648181451923077 0.7082836081730769 0.6580830168269232 0.7225913004807692 0.6649850817307693 0.7463496562499999 0.6595909639423077 0.7751726586538462 0.6388561033653846 0.8391963822115385 0.659696920673077 0.859230201923077 0.7125469447115385 0.8384255288461537 0.7193885552884616 0.8327196057692308 0.7548549302884615 0.6788042115384615 0.7523716971153847 0.6490139927884615 0.7264722091346154 0.6251145240384616 0.7211614543269231 0.6135335264423077 0.7050677620192308 0.6246494038461539 0.6775477572115385 0.6289263076923077
2 0.4589799807692308 0.917178295673077 0.4483340817307692 0.9827823197115385 0.4433710793269231 0.9914226778846154 0.4523197475961539 0.9925214350961539 0.5285117692307693 0.9211050913461538 0.5761408197115384 0.617727375 0.5457218870192307 0.5909107475961538 0.5184520649038462 0.5806464783653846 0.5096641105769231 0.5887887283653847 0.45055353365384615 0.6161675697115385 0.4307192451923077 0.7037250528846154 0.4128312956730769 0.9022906754807691 0.4431719519230769 0.8875450264423077 0.443811375 0.9245371033653846 0.4589799807692308 0.917178295673077
2 0.29440846634615386 0.8903116466346154 0.3123552067307692 0.8824685913461539 0.32445331971153846 0.8346031466346153 0.33366273557692305 0.7964581153846153 0.3609133557692308 0.7726240721153845 0.3791317932692308 0.77181571875 0.3841179639423077 0.7633774302884616 0.38648934855769235 0.7395054423076922 0.39201220192307695 0.68983653125 0.39232828605769227 0.659650045673077 0.3892327163461538 0.6572492475961538 0.3784148557692308 0.6347746586538462 0.36373866346153844 0.6390347836538461 0.36031228125 0.6255221442307692 0.35434981490384615 0.6187279086538461 0.3370247307692308 0.6216382043269231 0.3295377692307693 0.6318186057692308 0.32683094471153845 0.6354992115384616 0.29711245673076925 0.6378839158653846 0.2915556730769231 0.6462806009615385 0.28038399999999997 0.7234605048076923 0.2680935576923077 0.8558591610576923 0.2727249110576923 0.8826116899038462 0.2821274807692308 0.8797532187499999 0.29440846634615386 0.8903116466346154
2 0.24769438942307692 0.44077349278846156 0.24926801923076924 0.432476875 0.25743035576923073 0.4404747307692308 0.26227128846153847 0.4320470697115385 0.2646675817307692 0.43310973798076924 0.2678866634615385 0.42747131730769233 0.27489662259615383 0.42534365625 0.2825335144230769 0.4285297451923077 0.2867127740384615 0.4012652235576923 0.26719269951923075 0.3988684591346154 0.26341402884615384 0.4021613125 0.26121780528846156 0.4100712644230769 0.2604221923076923 0.42131802163461535 0.25524291346153843 0.4212740673076923 0.2552634807692308 0.40153054086538464 0.2471129326923077 0.40089976923076925 0.21674022596153847 0.40770093749999997 0.2083241923076923 0.4717288076923077 0.2041161802884615 0.5037427427884615 0.2074437596153846 0.5108965096153846 0.21341865384615386 0.49969370432692306 0.2176610721153846 0.5170320552884615 0.22787838461538462 0.5231675985576923 0.2319104014423077 0.4903294615384616 0.21939354807692307 0.48849090144230767 0.2253684423076923 0.47728809375000003 0.23392640865384615 0.47391039182692307 0.23134333653846154 0.46608529086538464 0.23731823076923078 0.45488248557692307 0.23795842548076923 0.44107225480769235 0.243293125 0.44367967788461543 0.24769438942307692 0.44077349278846156
2 0.6010131322115385 0.6288926177884615 0.5854721634615385 0.7106589735576924 0.5619868365384615 0.7229733677884614 0.5420492788461538 0.8454964062499999 0.5768413028846153 0.8704308173076923 0.5770632740384616 0.8737025961538462 0.5833863197115384 0.866879954326923 0.6067565817307693 0.8556329399038461 0.6241250817307692 0.85341103125 0.6377226442307692 0.8420455889423077 0.6538941826923076 0.804897701923077 0.6620590408653846 0.7830747139423077 0.6641624927884616 0.7659434807692308 0.6597501658653846 0.7273781802884615 0.6416956754807692 0.6903823557692307 0.610317954326923 0.7071921442307693 0.6255972836538461 0.6275566826923077 0.6010131322115385 0.6288926177884615
2 0.3820096418269231 0.6220387235576923 0.3719343028846154 0.6040667211538462 0.36669556490384614 0.6143666346153845 0.3592283461538462 0.619241533653846 0.36007545673076924 0.606481295673077 0.3630494519230769 0.5939822091346154 0.3534553461538461 0.5985959567307693 0.3468352355769231 0.5907106177884616 0.3320063677884615 0.5996005841346154 0.3279853485576923 0.5931016514423078 0.33377014423076923 0.5852357692307693 0.3309876201923077 0.5784619927884616 0.2813474014423077 0.5942247788461539 0.2741572019230769 0.5997740600961539 0.26148312259615386 0.7002609783653846 0.24699846153846156 0.8151031706730769 0.26555953125 0.8405492163461539 0.29472275961538463 0.6383304759615385 0.3038087764423077 0.6330139735576924 0.3025322403846154 0.6277115336538461 0.31034171394230764 0.6170925937499999 0.31289479326923075 0.6276974711538461 0.32198080528846157 0.62238096875 0.3284788125 0.6283302163461539 0.3559119879807692 0.6226765336538461 0.36597056009615386 0.6290629639423078 0.37331567788461534 0.6222519735576924 0.3769620841346154 0.6278510889423077 0.3820096418269231 0.6220387235576923
2 0.23798474759615384 0.4428115889423077 0.22781519711538462 0.5256359230769231 0.23281060817307694 0.5276723173076923 0.22998279567307692 0.5474468413461538 0.23353151923076923 0.5514970817307693 0.23266397596153846 0.5585626658653846 0.24788013461538463 0.5496443581730769 0.25506641826923077 0.5404800841346155 0.26620499278846155 0.5418477307692308 0.2696952427884615 0.5429877980769231 0.2839609471153846 0.45636884134615385 0.28402218749999997 0.4427152091346154 0.2813134158653846 0.4352105096153846 0.2565706129807692 0.4394015024038461 0.23798474759615384 0.4428115889423077
2 0.15842818028846153 0.46517543509615383 0.16354823798076923 0.47166700961538466 0.16222935096153845 0.4796733004807692 0.1667667043269231 0.4802304182692308 0.17407506971153847 0.41797341346153843 0.17256412740384613 0.4142587620192308 0.16952865865384614 0.41214994951923073 0.15585444471153845 0.40577494711538464 0.1539369158653846 0.40263650961538466 0.13432511298076924 0.3990331346153846 0.13136300721153846 0.4045323413461538 0.12251079807692308 0.4069460961538462 0.11453028846153845 0.40773077884615383 0.11111992548076924 0.4114103846153846 0.09810674038461539 0.5361497451923077 0.10009873317307692 0.5440218052884616 0.10069393269230768 0.5551945697115385 0.1049004375 0.5557110649038461 0.109633125 0.5439971298076923 0.10949416826923077 0.5317134927884616 0.11961330769230769 0.4814705096153846 0.14186306730769233 0.47426964182692305 0.14634625721153846 0.46719263221153845 0.15029982211538462 0.4723740889423077 0.15842818028846153 0.46517543509615383
2 0.09862905288461538 0.3693486201923077 0.07957268269230769 0.5366631995192308 0.09797086298076924 0.5475458125 0.10049668749999999 0.5452090985576923 0.09806951442307692 0.5376251298076923 0.11227953365384616 0.41277657692307695 0.11488453846153845 0.40979498557692307 0.13191442067307693 0.4046000456730769 0.13474465624999998 0.3996538605769231 0.15402759375 0.4033307019230769 0.15452707932692308 0.40538428125 0.16810939663461538 0.4130287331730769 0.1710751875 0.38288298317307695 0.16298781971153845 0.3759416875 0.13127279086538463 0.3733567668269231 0.09862905288461538 0.3693486201923077
2 0.16929769951923077 0.4079094038461539 0.17452693509615386 0.41728891826923076 0.17117397596153847 0.4421218918269231 0.1808991033653846 0.4361154230769231 0.19995206971153845 0.4317665625 0.20240624519230768 0.40474559615384614 0.19053035576923077 0.40482429807692305 0.18916466346153846 0.40878341826923076 0.18539432451923077 0.40419367307692305 0.1834832355769231 0.4127249254807692 0.17627235336538463 0.40307363701923077 0.16954901201923075 0.40586262740384615 0.16929769951923077 0.4079094038461539
0 0.22753793269230768 0.710368935096154 0.21793563701923077 0.7182404326923078 0.1945975504807692 0.7119026658653845 0.1800459423076923 0.689880375 0.16564610096153845 0.6650591081730769 0.16206903605769232 0.6702266610576924 0.15634758413461539 0.6768385625 0.14618965384615384 0.6749082692307693 0.14534620673076923 0.6817775841346154 0.14416595913461538 0.6882640192307693 0.14224849759615385 0.6894231610576923 0.1366759471153846 0.690133514423077 0.12857745432692308 0.6922698221153846 0.12437615384615384 0.6977022596153847 0.12630361778846153 0.7090955288461539 0.1263147764423077 0.7153867211538463 0.12478541346153847 0.7214603004807691 0.12178550721153845 0.7315655072115385 0.12944500240384615 0.7457686730769232 0.1280507355769231 0.7571240745192308 0.12712122355769231 0.7646943413461538 0.1283581610576923 0.7738967307692307 0.13971923076923076 0.7787923629807693 0.15645783173076921 0.7749277740384616 0.18578133413461537 0.7676847091346153 0.22178927163461537 0.7651330504807692 0.22753793269230768 0.710368935096154
1 0.8160144615384616 0.6657365504807693 0.8105633365384615 0.6650672355769232 0.8058162860576924 0.6723395336538461 0.797314389423077 0.6919581225961539 0.7929989206730769 0.7091308221153846 0.7939576129807692 0.7328424783653846 0.7967046706730769 0.7735086298076923 0.7939841899038461 0.8046521634615384 0.8090136129807692 0.8173126201923077 0.8319777596153847 0.8102848533653847 0.8512740673076924 0.7880640697115384 0.8546195120192308 0.7698046009615385 0.8539090360576923 0.7126820625 0.8389672788461537 0.6813336706730768 0.8331417019230769 0.6747270072115386 0.8276464134615384 0.6789759783653846 0.8221381562500001 0.6743436057692308 0.8160144615384616 0.6657365504807693
2 0.3207562980769231 0.3795459759615385 0.32747485336538457 0.37783790865384614 0.3311359831730769 0.36417091586538464 0.2948300985576923 0.36224611778846155 0.2842229110576923 0.4416014278846154 0.28085009615384615 0.4576091394230769 0.2644631442307692 0.5910701466346153 0.24881630048076925 0.6007609326923077 0.24082111778846155 0.6174249014423077 0.22142153846153848 0.7616156899038462 0.22677567307692306 0.7849562932692307 0.24696564903846155 0.8050809639423077 0.2706019278846154 0.6172677884615384 0.2770118918269231 0.5973638822115385 0.29829744471153846 0.5808233461538461 0.30230839182692304 0.53890934375 0.30874612259615386 0.48647823076923075 0.3207562980769231 0.3795459759615385
2 0.6454326923076923 0.6454326923076923 0.5697115384615384 0.5144230769230769