0 0.5046925889423076 0.9615719927884616 0.5168453028846154 0.948761670673077 0.5309356177884615 0.8959521057692308 0.5205171466346153 0.8619981778846154 0.47855640625 0.8388271730769231 0.36831321875 0.8076237524038461 0.34282441346153847 0.7993874759615385 0.2894066370192308 0.7841050769230768 0.23100685576923075 0.7712525625000001 0.12272883653846155 0.8194808701923078 0.13759350721153846 0.8122308870192309 0.10316010336538461 0.8269436538461539 0.17519741586538462 0.9746420288461538 0.2061526730769231 0.9716873509615385 0.2897365793269231 0.9607724326923077 0.41430863221153846 0.94595184375 0.45373531250000004 0.9450895264423077 0.49998237740384616 0.9707523605769232 0.5046925889423076 0.9615719927884616
1 0.6667230360576923 0.8706829951923076 0.7316941874999999 0.7194180240384616 0.7314896586538461 0.7139924879807692 0.6588301562500001 0.7034370600961538 0.6111847307692307 0.7064410168269231 0.6140867572115385 0.72250665625 0.6076297283653846 0.7394597644230768 0.5907183197115384 0.7651702043269231 0.5663870793269231 0.7908411490384615 0.5306621153846154 0.7981576730769231 0.5078345120192307 0.8469879014423077 0.5279537620192307 0.8454536009615385 0.6073663149038462 0.8370823437499999 0.6301276057692308 0.8912849951923077 0.6667230360576923 0.8706829951923076
2 0.22147065865384616 0.7743573509615385 0.28470107932692307 0.7683156346153847 0.3142427475961539 0.7739717524038461 0.35343913461538456 0.7961715288461538 0.39506160336538465 0.8136427884615384 0.40453678365384615 0.8007617788461538 0.42643260096153845 0.8101470240384615 0.44753575961538467 0.8211069110576923 0.4714251730769231 0.83777946875 0.5520933509615384 0.7996230048076923 0.6041564495192308 0.7706848918269231 0.6065746899038461 0.7529861274038462 0.6170153221153847 0.7065767572115385 0.6164314735576923 0.7021282475961539 0.6082024591346153 0.6400457067307692 0.6086552788461538 0.6280199591346154 0.5848741899038461 0.6148209471153846 0.5642238509615385 0.5918353125 0.5395710456730769 0.5412895745192308 0.5077190528846154 0.5438507572115385 0.4205703581730769 0.5816227427884615 0.3409388485576923 0.6122019711538461 0.25934192067307693 0.6484542115384616 0.22694952884615385 0.6725126923076924 0.2226941201923077 0.6863930889423078 0.21466666346153845 0.7280990913461539 0.2098426778846154 0.7505164567307693 0.22147065865384616 0.7743573509615385
2 0.8030218437500001 0.7801432500000001 0.8195316826923077 0.7798790769230769 0.8126310913461539 0.7295003894230769 0.8220389783653845 0.6976436802884615 0.754699625 0.6128909086538461 0.7101781394230768 0.5045253509615384 0.5897152908653847 0.5368028509615385 0.5539489182692308 0.5721620528846154 0.55557453125 0.5776110769230769 0.5915647139423077 0.6215711778846154 0.6114552139423076 0.6282383822115385 0.6081852524038461 0.6407329759615384 0.6564684831730769 0.637436798076923 0.6861193798076923 0.7195451658653845 0.7259812764423077 0.703214735576923 0.7419874543269231 0.7125496129807692 0.7035654807692308 0.770230329326923 0.7134239711538461 0.8074746033653846 0.7420995384615385 0.8620361899038461 0.7844133389423077 0.8507329110576923 0.7934051658653847 0.8307708774038461 0.7772695552884615 0.8254026634615385 0.8030218437500001 0.7801432500000001
2 0.42273795673076925 0.5791512115384616 0.44653736298076924 0.5540413798076923 0.42022493990384613 0.5074731778846154 0.46227473557692306 0.4680687451923077 0.49770559615384613 0.437285875 0.3645135985576923 0.4671538485576923 0.2252693245192308 0.521565733173077 0.2035444110576923 0.5213562451923077 0.20858468990384615 0.5243100841346154 0.1590900144230769 0.54845025 0.05516136778846154 0.6531291177884615 0.03350728125 0.6825858990384616 0.05159194951923077 0.7196649591346154 0.07067570913461539 0.7292714206730769 0.1593553846153846 0.6968060360576923 0.20835423076923076 0.6864097860576923 0.21391067548076922 0.6756097908653846 0.25146651923076924 0.6491837884615385 0.320561125 0.6208962451923077 0.3660780144230769 0.5959806706730769 0.42273795673076925 0.5791512115384616
2 0.5260661201923077 0.34070611298076925 0.5122725360576923 0.3448879086538461 0.39424752644230765 0.38551837259615385 0.3465297764423077 0.4011733798076923 0.31392268028846154 0.41539859134615387 0.27949836538461537 0.43049126201923077 0.2788296634615385 0.4291202211538462 0.23913441105769231 0.4798034639423077 0.20633731009615383 0.5237278725961538 0.2416192139423077 0.514986826923077 0.31637312500000003 0.4852968076923077 0.40244213221153846 0.45093664423076923 0.4774729230769231 0.42873007451923073 0.5019833052884615 0.43031536538461534 0.52234071875 0.43732056971153843 0.5238799447115384 0.4636494375 0.5744413004807692 0.3704225649038462 0.5776866370192308 0.36546418990384616 0.5715748557692307 0.3506623293269231 0.5513832403846154 0.3393521442307692 0.5260661201923077 0.34070611298076925
2 0.21614916346153848 0.740067233173077 0.22023869951923075 0.6853843293269232 0.05677694471153846 0.7318440841346153 0.09209777644230768 0.8042625216346154 0.10948152403846154 0.8052740216346154 0.1238526923076923 0.8032054399038462 0.14663383653846154 0.8003162740384616 0.1714828485576923 0.7881966009615385 0.2105458221153846 0.7691443173076924 0.21614916346153848 0.740067233173077
2 0.619257670673077 0.2538044206730769 0.6210877932692308 0.2529118076923077 0.6313247475961539 0.24365708173076922 0.6296529927884615 0.2402294783653846 0.6198762860576923 0.23649309134615384 0.6068616730769231 0.2377303173076923 0.5764155120192307 0.2381160769230769 0.48334353846153844 0.27076253365384617 0.48417060817307694 0.26781336057692307 0.4839871971153846 0.2627923894230769 0.46555730048076926 0.26923546634615386 0.4236294783653846 0.28798784134615385 0.42289039903846154 0.2934398846153846 0.32040111298076923 0.33237666105769226 0.30598614903846155 0.33771011778846155 0.29931872836538465 0.352012625 0.3119251610576923 0.4011358581730769 0.31429809134615383 0.41529092307692306 0.31670892548076923 0.4132664855769231 0.35632133413461536 0.39905664903846155 0.49793030769230767 0.34954473076923076 0.5508213028846154 0.34160627403846155 0.5673628341346154 0.35224522836538463 0.587413673076923 0.3654344110576923 0.6071599110576923 0.39663035817307696 0.6066922355769231 0.4096062379807692 0.6350572067307693 0.4025793341346154 0.6508752451923077 0.3838137740384615 0.6437185528846154 0.357528076923077 0.6321734134615385 0.29427198798076926 0.619257670673077 0.2538044206730769
2 0.5831248822115385 0.5340770456730769 0.6563185192307692 0.5178580889423077 0.6550229663461539 0.5216014855769231 0.6943744278846153 0.4338797596153846 0.6586814423076923 0.3905290072115385 0.6118717259615385 0.41181330528846155 0.5827431466346155 0.4906643221153846 0.572251641826923 0.5160156370192308 0.5831248822115385 0.5340770456730769
2 0.7378176658653846 0.4709801009615384 0.7258796418269231 0.4847983149038461 0.7229365793269231 0.4842348293269231 0.7106462548076924 0.5192134471153846 0.7890595 0.6498956682692308 0.8348215745192308 0.6205798221153846 0.775330954326923 0.48766460817307694 0.77410809375 0.4632746370192308 0.7378176658653846 0.4709801009615384
2 0.6091163509615385 0.6409388653846153 0.6145157524038461 0.7292181826923076 0.6941527548076922 0.7123269350961539 0.6607993990384616 0.6439424182692307 0.6091163509615385 0.6409388653846153