2 0.7209795336538461 0.20705797596153847 0.7842907932692308 0.08411192548076923 0.8143711177884616 0.04896622596153846 0.8528571995192308 0.05133180769230769 0.8913164038461538 0.05369692307692308 0.9046596658653846 0.006987197115384616 0.6914907548076923 0.0032663197115384616 0.6699243004807692 0.017549365384615385 0.6370225697115385 0.08494912740384615 0.6223848461538461 0.14415832692307692 0.6265415240384615 0.16633102163461538 0.6847189350961538 0.20811885096153848 0.7209795336538461 0.20705797596153847
0 0.4731693918269231 0.8618852451923077 0.5039454206730769 0.8793000144230769 0.5209682980769231 0.8852230048076923 0.5305661802884616 0.8267122451923077 0.5502291995192308 0.8061450216346154 0.5142739879807693 0.7773881370192307 0.46968248076923075 0.8152043774038462 0.46072991346153847 0.8367449615384616 0.4731693918269231 0.8618852451923077
0 0.6107721177884615 0.9188115432692308 0.6779182692307693 0.9658575072115384 0.7549226682692307 0.9672016225961539 0.7536417668269231 0.7802757980769232 0.7492153485576923 0.7750969495192308 0.6883976033653846 0.7536492043269232 0.6224688509615385 0.7677829999999999 0.6054544759615385 0.8337662692307692 0.6107721177884615 0.9188115432692308
0 0.6125409038461538 0.45859086778846153 0.6427042956730769 0.4787574591346154 0.6818300024038462 0.4876069663461538 0.7551117524038461 0.47579943269230773 0.7801315745192308 0.4795027836538462 0.7666963413461538 0.43593505769230767 0.7887922596153847 0.42077402163461536 0.7617827548076923 0.4047558461538462 0.7456410192307692 0.3930207331730769 0.6802634495192308 0.3894396754807692 0.6274759951923077 0.41469160817307693 0.5900123822115385 0.43692423076923076 0.6125409038461538 0.45859086778846153
1 0.6529512668269231 0.5771367596153846 0.6763888437500001 0.5528848509615385 0.726926329326923 0.5471732403846153 0.7705913245192307 0.5578159543269231 0.7837633365384615 0.5563923942307692 0.7994545841346153 0.5369455384615385 0.8054112259615385 0.5099082836538462 0.7915679110576923 0.48663894471153846 0.7533711754807692 0.47693858653846155 0.7094479110576923 0.48109200721153844 0.6774651923076923 0.4912208581730769 0.6464982499999999 0.5063077067307693 0.6075844134615385 0.5376897980769231 0.6221134567307692 0.584825545673077 0.6397218990384614 0.581846110576923 0.6529512668269231 0.5771367596153846
1 0.5042903822115384 0.7455558245192309 0.4985990769230769 0.7697142115384616 0.5007188677884615 0.7776556394230769 0.5095136490384615 0.7913394399038461 0.5170125072115385 0.7914703317307693 0.527558389423077 0.7910898125 0.5403225817307692 0.7930064182692308 0.5560307836538462 0.7972328197115384 0.5635663725961538 0.7967997524038462 0.5703914711538461 0.7924020649038461 0.5779960240384615 0.7880179879807692 0.5832738918269231 0.7875455120192308 0.5894025024038462 0.7814620264423078 0.5909273533653846 0.7803594399038462 0.5954723533653846 0.7787449663461538 0.6016532524038462 0.7681254134615384 0.601264858173077 0.7472485216346154 0.6001432403846154 0.7252497908653847 0.5964860697115385 0.7206691370192307 0.5769585649038461 0.7180698725961538 0.5514077956730769 0.71705928125 0.5325513677884616 0.7206823557692308 0.530244389423077 0.7234650985576923 0.5120226610576923 0.7338543125 0.5042903822115384 0.7455558245192309
2 0.1916300673076923 0.48554341826923075 0.2132218701923077 0.48848118028846155 0.20932099759615383 0.4516534591346154 0.19340037499999999 0.44881468990384615 0.1916300673076923 0.48554341826923075
2 0.18218298317307693 0.8604154783653846 0.18180578605769232 0.8820250913461538 0.22093712259615383 0.8905520673076922 0.21884406490384614 0.8610553990384615 0.18218298317307693 0.8604154783653846
2 0.16519432451923077 0.9849968317307692 0.1660027403846154 0.9925927427884615 0.17044929567307693 0.9935374254807693 0.1716987067307692 0.9943456442307692 0.18390556971153846 0.9945587163461538 0.2115987139423077 0.9757851370192309 0.20627301923076924 0.97129634375 0.2101618533653846 0.9641453822115384 0.2025502331730769 0.9566121995192307 0.17170317067307692 0.9756130288461539 0.16519432451923077 0.9849968317307692
2 0.3768169399038461 0.5488455024038461 0.38805792788461535 0.542528625 0.39441268269230767 0.5342713365384616 0.40570187740384617 0.5251927860576923 0.4035049951923077 0.5093455793269231 0.4011617403846154 0.5018841923076923 0.37016634375 0.5031982860576923 0.3413137788461539 0.5249964471153846 0.34473119471153846 0.5417723533653847 0.35697575721153846 0.5503542956730769 0.3768169399038461 0.5488455024038461
2 0.4629129591346154 0.3142841346153846 0.4922902235576923 0.3548433389423077 0.5090408701923077 0.3856040721153846 0.5385659182692307 0.41769682451923074 0.5646134591346154 0.43337557692307693 0.5931351153846154 0.43669643509615386 0.6076136754807693 0.42511268028846155 0.606236608173077 0.41774881490384613 0.6207716057692308 0.4044722379807692 0.6232362211538462 0.39265861538461533 0.6120063798076922 0.3890951466346154 0.5740726201923076 0.3658690913461538 0.5633058293269231 0.33577740865384614 0.5649879615384615 0.3256640961538461 0.5819902548076923 0.2988801346153846 0.5860384831730769 0.2825974975961538 0.5740044783653846 0.2835166490384615 0.5740143317307692 0.28295221875 0.511565076923077 0.2841205721153846 0.48740157932692313 0.28988925721153846 0.47218979567307695 0.3003511730769231 0.4629129591346154 0.3142841346153846
2 1 0.12080359375 0.9913439110576923 0.11460514423076923 0.9561759014423077 0.10544159615384616 0.9207992355769231 0.10823187259615384 0.8646790576923077 0.12263769711538462 0.8565173052884615 0.13275889423076923 0.8449867788461538 0.1402604158653846 0.8230965961538461 0.15441682451923075 0.8033719807692308 0.3695085673076923 0.7909367331730769 0.3641495985576923 0.7827897572115384 0.37342414903846155 0.7883537548076922 0.3812038894230769 0.8018701466346154 0.39085657692307696 0.7993469855769231 0.4044839735576923 0.8106238173076924 0.4115165264423077 0.8105045336538462 0.41835016346153847 0.8218109254807692 0.42368943028846157 0.8341571514423076 0.43414843028846156 0.8533715985576923 0.4439005745192308 0.9239283749999999 0.4511209639423077 0.9729414182692308 0.4511094230769231 1 0.45429955528846155 1 0.12080359375
2 0.20023606971153846 0.40838347596153846 0.18814113701923077 0.4081723581730769 0.18923266346153847 0.44575761778846157 0.20476793028846155 0.4460287860576923 0.20993243990384616 0.4474296153846154 0.20497130769230767 0.43437733653846156 0.20023606971153846 0.40838347596153846
0 0.38958779326923076 0.37478784134615384 0.4165952067307692 0.3832241826923077 0.43780081490384615 0.38210216346153847 0.4604275769230769 0.3750363028846154 0.46427926442307693 0.3438286057692308 0.46677946634615386 0.3145734326923077 0.46660154086538463 0.2862595625 0.4681012980769231 0.27735292788461535 0.4648562235576923 0.2738078509615385 0.4421420625 0.28434045913461536 0.4101038846153846 0.29918680288461535 0.3753887716346154 0.3164464735576923 0.3697212572115385 0.33770160336538463 0.38958779326923076 0.37478784134615384
2 0.53875384375 0.12043708653846154 0.5079277163461539 0.10435229326923076 0.48579721875000004 0.08452755769230769 0.4518474326923077 0.05024031490384616 0.4072741129807692 0.030023838942307694 0.3814545120192308 0.024390915865384614 0.3692056009615384 0.034541591346153845 0.3672776971153846 0.044872423076923074 0.3703152860576923 0.06954612980769231 0.35964636298076924 0.08621731009615385 0.3420746033653846 0.10403835336538461 0.3607378894230769 0.12380256730769232 0.38959072115384613 0.15281860096153846 0.40471888461538463 0.17641283173076922 0.4183756466346154 0.18572517548076922 0.4526860913461539 0.19935024278846153 0.49587984375 0.2000235360576923 0.5493521658653846 0.20484861778846156 0.5635289807692307 0.18436711298076924 0.5744012788461539 0.15604448317307693 0.5696210048076923 0.132630875 0.5679233557692307 0.13131072596153845 0.5523880865384615 0.13103955528846153 0.53875384375 0.12043708653846154
2 0.7251890360576922 0.2108013653846154 0.6676150480769232 0.32543902163461536 0.6660179134615384 0.35686754807692306 0.6821854038461539 0.3917719591346154 0.717729079326923 0.39789725000000004 0.7522376802884616 0.40479087980769235 0.7698517043269231 0.4168944855769231 0.7918370360576923 0.41885106009615386 0.8065528197115385 0.4183215144230769 0.7943177259615385 0.3968748774038462 0.7842059639423078 0.37546530528846156 0.7916258918269231 0.3708763581730769 0.8014170769230768 0.3505804399038462 0.8213179735576923 0.17313863461538462 0.8268061177884616 0.15907904807692308 0.8789518028846154 0.1151437139423077 0.9608913701923077 0.10792346634615384 0.9569180240384616 0.09527154807692308 0.9259106778846153 0.06954502403846154 0.8809472451923077 0.060896084134615384 0.8338730721153845 0.054569531250000004 0.8012825288461538 0.05793271153846154 0.7675795336538461 0.12656867548076922 0.7414748605769231 0.1803954783653846 0.7948284927884616 0.06725697596153847 0.7689433822115385 0.10850505048076922 0.7251890360576922 0.2108013653846154
2 0.60726240625 0.6192893509615385 0.5920650841346153 0.6412452043269231 0.5768378485576923 0.6649145096153847 0.5721641490384616 0.6708217451923078 0.5786748774038462 0.690595641826923 0.5830085408653847 0.7026287548076924 0.5919231490384615 0.7156088918269231 0.5963757427884615 0.7208285264423077 0.7298648365384615 0.7146088966346155 0.7333827980769231 0.7086814879807692 0.7495597956730768 0.695292420673077 0.7749202211538461 0.6794826129807692 0.7934265024038462 0.6635733293269231 0.8143491129807692 0.6416972475961539 0.8064489014423077 0.5783037451923076 0.7905282788461538 0.5754649759615384 0.7849048173076922 0.5710919735576924 0.7734011923076923 0.5708911754807692 0.6639645697115385 0.5715418293269231 0.6433675649038462 0.5763040528846154 0.6316878509615385 0.5923526586538461 0.60726240625 0.6192893509615385
2 0.2564879014423077 0.8053934158653846 0.25676587259615385 0.789468423076923 0.2578977884615385 0.7800714206730769 0.2599704182692308 0.77069084375 0.2425568028846154 0.7732905552884616 0.2343123173076923 0.8035545048076924 0.238784 0.8246236586538462 0.24556828605769232 0.8225643269230769 0.2564879014423077 0.8053934158653846
2 0.4723557692307692 0.4987980769230769 0.6802884615384616 0.9975961538461539