0 0.3846171153846154 0.4348157235576923 0.36893661778846154 0.4331676370192307 0.3460790336538461 0.429961625 0.3230283509615385 0.43446207451923075 0.3175124567307692 0.4347065168269231 0.31638234134615384 0.43988313942307694 0.3227924038461539 0.44257612259615386 0.3248618653846154 0.44606977644230766 0.3300132956730769 0.4551621538461538 0.3416291826923077 0.46085425 0.36261137259615384 0.46429584615384617 0.3873647235576923 0.46648543509615387 0.40012228605769234 0.4613152307692308 0.40040321153846153 0.4527732091346154 0.40073853605769233 0.43813792307692306 0.39473888461538464 0.43711584615384613 0.3846171153846154 0.4348157235576923
0 0.33396572355769233 0.92758953125 0.3430026826923077 0.9287660048076922 0.3473237427884615 0.9328465889423078 0.3522866802884615 0.9340481706730769 0.357485235576923 0.933008 0.3626837908653846 0.9319678317307692 0.36404965384615384 0.931884735576923 0.3623896298076923 0.9283104903846154 0.3646979591346154 0.9192603966346155 0.3640389519230769 0.9126182403846154 0.3590053269230769 0.9120891850961539 0.35476066346153845 0.9105097932692308 0.3497506033653846 0.9097565649038462 0.34848469711538466 0.9121166778846154 0.3330246923076923 0.9107184182692307 0.33168810336538457 0.9137510552884615 0.32598904086538466 0.9163251802884615 0.3237399735576923 0.9183553076923077 0.3235986033653846 0.9197003581730769 0.3265773629807692 0.9236398629807692 0.32655951442307696 0.9270377572115385 0.33396572355769233 0.92758953125
1 0.9032565 0.24699530288461538 0.8836430264423077 0.24021537259615386 0.8230744903846153 0.2281006610576923 0.8128444543269231 0.22859139423076924 0.8181678197115385 0.24485166586538462 0.8223493870192308 0.2646389591346154 0.8462863149038462 0.2901496538461539 0.8692605961538462 0.30251640625 0.8899948413461539 0.29892635576923077 0.9061847572115386 0.26403407692307695 0.9032565 0.24699530288461538
0 0.40432425000000005 0.44158489423076924 0.4037866105769231 0.45638435817307693 0.40365834855769234 0.46259349278846157 0.40982072115384616 0.4729253798076923 0.4123468774038462 0.4735411706730769 0.4229570168269231 0.47119475480769235 0.4339248605769231 0.47512915384615384 0.44321074519230774 0.4754045793269231 0.44570640144230766 0.4663329639423077 0.4481102139423077 0.4534398317307692 0.4483091586538462 0.44655817548076926 0.4377354375 0.43887393990384616 0.4321280913461539 0.4379343052884615 0.4179698197115385 0.4347154158653846 0.40558372836538464 0.43928591826923075 0.40432425000000005 0.44158489423076924
1 0.40871791826923076 0.4969169447115384 0.4316382043269231 0.4986460096153846 0.4427395697115385 0.48839781730769233 0.4323070288461538 0.4732077139423077 0.41874292307692307 0.4684441129807692 0.39885248557692304 0.4663535432692308 0.38275014423076925 0.47605550480769226 0.38542065384615387 0.48909048076923073 0.40871791826923076 0.4969169447115384
1 0.44114979326923076 0.45363547115384617 0.44854145673076923 0.46547707932692306 0.46337036057692305 0.4684779855769231 0.48273958653846155 0.4690714471153846 0.49908631249999996 0.44383863942307694 0.49308043509615385 0.4393543221153846 0.47790115865384614 0.43293742067307694 0.46038629086538463 0.43494960817307693 0.4550131298076923 0.4382379399038462 0.4453877764423077 0.44060544230769233 0.44114979326923076 0.45363547115384617
2 0.8449413894230768 0.7789366971153846 0.8727071249999999 0.7868001177884616 0.9714614759615384 0.7977298125 0.9929292283653847 0.59347778125 0.8580349350961539 0.5839296995192308 0.8395553293269231 0.6103806586538462 0.8235959038461539 0.6389715288461539 0.8203720072115386 0.7312713173076923 0.8240351442307693 0.7668491177884615 0.8449413894230768 0.7789366971153846
2 0.8208539254807692 0.64070259375 0.7829756370192308 0.6380813341346154 0.7674891274038462 0.6800737379807693 0.7729292403846154 0.7430570865384615 0.8167161802884616 0.7469793269230769 0.8237108173076924 0.7282636754807693 0.82480909375 0.6605897187499999 0.8208539254807692 0.64070259375
2 0.7736703918269231 0.8219890889423076 0.7907743846153846 0.8362114086538461 0.8965423918269231 0.8502539399038462 0.928207545673077 0.850656216346154 0.9653158076923076 0.8562019302884616 0.97171046875 0.7953607932692308 0.8672791201923077 0.7850345384615385 0.8292322668269231 0.7722786658653846 0.821865264423077 0.7692996610576923 0.8220554567307693 0.7466545048076922 0.7765232043269231 0.7426106394230769 0.7736703918269231 0.8219890889423076
2 0.9502020216346154 1 0.9502465552884616 0.9995762884615385 0.91266128125 0.9853633942307692 0.7902426634615385 0.9656971346153846 0.7462390600961538 0.9600213317307692 0.720179233173077 0.9679143461538462 0.7000379278846154 0.963221826923077 0.6730751658653846 0.9620981105769231 0.66348084375 0.955073141826923 0.6456290865384615 0.990223454326923 0.6499161995192307 0.9984420096153847 0.6500406610576923 1 0.9502020216346154 1
2 0.6104853389423077 1 0.6208856057692308 0.9741473509615385 0.5643184567307692 0.9688612524038462 0.5668245697115385 0.9450171826923076 0.6162969375 0.9508968942307692 0.6263492620192307 0.9412390024038462 0.6332389423076923 0.91383775 0.6219688870192308 0.9066160504807693 0.5267876514423077 0.8966120985576923 0.5257016947115385 0.9929278533653847 0.5983965432692308 1 0.6104853389423077 1
2 0.6289145192307692 0.46108995192307695 0.6327788100961539 0.48859125721153845 0.6559930600961539 0.4975010408653846 0.7134502932692308 0.5022419471153846 0.7190301995192308 0.4673471610576923 0.7098842620192307 0.4625122043269231 0.6342090745192308 0.45649526201923074 0.6289145192307692 0.46108995192307695
2 0.6308880817307692 0.3894900793269231 0.6296564471153846 0.4012083197115385 0.6300370625 0.4093253557692308 0.6307537764423077 0.4177661850961538 0.6326577860576923 0.4225405432692308 0.6330265312500001 0.42284716346153844 0.6447629519230769 0.42651206009615383 0.7041902115384615 0.4327581177884615 0.7099654110576924 0.42769882932692305 0.7124238725961539 0.42338298557692305 0.7133770528846154 0.4143140865384615 0.7157128629807693 0.3539406274038462 0.6499673173076924 0.34999756730769227 0.6450385216346154 0.3508188317307692 0.6413324615384616 0.35555987499999997 0.6400611033653847 0.35973262980769233 0.6366124038461538 0.3658400240384615 0.6359909086538462 0.3679381923076923 0.6332286081730769 0.37895983173076925 0.6309437740384615 0.3889602115384615 0.6308880817307692 0.3894900793269231
2 0.8585297596153846 0.3770283221153846 0.8664191682692307 0.33131156490384617 0.8745269807692307 0.3040589495192308 0.8628750024038462 0.3025252067307692 0.8569553870192308 0.2963397692307692 0.8472846634615384 0.29649780288461536 0.7372785456730769 0.2881500216346154 0.7306255312500001 0.28483396875 0.7202273774038462 0.29602146634615384 0.7172097307692307 0.30800529086538464 0.724075704326923 0.32191392788461537 0.7252118389423077 0.3527755192307692 0.7371137067307691 0.3648439134615385 0.8585297596153846 0.3770283221153846
2 0.5848343221153847 0.32203201682692306 0.5815896225961539 0.33617607451923076 0.5832400192307692 0.3876757908653846 0.5865747331730768 0.4005539278846154 0.6242506370192308 0.40451382451923074 0.6228505793269231 0.3843801370192308 0.6259226225961538 0.3663030432692308 0.6238220865384616 0.32495533173076924 0.5848343221153847 0.32203201682692306
2 0.5165744663461539 0 0.5165626346153845 0.00024354807692307694 0.5202702427884616 0.015736463942307693 0.5274041586538462 0.02357427884615385 0.5805914134615384 0.02961778605769231 0.58731440625 0.016127776442307694 0.5883232764423076 0.006529009615384615 0.5262038942307693 0 0.5165744663461539 0
2 0.7358522067307691 0.24977843028846153 0.7248947980769231 0.2794925673076923 0.7267784951923077 0.2838733028846154 0.7263436730769232 0.2880103509615385 0.7342551923076923 0.2872759278846154 0.8530943918269231 0.2960988004807692 0.8361785673076922 0.285955375 0.8256971490384615 0.27387143990384616 0.8193063052884615 0.25280110336538464 0.7358522067307691 0.24977843028846153
2 0.6402458413461538 0.3389001129807693 0.7045787908653847 0.3460120576923077 0.7089384759615385 0.3388671514423077 0.7098702355769231 0.3300020480769231 0.7095869807692308 0.32271943028846156 0.70691303125 0.3138256322115385 0.7019983197115385 0.31157828125000003 0.6396000865384616 0.3057205216346154 0.6318874423076923 0.31043194471153845 0.632035235576923 0.31870995432692306 0.6332735504807693 0.32160113221153847 0.6366591538461539 0.33370163942307696 0.6371434951923077 0.33408222115384617 0.6402458413461538 0.3389001129807693
0 0.5277362908653846 0.46001626201923074 0.5213515384615385 0.4641254831730769 0.5078472115384616 0.46231463221153846 0.4828903701923077 0.46206110096153846 0.4700076706730769 0.4654873605769231 0.4660037427884616 0.4754100769230769 0.4645986081730769 0.48877906009615385 0.4831211033653846 0.49948284134615384 0.5233109663461538 0.50212040625 0.5399380865384615 0.49710965384615385 0.5377730288461539 0.46107116586538466 0.5277362908653846 0.46001626201923074
0 0.4070772307692308 0.6554417307692308 0.41324271875 0.6578205432692308 0.41864612500000004 0.6592332548076923 0.4258157403846154 0.6602752764423077 0.43386954086538465 0.6611217668269231 0.43946916346153847 0.656559139423077 0.4406673701923077 0.6492673942307692 0.4397443125 0.646017860576923 0.43173893990384615 0.6406022235576923 0.42477709375 0.6375833846153847 0.4169915625 0.6344779735576923 0.4080835745192308 0.6335417067307693 0.40259235096153845 0.6329645552884616 0.39918765865384614 0.6368924783653847 0.39579185817307694 0.6445507860576923 0.3955540985576923 0.6468129158653846 0.3964498269230769 0.6506159038461538 0.4070772307692308 0.6554417307692308
1 0.3341615552884616 0.48671121875 0.3404330432692308 0.48866847355769233 0.3721699230769231 0.4889752644230769 0.3729795889423077 0.48127179567307693 0.3713187908653846 0.4724226706730769 0.3697567139423077 0.4687969014423077 0.36572417067307694 0.4640254783653846 0.3595876298076923 0.4607843125 0.3488461201923077 0.45792454086538464 0.33919149519230773 0.45734249759615386 0.33653895913461535 0.45792910096153844 0.3349572764423077 0.46035904807692307 0.33308908894230765 0.4658083774038462 0.32943606009615384 0.4697514110576923 0.3324681105769231 0.47787926442307693 0.3341615552884616 0.48671121875
1 0.60234021875 0.4906050168269231 0.6023623485576923 0.4968505600961538 0.6029680072115384 0.500478826923077 0.6034313846153846 0.5025261826923078 0.6111598629807692 0.5017725216346154 0.6142766225961538 0.49764949759615384 0.617050860576923 0.49326381971153843 0.6382772379807692 0.4943821490384615 0.6311756490384616 0.48271526201923076 0.6304321947115384 0.4739419471153846 0.6332362307692307 0.46311013701923076 0.6344407307692308 0.45810617067307696 0.6344857139423077 0.45767820192307695 0.6303706057692308 0.4554530793269231 0.62667175 0.4557236610576923 0.6193054591346154 0.4591939975961538 0.6144326105769231 0.4644717548076923 0.6100611778846153 0.47114151682692307 0.6069329927884616 0.4786013004807692 0.6043481562499999 0.4841195384615385 0.60234021875 0.4906050168269231
1 0.5840869615384615 0.4793938125 0.583699264423077 0.48308250721153845 0.5844356466346153 0.4842931634615385 0.5897190985576923 0.4868471298076923 0.5963116850961538 0.48927083173076924 0.5983866682692308 0.48977738701923074 0.6049813942307692 0.49218070913461537 0.6086818125 0.47340728846153846 0.5923069903846154 0.47455027403846156 0.5866074759615384 0.4756614206730769 0.5840869615384615 0.4793938125
1 0.4489092644230769 0.6650514375000001 0.3945428894230769 0.6599554423076923 0.3875024951923077 0.6738241826923077 0.443477875 0.6856209759615385 0.4399380504807692 0.6749877956730769 0.44584183653846154 0.6675312764423077 0.4489092644230769 0.6650514375000001
2 0.882645 0.5258561514423077 0.8524978317307692 0.5614861634615385 0.8501737860576923 0.5835979711538462 0.9930731610576923 0.5921083629807693 0.9989832668269231 0.5358774663461539 0.882645 0.5258561514423077
1 0.6379774879807693 0.5045705649038461 0.6948485408653846 0.50197640625 0.6874659591346154 0.5000259975961538 0.6605792716346154 0.49759158413461535 0.64606815625 0.49684938221153846 0.6316311634615384 0.5009776754807692 0.6329541225961539 0.5024766322115385 0.6379774879807693 0.5045705649038461
1 0.6071326538461539 0.6125732980769231 0.6172204158653846 0.600817454326923 0.6293475240384615 0.5951894975961538 0.640027829326923 0.5918820360576923 0.6471714230769231 0.5893567139423077 0.6533450913461538 0.5890165697115385 0.6383052403846154 0.5777516201923076 0.63351021875 0.5790608533653846 0.6224550673076923 0.5859347355769231 0.6097115937500001 0.5880363221153846 0.5996673245192308 0.5876399759615384 0.5847841466346154 0.6077518125 0.5796669182692308 0.6188762187500001 0.5875873918269231 0.6206977163461538 0.5891094230769232 0.6226502980769231 0.5933072187499999 0.6296643942307691 0.5979994278846154 0.6293333774038461 0.60066059375 0.6274907980769231 0.5984365216346154 0.6228270336538462 0.6071326538461539 0.6125732980769231
1 0.35585662740384616 0.3656930697115385 0.3498824855769231 0.36794981730769233 0.31956942307692304 0.3743449591346154 0.30902659374999997 0.37898556971153846 0.30931926201923077 0.38060288942307696 0.35084434375 0.3951872716346154 0.3815304254807692 0.39874218269230766 0.38519859134615386 0.3729391778846154 0.3826342716346154 0.3656434615384615 0.35585662740384616 0.3656930697115385
1 0.4798549807692308 0.5235148918269231 0.4860350793269231 0.5134294110576924 0.48498506730769225 0.5025840120192308 0.4789947644230769 0.49707109615384615 0.4532325504807692 0.4851118774038462 0.44385962259615386 0.49094689423076926 0.43501537259615386 0.4987949182692307 0.4393190985576923 0.5065619182692308 0.4571168966346154 0.5177046466346154 0.4798549807692308 0.5235148918269231
2 0.6778846153846154 0.5012019230769231 0.44711538461538464 0.9927884615384616