2 0.28930233894230767 0.3290197379807692 0.3004554158653846 0.5510889543269231 0.3075995576923077 0.5600937283653846 0.38827728125 0.5521673629807693 0.3807426442307692 0.3266924855769231 0.3633135841346154 0.23392379326923077 0.32970950721153847 0.23112926201923076 0.2795709591346154 0.2333262764423077 0.28930233894230767 0.3290197379807692
2 0.20919718990384617 0.5841663509615385 0.21949375 0.5738087548076923 0.23291121634615383 0.5698919855769231 0.28994220673076926 0.5628894591346154 0.2809941009615385 0.3391332019230769 0.27100684375 0.21997332451923077 0.184038125 0.2283824278846154 0.18636204567307693 0.34165921634615387 0.20919718990384617 0.5841663509615385
2 0.12546115624999998 0.4284662331730769 0.1426864639423077 0.5255893413461539 0.152781875 0.5524828028846154 0.16596041346153845 0.555306735576923 0.17396092307692307 0.5528437115384615 0.17351315865384614 0.5491969783653846 0.20743914903846153 0.5487331009615384 0.21508144951923078 0.5433526899038461 0.20210965865384617 0.4131161466346154 0.19089447115384614 0.3463655745192308 0.18559169951923077 0.3277677644230769 0.17229643028846153 0.33014056249999996 0.15193437019230768 0.3304196802884615 0.13922882692307692 0.3253005456730769 0.1291766201923077 0.3294961706730769 0.1179348485576923 0.36716937499999996 0.12546115624999998 0.4284662331730769
2 0.39588679807692306 0.5935613173076922 0.3886524519230769 0.5509464038461538 0.30634656009615385 0.5620501514423076 0.3007095913461538 0.5736060072115385 0.24759858413461538 0.5761840913461538 0.2459843389423077 0.6040646730769231 0.2498844158653846 0.6193905096153846 0.25247235576923077 0.6240298293269231 0.25493735096153847 0.6523913028846154 0.2675856706730769 0.6567771201923077 0.27751113221153845 0.6555584278846154 0.3240594975961538 0.6488451538461538 0.3799074014423077 0.6439675048076924 0.39479559375 0.6421394639423077 0.39588679807692306 0.5935613173076922
2 0.25340046875 0.6528375192307692 0.24990162259615384 0.6143186610576923 0.24763132932692308 0.5756489543269231 0.2095412860576923 0.588839764423077 0.20576463701923078 0.5479247596153847 0.19505006971153846 0.5516705985576923 0.19626585576923078 0.6221113846153846 0.21322178125 0.7198469663461539 0.2977180456730769 0.7106792091346155 0.2979902043269231 0.6522230985576923 0.25340046875 0.6528375192307692
2 0.6606080600961538 0.6264009230769231 0.7111329831730769 0.35900112500000003 0.6994012043269231 0.24461016586538462 0.6635975817307693 0.1604226875 0.6291826274038462 0.14420841586538463 0.594960798076923 0.14841032692307693 0.5267102740384615 0.1772303365384615 0.5254475961538462 0.20463320192307694 0.5707708389423077 0.3285316105769231 0.5380430793269231 0.6278180504807692 0.5508301802884615 0.6376106418269232 0.6606080600961538 0.6264009230769231
2 0.5434750937499999 0.54162540625 0.5426379711538462 0.5348075985576923 0.5411729807692308 0.5310282524038462 0.5369568725961538 0.5295663149038462 0.5457762572115384 0.4454362932692308 0.5493946971153846 0.44203063461538467 0.5515319807692308 0.4348476129807692 0.5515602379807693 0.42692569471153846 0.5493505673076923 0.4252334927884615 0.5470020865384615 0.4225443846153846 0.557002875 0.32344635817307693 0.5633562668269231 0.31772527884615387 0.5593335408653846 0.3014005528846154 0.5536543894230769 0.2961751201923077 0.5167469495192308 0.17613608173076922 0.4915589206730769 0.1762674110576923 0.36222380528846154 0.19016815625 0.36116309855769235 0.20611919471153847 0.36534870673076925 0.24020824038461536 0.38346622355769233 0.32201258413461537 0.3866196298076923 0.5529663870192307 0.39505154807692305 0.5806113100961539 0.39669558894230766 0.6021529903846153 0.3948257235576923 0.6280853461538461 0.39265823557692303 0.6431744302884616 0.3956326418269231 0.64280921875 0.3978604230769231 0.6445152932692307 0.4042881442307692 0.6476852932692307 0.4065159254807692 0.6493913653846154 0.41061133173076925 0.6498702740384614 0.5251627908653846 0.6387825889423078 0.5325164807692307 0.6329225913461538 0.5358793004807693 0.6275687067307693 0.53691175 0.6195395841346154 0.5369561706730769 0.6116156826923077 0.5326213100961539 0.6091865649038462 0.5315003100961538 0.6083424495192308 0.5382265384615385 0.5481925889423077 0.5420844350961539 0.5467371418269231 0.5434750937499999 0.54162540625
2 0.6376080480769232 0.7276100745192308 0.6412865961538461 0.7256294375000001 0.6555543701923077 0.6499237788461538 0.6561266754807692 0.6290595360576923 0.49059252403846154 0.6432204158653847 0.4812975096153846 0.6443616995192307 0.4452505697115384 0.6449250504807692 0.43905927884615387 0.6456852451923076 0.4441665072115385 0.6681697259615385 0.47193340625 0.727930923076923 0.48369663701923077 0.7341958004807693 0.6376080480769232 0.7276100745192308
2 0.45748706009615386 0.8108688004807691 0.47435290865384616 0.8155253966346153 0.6195074134615385 0.8103206778846155 0.6261900865384615 0.8019357764423076 0.6407584663461539 0.7320193846153846 0.5123083966346154 0.7334831442307692 0.47620016826923073 0.7328791274038462 0.4630530360576923 0.7025138076923076 0.45503232451923076 0.7001348966346155 0.4481851057692308 0.7421934038461538 0.45172090625 0.777939485576923 0.45748706009615386 0.8108688004807691
2 0.35795298317307694 0.10112717548076923 0.28945380528846154 0.10226314663461539 0.2634140552884615 0.11535345432692308 0.26135227884615386 0.10753224759615385 0.23210934855769233 0.11112282932692308 0.2434877860576923 0.2188940889423077 0.2642748317307692 0.21695334855769233 0.27364404086538463 0.20764061298076925 0.27466835576923077 0.2159829783653846 0.2881553533653846 0.20920795673076925 0.2943406778846154 0.2326715817307692 0.3651713269230769 0.22032123798076922 0.3676157139423077 0.21002648076923075 0.36541388942307695 0.1920940576923077 0.3791473197115385 0.18313313221153849 0.36712881249999996 0.16824080769230768 0.29209192548076923 0.17653679807692307 0.29728886778846153 0.13587190625 0.3611437788461539 0.12711412740384614 0.35795298317307694 0.10112717548076923
2 0.49373083653846156 0.15013796875 0.37769994471153845 0.16626687259615383 0.3793586129807692 0.1797756466346154 0.43162857692307693 0.17849986298076922 0.48389854086538464 0.17722408173076923 0.5214972716346155 0.1703221346153846 0.5238346899038462 0.16089351201923077 0.5185946009615384 0.14668177644230768 0.5103066778846154 0.1478338389423077 0.51605415625 0.1378520841346154 0.5084328197115384 0.11136299759615385 0.5000879831730769 0.11205152163461539 0.5057202163461538 0.10255443990384615 0.49486979567307693 0.06732021153846154 0.3597557548076923 0.07705391586538461 0.3665706081730769 0.12306797115384614 0.4917431466346154 0.11274005288461539 0.49373083653846156 0.15013796875