1 0.3994308966346154 0 0.40032168028846155 0.017167487980769232 0.3881731538461538 0.03954688942307692 0.3822980360576923 0.06419143269230769 0.38351348317307693 0.06473258413461538 0.38189218990384616 0.06673852884615385 0.3833099278846154 0.06846086538461539 0.3990911322115384 0.07548711057692307 0.4001042836538462 0.07484707692307692 0.4110409639423077 0.06336725240384615 0.43006350000000004 0.07129107211538462 0.4590119038461538 0.08472529086538462 0.47499918028846155 0.07820432692307693 0.5134684447115384 0.0964230625 0.5219723076923077 0.06587425480769231 0.531695639423077 0.04567083653846154 0.540608295673077 0.001119516826923077 0.5376720336538462 0 0.3994308966346154 0
2 0.69488559375 0.34802531490384614 0.6800845889423077 0.3414354831730769 0.653991204326923 0.3317186153846154 0.6462531971153846 0.3320571418269231 0.6342531225961537 0.3362176394230769 0.6286112788461539 0.34319140144230764 0.6138000480769231 0.37645796875 0.5997095769230769 0.40246041826923074 0.567270266826923 0.4183927860576923 0.5510495024038462 0.44342916826923073 0.567967735576923 0.45096164903846153 0.6010907475961539 0.44483696153846153 0.6300061298076923 0.45961157211538467 0.6546674471153846 0.47249215625 0.6814489230769231 0.4749127620192307 0.7061262307692308 0.4764141346153846 0.7188259951923077 0.47068210336538463 0.7209446875 0.46592344471153846 0.7272855360576924 0.43458758413461535 0.7279910793269231 0.41021080048076924 0.7301221490384615 0.3826849903846154 0.7195469110576924 0.36090589663461536 0.69488559375 0.34802531490384614
2 0.5796435913461538 0.8699220288461539 0.5895285889423078 0.8309424326923077 0.5869632259615385 0.7171512740384615 0.5776061298076923 0.7108909879807693 0.4666643389423077 0.6726892620192307 0.44744069711538464 0.6844215961538461 0.43913101923076925 0.6968070576923077 0.4388694519230769 0.6973945456730769 0.4149383846153846 0.7930884158653846 0.40972559374999995 0.8089645384615385 0.41233533173076925 0.826211639423077 0.5760051129807692 0.8885933221153847 0.5796435913461538 0.8699220288461539
2 0.40723233894230765 0.8216870120192308 0.44258638221153845 0.6785997956730768 0.43281966346153844 0.6641321466346154 0.34942121634615386 0.6391438389423078 0.3498062451923077 0.6413391057692308 0.29343420673076925 0.683009954326923 0.2911842548076923 0.7153928557692308 0.2712628173076923 0.7722718293269231 0.40723233894230765 0.8216870120192308
2 0.26229621634615385 0.77236253125 0.28557567788461535 0.7200760072115385 0.2834686706730769 0.6792769567307692 0.21015388942307694 0.6561207860576924 0.1939301971153846 0.6925597956730769 0.1791175048076923 0.7315276730769231 0.26229621634615385 0.77236253125
2 0.5777900360576923 0.8856395096153846 0.5771753533653846 0.8870201081730769 0.6477591875 0.906866141826923 0.6646278990384615 0.9036413966346154 0.6842781177884615 0.8595062812500001 0.6889212932692307 0.7202915625 0.6797099711538461 0.7062647764423077 0.6662167475961538 0.6969486610576923 0.6573239182692308 0.6896983701923076 0.5947311298076923 0.6767011274038462 0.5655757740384615 0.6802454615384614 0.55083965625 0.7009448365384615 0.5876565673076923 0.7148553701923077 0.591011423076923 0.8336792740384615 0.5811876730769231 0.8631828677884615 0.5777900360576923 0.8856395096153846
2 0.5327611682692308 0.27394221634615384 0.5010440793269231 0.2769091514423077 0.48693907932692304 0.3085895 0.4509496298076923 0.40646445192307695 0.4516601634615384 0.4390567331730769 0.47634186057692307 0.42345416586538465 0.5489482620192307 0.4311073076923077 0.6060518870192307 0.36542324519230773 0.6370940360576923 0.31849354807692304 0.5588509399038462 0.2722711466346154 0.5327611682692308 0.27394221634615384
0 0.38350414903846153 0.2794320096153846 0.36369417788461533 0.2839342235576923 0.3633389254807692 0.26758529086538463 0.3410688028846154 0.2576699951923077 0.33469751201923076 0.2548333125 0.3375318413461538 0.26276512740384617 0.3399970552884615 0.28292205288461536 0.3406938197115385 0.29275314423076926 0.3378623581730769 0.29911271394230765 0.31203781009615383 0.31142586298076924 0.30178731009615384 0.3230528076923077 0.3010759447115384 0.34464641346153846 0.2971785961538461 0.3534 0.28726887980769233 0.36135976201923076 0.27736135576923077 0.3607675576923077 0.27664712259615387 0.3680697764423077 0.2879787091346154 0.3712142692307693 0.3010620793269231 0.373220454326923 0.32050947115384615 0.3809286634615384 0.3318243245192308 0.39835581009615384 0.37637971153846156 0.4610458701923077 0.38345723557692313 0.4622963341346154 0.41636658173076924 0.44836830528846155 0.4485566850961539 0.41030906971153847 0.4708632716346154 0.3545096274038461 0.48218771634615387 0.30907865625 0.46274759374999996 0.2985051033653846 0.45778075961538456 0.2982119783653846 0.4461156610576923 0.29586932451923076 0.4319693461538462 0.28480174519230766 0.39589948557692306 0.2630404447115385 0.38882123076923075 0.26464063701923074 0.38668799759615385 0.2751299855769231 0.38350414903846153 0.2794320096153846
0 0.6227168028846154 0.34139414903846155 0.6301619831730769 0.33612081490384615 0.6365507572115384 0.3217713942307692 0.6347743100961538 0.3171615625 0.6245020673076923 0.3116377379807692 0.5929464423076923 0.29662034375 0.57236275 0.2855552379807692 0.5521510480769231 0.2765564086538462 0.5418780745192308 0.27388324038461537 0.5220165480769231 0.2755467139423077 0.5138469951923077 0.2766962283653846 0.5060370985576923 0.2770379495192308 0.49682780288461537 0.28057551923076923 0.48653301923076925 0.2864983846153846 0.48298878605769235 0.29445886298076923 0.4819279639423077 0.30259229326923076 0.4808591370192307 0.3164417283653846 0.47978525 0.32455174519230773 0.47729815865384617 0.33873764903846154 0.47622860096153846 0.3554377403846154 0.4716170072115385 0.37154633653846153 0.4680655048076923 0.3823721538461538 0.4641616177884615 0.3911404302884615 0.4503203942307692 0.4136285264423077 0.42905359134615384 0.4413986899038462 0.4414467331730769 0.43355909374999996 0.4577669663461539 0.42840068028846157 0.47303364663461533 0.4285103557692308 0.4872221081730769 0.42813997836538464 0.5006978004807693 0.42937050721153847 0.5191257860576923 0.43662484855769235 0.5485707211538462 0.45068490384615384 0.5620545 0.42039984375 0.5716263870192309 0.4045990576923077 0.5829681826923078 0.3934227908653846 0.5950423557692308 0.38065434855769226 0.6095890793269231 0.35943068509615383 0.6227168028846154 0.34139414903846155
0 0.7204761009615385 0.48375343509615387 0.7081194326923076 0.4767912043269231 0.6425269663461539 0.4635143389423077 0.6264124951923077 0.4563397139423077 0.5893096610576923 0.46153720673076926 0.5775011586538461 0.45772281009615384 0.5860793076923076 0.4687926947115385 0.5769483846153846 0.4980064014423077 0.5769450408653847 0.5110455144230769 0.5516660048076922 0.5113704759615385 0.6059697740384615 0.5326442956730769 0.6962778100961539 0.5511352836538461 0.7247642475961539 0.5565852163461538 0.7204761009615385 0.48375343509615387
0 0.5356236490384615 0.5542609350961538 0.5284925793269231 0.5579318533653846 0.5226546682692308 0.5649239158653846 0.5135045625 0.5670095552884615 0.5068780673076924 0.5654319423076923 0.5086519831730769 0.5799134951923077 0.5175580240384615 0.5866065096153846 0.5140040817307692 0.6069345192307692 0.5122097235576922 0.621200064903846 0.5170353173076923 0.6370579110576924 0.5175351514423077 0.6502858557692307 0.5264401370192308 0.6610964855769231 0.5272046923076923 0.6614368894230769 0.5261950168269232 0.6739927572115385 0.5396672043269231 0.6888958798076923 0.5447488846153846 0.7000633076923077 0.5503361947115384 0.7018645913461538 0.5503367235576924 0.6998057836538462 0.5780473317307693 0.6724407788461538 0.6332288100961538 0.6860451971153847 0.6517890024038462 0.6874628485576924 0.6764564663461539 0.7018596514423077 0.6856115264423077 0.7059357451923076 0.6927365865384616 0.7002207067307692 0.7288594134615385 0.6683648918269232 0.7278682836538461 0.5576856442307693 0.7128518125000001 0.55031353125 0.6007363365384616 0.5270936634615384 0.592855360576923 0.5242711754807693 0.5605475144230769 0.5372703004807693 0.5442794038461538 0.5430502740384615 0.5356236490384615 0.5542609350961538
0 0.3549506634615385 0.6372236394230769 0.40876924759615385 0.6645993557692308 0.4043396730769231 0.6080713557692308 0.3935827764423077 0.5811077716346154 0.4157505336538462 0.5824421466346154 0.4221079855769231 0.48638582932692304 0.39360902403846154 0.47880088461538467 0.33789013701923076 0.4710463341346154 0.2644435673076923 0.4775732139423077 0.22265048076923077 0.47431175961538463 0.20807988701923077 0.5121555216346154 0.19412527403846153 0.5690337019230769 0.19411737499999998 0.6252930817307691 0.20676016586538462 0.6633211370192308 0.30047025 0.6931116658653846 0.3549506634615385 0.6372236394230769
0 0.4358812355769231 0.5760060889423078 0.4002805817307692 0.5849521610576923 0.4035999447115385 0.63832846875 0.4061088485576923 0.666512233173077 0.4425517788461538 0.6861166129807692 0.4664281009615384 0.6764381899038461 0.5397171995192308 0.6978054591346154 0.5380523125 0.6914150360576923 0.5183666826923077 0.6443029639423077 0.51546015625 0.5866228052884616 0.45261939423076925 0.5721776610576923 0.4358812355769231 0.5760060889423078
0 0.11273068750000001 0.6812039471153846 0.0795071514423077 0.6970511322115385 0.18093974759615383 0.7395846081730769 0.1839394783653846 0.7314027283653846 0.19333280769230768 0.737701545673077 0.19108300961538463 0.7438379543269231 0.20272613221153846 0.744000360576923 0.20122626923076922 0.7480913028846154 0.21211946153846156 0.7502991802884615 0.21136952884615384 0.7523446490384615 0.2215127908653846 0.7565979951923077 0.22421612259615384 0.7446792139423077 0.23289021875 0.7466475024038461 0.23350657692307691 0.7499688221153846 0.24233475961538462 0.7527674375 0.24279703125 0.7552584254807692 0.25177930048076924 0.7588873725961538 0.25208748317307694 0.76054803125 0.2706683870192308 0.7711272403846153 0.2743022860576923 0.7702989447115385 0.2979815841346154 0.7134212043269231 0.30116899278846154 0.6952354302884616 0.1377794326923077 0.6359702788461538 0.12183975721153846 0.6607446394230769 0.11955570192307692 0.6732082836538461 0.16677841586538464 0.7038079567307692 0.1591829519230769 0.7076519735576923 0.1557594951923077 0.7125062764423077 0.14989249759615386 0.7023623677884616 0.14636616826923077 0.7062074615384616 0.14060204567307694 0.697072764423077 0.13697284134615384 0.6999086442307692 0.13131159374999998 0.69178315625 0.12757951201923076 0.6936098245192308 0.12202113942307692 0.6864935504807692 0.11818618509615385 0.6873110096153846 0.11273068750000001 0.6812039471153846
0 0.37140962740384614 0.47342233173076925 0.3917076802884615 0.47700402403846154 0.3870056778846154 0.46340103846153846 0.3572131682692307 0.4285430096153846 0.33532884615384617 0.3923311057692308 0.32208478846153843 0.37981737740384613 0.2922660264423077 0.3708704783653846 0.27410318028846153 0.37457495673076924 0.26833961057692307 0.37200885096153846 0.2633091057692308 0.36515827884615387 0.2590510889423077 0.35319605528846154 0.25317680048076924 0.3491375649038462 0.2450523701923077 0.35271818749999995 0.24258012980769234 0.35995923317307693 0.24312132451923077 0.36481103605769233 0.23168095192307694 0.37810805048076923 0.22407539182692307 0.3716596706730769 0.2148281778846154 0.3701647427884615 0.2039833701923077 0.38017199038461535 0.20123037980769232 0.3863553125 0.17561744951923078 0.43992593028846155 0.1705967019230769 0.44597951923076923 0.17853542067307693 0.4529985961538462 0.1832199855769231 0.45814646394230774 0.1918030625 0.4754836634615385 0.18985002884615382 0.49685881490384615 0.18537998076923076 0.49618852163461535 0.1801488581730769 0.5070936610576923 0.17512632692307692 0.5201155192307693 0.17266759855769231 0.5256379182692308 0.1740505841346154 0.5354577596153847 0.20834337259615385 0.5550375625 0.2243759903846154 0.5501030649038461 0.22725345673076922 0.5427432596153846 0.23229215625000002 0.5176559230769231 0.27224454326923075 0.4865372115384616 0.3177670865384616 0.47313892788461537 0.36329937500000004 0.47269759375000003 0.37140962740384614 0.47342233173076925
0 0.16218659375 0.6205622572115386 0.14292321634615385 0.6343359399038462 0.14943773798076923 0.6393306298076923 0.16881422596153847 0.6431883629807692 0.17358621153846154 0.6387486923076923 0.1937181610576923 0.6274559615384615 0.1901775985576923 0.6211103677884615 0.16218659375 0.6205622572115386