2 0.48581036298076924 0.36295002644230767 0.7436147548076922 0.3412279615384615 0.7879803413461539 0.31321942548076925 0.7987011899038462 0.2863328245192308 0.8288504158653847 0.26033904326923074 0.8095145192307692 0.2430948173076923 0.7642646057692308 0.24764262740384616 0.7216305 0.25363446153846153 0.6337464759615384 0.2641741009615385 0.5524833870192307 0.2701599350961538 0.4230806754807693 0.2774596201923077 0.3157463701923077 0.2871095192307692 0.26125971634615386 0.29476712019230766 0.21576012500000002 0.29753836778846154 0.2225084014423077 0.3455548557692308 0.2473232764423077 0.36744723557692305 0.3213931923076923 0.3787939735576923 0.48581036298076924 0.36295002644230767
1 0.5619862860576923 0.7841551658653846 0.5530513197115384 0.7862328461538461 0.5476033413461538 0.7880049831730769 0.5446121057692308 0.7880227836538461 0.5397528076923077 0.7881018317307693 0.5374647427884616 0.7874001514423077 0.534232514423077 0.7874518221153846 0.5322761466346153 0.7889513100961539 0.5329320625 0.7917108004807693 0.5354865528846153 0.7925595600961538 0.538128891826923 0.7940334038461538 0.5395485408653846 0.794437766826923 0.5557441490384616 0.7937887524038462 0.5834565 0.7941715456730769 0.5864031610576923 0.7919289927884615 0.5699996658653845 0.7814018269230769 0.5619862860576923 0.7841551658653846
2 0.5463839134615385 0.4900088341346154 0.6730175721153846 0.46459599038461535 0.6976231009615385 0.4471647139423077 0.6960487331730769 0.43596251442307693 0.6779802548076923 0.4156549423076923 0.3418633870192308 0.44257911298076924 0.30161907211538463 0.43298702403846157 0.28974344951923076 0.4448214086538461 0.3039951826923077 0.4859793605769231 0.33148768028846154 0.5011714230769231 0.4200831033653846 0.49378606009615383 0.5463839134615385 0.4900088341346154
2 0.27839364423076923 0.42256311778846156 0.2889192668269231 0.4321214855769231 0.2949017139423077 0.43542402163461535 0.30249109375 0.43712520192307697 0.3210905721153846 0.43863775480769235 0.34707026442307687 0.4405221466346154 0.7159422163461537 0.41075587500000005 0.7264693413461539 0.394095423076923 0.7350923149038462 0.3901157403846154 0.7433361442307693 0.38343832211538464 0.7452402980769232 0.37075754807692307 0.7475235913461538 0.36077451442307695 0.7460023966346154 0.34995065384615387 0.7436129591346153 0.34614315625000003 0.7494915697115385 0.3356716081730769 0.43601932211538463 0.36729731971153845 0.31870645192307695 0.3824090576923077 0.30190116346153845 0.3806275745192308 0.28710617307692304 0.3799558485576923 0.27391580048076924 0.37766632211538465 0.26055776442307693 0.3740248485576923 0.25468146634615385 0.3845128461538462 0.25677368509615384 0.3993997668269231 0.2660715168269231 0.41325722836538464 0.27839364423076923 0.42256311778846156
2 0 0.1766422235576923 0.39326124759615383 0.15017158653846155 0.43280961778846155 0.13414611057692308 0.4415598653846154 0.09737108413461538 0.43077216346153846 0.08006615625 0.42274708173076925 0.0059434038461538465 0 0.06535663221153845 0 0.1766422235576923
2 0 0.36718056009615385 0.013257149038461537 0.36461330528846153 0.03337074759615385 0.3492391658653846 0.032648487980769234 0.3242291802884615 0 0.27982378365384614 0 0.36718056009615385
2 0 0.4492257235576923 0.019997288461538462 0.44309350961538463 0.042664576923076916 0.4330134927884615 0.08965283413461538 0.41651274278846157 0.09686630048076922 0.39439657932692307 0.09648575480769231 0.38755572355769236 0.023899819711538463 0.30776158173076923 0.031214752403846153 0.3230887139423077 0.03633037259615385 0.3512219783653846 0.01564596153846154 0.36317046153846155 0 0.36686212259615386 0 0.4492257235576923
2 0.5981880408653846 0.22592674038461538 0.5302922908653847 0.09954473317307692 0.5093332716346154 0.14848613221153847 0.4917939663461538 0.1823362908653846 0.46332034855769233 0.1779675 0.44664374759615383 0.1782144278846154 0.4393149519230769 0.14577920432692307 0.3680006466346154 0.15372173317307694 0.2742655216346154 0.16062166586538462 0.16990659134615382 0.17109472115384616 0.17062654086538462 0.19608825721153847 0.16370911298076923 0.18660989663461539 0.1620229014423077 0.25377731009615384 0.23420144951923078 0.2917258966346154 0.62711684375 0.25324623317307693 0.5981880408653846 0.22592674038461538
2 1 0.5150003822115384 0.9957981899038462 0.5154173725961538 0.9637179471153845 0.5224253629807692 0.949648875 0.5269188245192308 0.9138897427884616 0.5362051754807692 0.8770241586538461 0.5471567403846154 0.8766298028846153 0.5472121634615384 0.873343516826923 0.5476740216346154 0.8542275168269231 0.5566342788461538 0.8383096057692309 0.5668896274038462 0.8302877980769231 0.5788030504807693 0.8294423028846154 0.5917040817307693 0.8243788461538462 0.598437764423077 0.8267653629807692 0.6106497211538462 0.8402626009615385 0.6235479567307693 0.8445280096153845 0.6302118701923077 0.8523405985576923 0.6406547692307692 0.8676715913461539 0.6475248437500001 0.8851302908653846 0.6480738245192307 0.885685826923077 0.6472576706730769 0.9105558317307693 0.6412462379807693 0.9734500048076923 0.6301424759615385 1 0.6256520072115385 1 0.5150003822115384
2 0.5790251995192308 0 0.6230724999999999 0.07186114663461539 0.6999863389423078 0.08404951201923076 0.8351237956730769 0.0943455360576923 0.9389266754807692 0.07975699278846153 0.9305500264423077 0 0.5790251995192308 0
2 0.22450569471153844 0.5398756442307693 0.16183807692307692 0.5696008581730769 0.10419242067307694 0.575605610576923 0.14991559375000002 0.6235459350961539 0.2345922764423077 0.6116454038461538 0.2653515913461538 0.5926950600961539 0.22450569471153844 0.5398756442307693
2 0.5236121586538461 0 0.5201017620192308 0.12607163461538462 0.6128679278846154 0.25105515144230767 0.9553221610576923 0.2301178846153846 0.9439161442307692 0.08950631009615385 0.6277729879807693 0.07955425961538462 0.5846510144230769 0 0.5236121586538461 0
2 0.8065779326923077 0.38068975000000005 0.7755315649038461 0.43733928846153847 0.8326207860576923 0.466958 0.992482048076923 0.4549415072115384 0.9786479663461538 0.3565068846153846 0.8065779326923077 0.38068975000000005
2 1 0.4650365961538461 0.9976235048076922 0.4481269543269231 0.9633683293269232 0.4536485456730769 0.9229469879807692 0.45932939423076924 0.8679892572115384 0.46522477163461534 0.8233703076923077 0.46694965625 0.7738723557692307 0.4684544134615385 0.7509822524038461 0.4607344038461539 0.7473411971153846 0.4521543173076923 0.7456564615384615 0.4487510144230769 0.7098005144230769 0.49565950240384615 0.711130326923077 0.4963784350961538 0.7225204951923078 0.5084321298076924 0.7350937259615384 0.5203195576923076 0.7564458461538461 0.5255214639423077 0.7802166586538462 0.5221806947115385 0.8235277067307692 0.5197338004807692 0.8627659831730768 0.51421921875 0.8890496754807693 0.5114311129807693 0.9235118798076923 0.506587764423077 0.9294710168269231 0.5057502644230769 0.9455430769230768 0.5080373846153846 0.9621936009615385 0.5056973052884616 0.9817119254807692 0.5065942596153846 0.9986144423076924 0.5060471923076924 1 0.5057555817307692 1 0.4650365961538461