1 0.1640130985576923 0.5424363245192307 0.1460871081730769 0.5625170961538462 0.14559127884615386 0.5715547836538462 0.14650059855769232 0.5758660216346153 0.16832599278846153 0.5838653269230769 0.1813680048076923 0.5882404350961539 0.22580197115384618 0.5997974278846153 0.24367941346153849 0.5987988052884615 0.2506779423076923 0.5904960576923076 0.24964707211538462 0.587003860576923 0.26430824999999997 0.5916644711538461 0.3144867427884615 0.6146116274038461 0.3575714182692308 0.6338208437499999 0.36414451682692306 0.6341565408653846 0.36428531249999996 0.6333580480769231 0.36149741346153846 0.6303622067307693 0.35147196875 0.624443548076923 0.3279540745192308 0.6165746225961539 0.28938651682692307 0.5969097644230769 0.27458454326923076 0.5930476466346154 0.2553137860576923 0.5830116850961539 0.25252306490384613 0.5738061466346154 0.2315262427884615 0.554752375 0.20550215624999998 0.5360642908653847 0.17980955528846154 0.5344327596153846 0.1640130985576923 0.5424363245192307
0 0.44846792067307695 0.570981264423077 0.4581428269230769 0.5799255576923077 0.4654806802884615 0.5910992451923077 0.4692291586538462 0.591760201923077 0.4715649615384615 0.5875923557692307 0.4706081850961539 0.5821235360576923 0.4634756586538461 0.5697853798076923 0.4536544903846154 0.5598547572115384 0.45108184375 0.5543411490384615 0.43315325240384617 0.5557595673076923 0.4220804375 0.5566887475961538 0.4102793269230769 0.5579869302884616 0.40902136538461537 0.5633053677884615 0.43548164182692306 0.5662900865384615 0.44846792067307695 0.570981264423077
0 0.44763412019230764 0.6592381057692307 0.45816859134615384 0.6665501057692308 0.4608768894230769 0.6718131947115384 0.4761469951923077 0.6574561634615385 0.4788775745192308 0.6470286634615385 0.4815392163461538 0.6474979831730768 0.46550940625000004 0.6146718125 0.44768985336538464 0.6074303028846153 0.41611265625000005 0.5957218028846154 0.3700352331730769 0.5991921850961538 0.3581278197115385 0.6100427067307692 0.3685945504807692 0.6227972500000001 0.3671469014423077 0.6361953629807692 0.37721498798076925 0.6461523653846153 0.3753038846153846 0.6621788509615385 0.3960886730769231 0.6576620384615384 0.4053828413461539 0.6565736081730769 0.4177140168269231 0.6485078990384616 0.43403935576923075 0.6486592524038461 0.44763412019230764 0.6592381057692307
1 0.3817394519230769 0.5626457307692307 0.3693352427884615 0.5545237764423077 0.3673598173076923 0.5489954086538462 0.3642241105769231 0.5499176105769231 0.34487300721153846 0.5531778028846154 0.3221242379807692 0.54769146875 0.3078775 0.5444418269230769 0.294681375 0.5576722908653846 0.2929746778846154 0.5729286490384615 0.3379685961538461 0.5979118533653847 0.3540838798076923 0.6074257259615384 0.35887483653846153 0.6082705024038462 0.3619233798076923 0.6021357283653846 0.36325168990384615 0.5890253173076924 0.3665746730769231 0.5814638221153846 0.3647061298076923 0.5751995913461538 0.3768873485576923 0.5677249302884616 0.3817394519230769 0.5626457307692307
1 0.20056685096153848 0.7142487644230768 0.23263721875 0.7118762764423077 0.24757649519230768 0.7156082331730769 0.2940616875 0.7172182740384615 0.33419007932692313 0.7188223533653846 0.34633674999999997 0.7162129014423078 0.34758631250000005 0.7091262788461539 0.34484462259615384 0.7053495721153846 0.26814565625 0.7038836658653846 0.23539273557692308 0.6908014855769231 0.20551862019230768 0.6917430697115384 0.17738565625 0.6882575817307692 0.153781625 0.6895671947115385 0.1425403173076923 0.6821134086538462 0.08271872596153845 0.6654761201923077 0.06481918028846154 0.6623199471153847 0.044814848557692306 0.6709709014423078 0.03840149519230769 0.6864608028846154 0.05062242548076923 0.713521076923077 0.06132981009615384 0.7281533677884616 0.08308491826923078 0.7303255913461538 0.10226328365384615 0.7303796754807692 0.13815639182692308 0.727857920673077 0.15608384375 0.7182747235576923 0.1596078966346154 0.7117778317307693 0.16721081730769233 0.7127582307692308 0.17756955528846152 0.7065402427884616 0.20056685096153848 0.7142487644230768
1 0.4427076682692308 0.16798013701923079 0.4134693197115385 0.17634077884615385 0.38667242067307694 0.18732743028846155 0.39386046634615385 0.1907903918269231 0.4051987572115384 0.187318 0.42260429326923077 0.17978683653846156 0.4437188918269231 0.17326987980769232 0.4609009014423077 0.1697301322115385 0.4571015072115384 0.1665044783653846 0.4517659278846154 0.16628407692307692 0.4427076682692308 0.16798013701923079
1 0.23453127884615382 0.09101615865384614 0.2326728701923077 0.09195775480769232 0.23525490865384613 0.11570610096153847 0.24930251201923076 0.12241973557692307 0.26183055769230773 0.12504042548076924 0.27293137980769233 0.12615732932692308 0.28939036298076926 0.12568045432692307 0.3131892355769231 0.12521136298076924 0.3299648846153846 0.11969604086538463 0.32400362019230766 0.11186968028846155 0.32154211298076923 0.10339113942307693 0.32197623317307694 0.1009291201923077 0.32458149278846155 0.09704892067307692 0.23453127884615382 0.09101615865384614
1 0.15105621153846155 0 0.1354704206730769 0.0070317548076923074 0.09515820673076923 0.013474079326923075 0.11777680528846154 0.03046392548076923 0.1270764014423077 0.03323575721153846 0.17507070673076924 0.03886829086538461 0.20890703125 0.039191382211538464 0.2361809014423077 0.03834018509615385 0.2501752692307692 0.018766836538461538 0.2462867908653846 0.0152681875 0.2364912596153846 0.006748591346153846 0.23460549519230767 0 0.15105621153846155 0
2 0 0.5521252163461539 0.10755470432692307 0.5657398389423076 0.1177741346153846 0.5077825697115385 0.09700424278846155 0.47875176682692305 0.08205492067307693 0.4731312668269231 0 0.4677109182692308 0 0.5521252163461539
2 0.11328660817307692 0.16565701682692308 0.14032929807692307 0.12552018990384617 0.1151933798076923 0.07403880528846153 0.06863159855769231 0.0670265360576923 0.05399610817307692 0.15002852884615384 0.11328660817307692 0.16565701682692308
2 0.08436842307692308 0.034847461538461535 0.10215173557692309 0.018429314903846153 0.09284225240384615 0.014935334134615385 0.07749272115384616 0.016772608173076922 0.07414829086538462 0.03573981730769231 0.08436842307692308 0.034847461538461535