2 0.6204635985576924 0.6312733557692307 0.6202173365384615 0.6330256153846154 0.6710873245192308 0.6532895697115385 0.6888927307692309 0.6540050865384616 0.6946340721153846 0.6515333173076924 0.6953728653846153 0.6462765360576923 0.7292333149038461 0.5932161274038461 0.7298907740384616 0.5885380745192308 0.7097331826923077 0.5791477908653846 0.683729358173077 0.5698211057692307 0.6767008701923077 0.5688333173076923 0.657994576923077 0.5936303173076923 0.6482313629807692 0.6089465721153846 0.6368934807692308 0.6258283918269231 0.6257289254807692 0.6320133485576923 0.6204635985576924 0.6312733557692307
2 0.5308305673076923 0.5885453605769231 0.5772163509615384 0.6054906009615384 0.590599576923077 0.6033223437499999 0.6225020865384615 0.5498228293269231 0.6274956057692307 0.5453115504807692 0.5602063870192308 0.5283137475961538 0.5344675889423077 0.53164715625 0.5129278605769231 0.5732753076923077 0.5308305673076923 0.5885453605769231
2 0.6671219254807692 0.8649927788461539 0.5283053100961539 0.8571226225961539 0.5062737379807692 0.8601901682692308 0.5010134038461538 0.8683524423076924 0.5120279375 0.9144082572115385 0.6205342427884616 0.9255431033653847 0.6415265384615385 0.9298704158653847 0.6575899230769231 0.9328164951923077 0.6677565624999999 0.9335568052884615 0.6695504519230769 0.9207926370192308 0.66943228125 0.9070876201923077 0.6717909951923077 0.8903045024038462 0.6721931562500001 0.8800824230769231 0.6671219254807692 0.8649927788461539
1 0.4952280697115385 0.8578181370192308 0.4936714230769231 0.8541731634615384 0.47781971153846153 0.8498961899038461 0.46277074759615383 0.8470926754807693 0.4354555600961539 0.8439422956730769 0.41774219230769233 0.8455511682692307 0.40295078125 0.8482756105769231 0.3900255480769231 0.8450820504807692 0.3802120576923077 0.8416536899038461 0.3714852788461539 0.8452140673076923 0.3702810769230769 0.8464218653846154 0.3734192307692308 0.8461743846153845 0.37999967548076924 0.8505254062500001 0.40651437500000004 0.85218625 0.4129050408653846 0.8578876370192308 0.4266571730769231 0.8625580528846153 0.44498506009615385 0.8712977524038461 0.45843062500000004 0.87797425 0.47567406250000005 0.8797091370192308 0.48907148798076927 0.8795428605769231 0.49617088221153843 0.8730160889423076 0.4971152692307692 0.8662964134615384 0.4952280697115385 0.8578181370192308
2 0.6441979134615384 0.3921192307692308 0.6636107115384615 0.4388799399038461 0.6770889855769231 0.4439217019230769 0.7474904375 0.44753734615384616 0.7450043076923076 0.38110653125 0.7365949158653847 0.37364603365384613 0.6743837019230768 0.37905023798076926 0.6441979134615384 0.3921192307692308
2 0.4914838485576923 0.5947695384615385 0.48750205288461534 0.6103081586538461 0.5227409855769231 0.6271786009615384 0.5429633942307692 0.6362829158653847 0.5524396754807692 0.6230082884615384 0.5693469254807693 0.6015485817307693 0.5581282115384615 0.5984801033653846 0.529219641826923 0.5875648677884615 0.5148364206730769 0.5751172956730769 0.4914838485576923 0.5947695384615385
2 0.4641398485576923 0.5690415288461538 0.5006516249999999 0.58456628125 0.5153922596153846 0.5762445841346154 0.5241551490384615 0.5526238798076923 0.5300966105769231 0.538213125 0.4813903149038462 0.5248105793269231 0.4651891009615384 0.5375663052884615 0.45672601201923074 0.5445079759615384 0.45389591586538464 0.5599133774038462 0.4641398485576923 0.5690415288461538
2 0.5319595576923077 0.5365241394230769 0.5359445721153846 0.5314776875 0.5413063028846155 0.52662471875 0.5471136442307692 0.525260579326923 0.5496064567307692 0.5175126274038462 0.5404978677884615 0.509068625 0.5405776057692308 0.488522625 0.5308547524038462 0.4877791153846154 0.5158693149038461 0.48785335817307696 0.51424115625 0.5094276322115385 0.5104840649038461 0.5095225504807692 0.5110349375 0.5289112860576923 0.5319595576923077 0.5365241394230769
2 0.6010056033653846 0.5355886754807693 0.6079019567307692 0.49703363461538463 0.5756189158653846 0.49348014903846155 0.5667696033653846 0.4912528605769231 0.5558788653846154 0.48462394951923077 0.5544632644230769 0.47576933413461536 0.5529159711538462 0.4804698677884615 0.5513270360576923 0.48967270913461536 0.5487888677884615 0.5119387524038461 0.5480713677884615 0.52755909375 0.5513867115384615 0.5292053533653847 0.5522917211538462 0.52697190625 0.5787124951923077 0.5324555817307692 0.5847260793269231 0.5317269783653846 0.6010056033653846 0.5355886754807693
2 0.5688360240384616 0.3901506875 0.5446592019230769 0.3923593653846154 0.5260883822115384 0.39130677163461536 0.5085514903846154 0.40971080048076924 0.5154090480769231 0.4439857620192308 0.5453237091346154 0.4475670480769231 0.5658129471153847 0.43829918269230767 0.5821564927884615 0.43189127403846156 0.5797832884615385 0.4088202283653847 0.5688360240384616 0.3901506875
2 0.7266353076923077 0.5754249206730769 0.7273245072115385 0.5659644831730769 0.7248309567307692 0.5614501370192307 0.7144475865384615 0.5554171177884615 0.7002536057692308 0.5496846105769231 0.6652663629807692 0.5364560697115385 0.6604496586538461 0.54409053125 0.6561480745192309 0.5480597139423077 0.6556305841346154 0.5562983918269231 0.7133596682692308 0.5764771586538461 0.7195532427884616 0.5769213822115384 0.7266353076923077 0.5754249206730769
0 0.47828146153846157 0.4852428389423077 0.47019615625 0.4910736778846154 0.46725315624999997 0.4976436153846154 0.4671424519230769 0.4984313269230769 0.46231331971153844 0.5098345024038461 0.46255290865384613 0.5109337403846154 0.4768591009615385 0.5183213485576923 0.48429609134615387 0.5199075288461539 0.49245782692307694 0.5221201490384615 0.4948248076923077 0.5224528076923077 0.5017448004807693 0.5191303028846154 0.5056658004807693 0.5169928629807692 0.5070870072115384 0.5096844663461538 0.5083855120192308 0.5034243894230769 0.5098106442307693 0.49906733894230765 0.5106624014423077 0.4930067692307692 0.4850709014423077 0.47706596153846154 0.48229332211538456 0.47667559615384614 0.47916505769230766 0.48456375 0.47828146153846157 0.4852428389423077
2 0.626480028846154 0.6349057716346154 0.6742625072115385 0.5670808028846154 0.6190113197115384 0.5520535216346154 0.5780954807692308 0.6099255913461539 0.626480028846154 0.6349057716346154
2 0.6531626490384616 0.4138543798076923 0.6493715697115385 0.40402657451923074 0.6465350360576922 0.3984476418269231 0.6165538293269232 0.40182415865384613 0.5958384014423077 0.40201112980769227 0.5854275865384616 0.40984298798076924 0.5840494110576923 0.4196492163461538 0.593073 0.4364090697115385 0.6594382307692308 0.44298201923076924 0.6582012716346154 0.4407426201923077 0.6531626490384616 0.4138543798076923