0 0.4669010576923077 1 0.4644841730769231 0.9561253461538463 0.4590062572115385 0.9460943317307693 0.42757916826923076 0.9459818990384616 0.3779888269230769 0.9118856322115385 0.3559542884615385 0.9134293629807692 0.3777169711538461 0.9408259471153847 0.2859548677884615 0.9264554831730769 0.2190558990384615 0.9218980769230769 0.19467864423076925 0.9230287211538462 0.18621451201923078 0.9161072548076923 0.17215822596153846 0.9136287524038462 0.17763614423076923 0.9236597668269231 0.1878179326923077 0.9526671850961539 0.45625566826923075 1 0.4669010576923077 1
0 0.14939437259615385 0.6539485456730769 0.1373771153846154 0.6518295793269231 0.14042306009615385 0.6625879495192308 0.17871288942307692 0.6916420024038461 0.20470121634615385 0.6990059783653847 0.22947193509615385 0.706172014423077 0.2648308870192308 0.7096084615384615 0.27096852644230773 0.681903516826923 0.21386108894230768 0.6681140528846155 0.177787625 0.661753329326923 0.14939437259615385 0.6539485456730769
1 0.4263199663461539 0 0.5092113990384616 0.027775221153846154 0.44506777644230766 0.06023220192307692 0.47451232692307693 0.07272978365384616 0.5890489879807692 0.058273834134615385 0.6134151322115384 0.012284841346153846 0.5437443317307692 0 0.4263199663461539 0
1 0.33747494951923074 0.4795194807692308 0.32445083413461534 0.5041669711538461 0.30764170673076924 0.5151442403846154 0.29297983413461537 0.5209203076923077 0.2837696778846154 0.52393778125 0.2757497043269231 0.5271818701923077 0.27087945673076924 0.5337461177884616 0.2688946875 0.5519787908653846 0.2765145024038462 0.5579805985576923 0.2994589014423077 0.5685277235576923 0.30366492067307693 0.5869136538461539 0.3180324326923077 0.5968867932692308 0.34587365625 0.6147987740384615 0.4027969158653846 0.6155529375 0.4049441706730769 0.6103517379807692 0.3985362307692308 0.6045803725961538 0.4091525552884615 0.5795083245192308 0.42082803365384613 0.5694857956730769 0.44486053365384615 0.5597822019230769 0.4754565528846154 0.5410146466346154 0.4795310456730769 0.5250103846153846 0.4456595 0.5060350961538462 0.42935785096153845 0.47899821394230774 0.4407152620192308 0.47077954086538465 0.4330925793269231 0.4647939855769231 0.4302854807692308 0.4596575456730769 0.35205557932692305 0.4672276778846154 0.33747494951923074 0.4795194807692308
2 0.5735027956730769 0.7887845769230769 0.5581303725961538 0.8348681009615385 0.5913737379807692 0.8515710745192308 0.6717620048076923 0.9019056081730769 0.7248330889423078 0.929326670673077 0.8349407139423076 0.9342809999999999 0.9237572475961537 0.8957186418269232 0.9142288028846154 0.881387576923077 0.9349329903846153 0.8597364014423078 0.9114019879807693 0.7742525841346153 0.6153508365384616 0.7292894615384615 0.5319962644230769 0.777846514423077 0.5313773197115385 0.78135671875 0.5282883317307692 0.7988752451923078 0.5735027956730769 0.7887845769230769
2 0.54604015625 0.5887322716346154 0.5415830817307692 0.6277088677884616 0.5546892620192307 0.6354488533653846 0.92155115625 0.689295233173077 0.9274744735576923 0.6831009879807692 0.92059821875 0.66742790625 0.9809870096153847 0.5985510841346154 0.9916518269230769 0.5910891730769231 0.9932302211538461 0.5821376586538461 0.9412579735576923 0.5228620576923076 0.9357743269230769 0.5128635432692308 0.6125823990384616 0.4576857572115385 0.5833546562499999 0.51397715625 0.564862985576923 0.5504790745192307 0.54604015625 0.5887322716346154
2 1 0.3799296346153846 0.92077153125 0.29694504567307695 0.7253515096153845 0.26970915144230767 0.6091412908653846 0.2582665096153846 0.5752007283653846 0.28661535817307693 0.5456635096153846 0.34466185817307693 0.6181962427884616 0.45324661778846154 0.94280246875 0.5141027932692308 1 0.4477804783653846 1 0.3799296346153846
2 0.4490512403846154 0.7397288533653845 0.4723802259615385 0.6896192740384616 0.47542300000000004 0.6449642836538462 0.41735987980769235 0.6184559062499999 0.35030328125000004 0.6156803750000001 0.34262702644230775 0.6866131538461538 0.37777343750000003 0.7199219711538463 0.4490512403846154 0.7397288533653845
2 0.5539155552884615 0.1979081971153846 0.5711373004807693 0.23710476923076923 0.5780626346153845 0.27989806009615387 0.5658037572115384 0.3084506298076923 0.62279121875 0.2588636899038462 0.8966719399038462 0.2926956370192308 0.8448113557692308 0.2311377764423077 0.8455604975961539 0.2131899158653846 0.5710117524038462 0.15574796394230767 0.5539155552884615 0.1979081971153846
2 0.4791594591346154 0.7450377451923077 0.48747456971153846 0.7663767932692308 0.5154135649038462 0.7857638076923077 0.5601421490384616 0.7647294350961539 0.6207376009615384 0.7356515504807692 0.8721601129807692 0.7601112548076923 0.8538032884615384 0.6863810552884615 0.6753549615384615 0.6585351418269231 0.6051602932692307 0.6461579278846153 0.5373083413461539 0.634193798076923 0.49232223076923076 0.6840872307692307 0.4859101682692308 0.6793540264423077 0.48595924759615383 0.7064742331730769 0.4791594591346154 0.7450377451923077
0 0.5619175288461539 0.3246556466346154 0.5581035865384615 0.2937716923076923 0.5461941971153846 0.27137996875000003 0.5108978293269231 0.26911073317307693 0.5050919014423078 0.2646184567307692 0.5073785576923077 0.2516501947115385 0.5007858533653846 0.25149309615384613 0.4653912908653846 0.2873269350961538 0.4590309735576923 0.3159142091346154 0.4569889423076923 0.3200112980769231 0.44984559855769235 0.3118146610576923 0.45310984375 0.33072153365384616 0.45072968028846155 0.33673623076923076 0.4445280288461539 0.330682875 0.4352670961538462 0.33449569230769227 0.44021260817307695 0.38141379807692305 0.4688180841346154 0.3953720216346154 0.5151047908653846 0.38769899278846154 0.5609995144230769 0.36360278125 0.561194076923077 0.35869400480769226 0.5564884951923077 0.34796136057692306 0.5619175288461539 0.3246556466346154
0 0.4464466225961538 0.3995876033653846 0.43488801923076925 0.4022244951923077 0.4259810072115385 0.4094844735576923 0.42222526442307695 0.4150555480769231 0.43351737740384616 0.41392999519230766 0.44744863461538464 0.40963369711538467 0.4511444951923077 0.4082076057692308 0.4530854423076923 0.41686093028846155 0.43855693269230767 0.4246712596153846 0.4298275793269231 0.4309236778846154 0.4262648028846154 0.44326477403846154 0.4236762956730769 0.4500805480769231 0.42507182211538463 0.4539627163461538 0.4309968100961538 0.4596824350961538 0.4370134951923077 0.46488212259615386 0.4466343413461538 0.4691757524038461 0.45793889663461534 0.4758440336538462 0.46152942067307695 0.47907435576923074 0.4704778221153846 0.4832494110576923 0.48088163461538463 0.48716165384615384 0.4980770456730769 0.49175199759615384 0.51502765625 0.4978575048076923 0.5230753149038462 0.49927652403846157 0.5259427596153846 0.4987432451923077 0.5269705240384616 0.4968466971153846 0.5279858461538461 0.4871563173076923 0.5254801081730769 0.47790071875 0.52385628125 0.4713810817307692 0.5246051153846154 0.46320203846153846 0.5211769423076923 0.4511865769230769 0.5213546033653846 0.45017901923076925 0.5215580120192308 0.4372288197115385 0.5211367475961539 0.4278213245192308 0.5246641947115385 0.4196127860576923 0.5262249399038461 0.4146935600961538 0.5251818653846153 0.4088125240384616 0.5187114543269231 0.39832164903846157 0.5129994519230769 0.3874618149038461 0.4979255192307692 0.3905009855769231 0.49295190865384614 0.3911823341346154 0.48601159615384615 0.3951529951923077 0.4835501105769231 0.39731618269230773 0.4780652115384615 0.40102403125 0.4711277644230769 0.4049784423076923 0.46709309134615384 0.40426701923076924 0.4642256466346154 0.4048002956730769 0.4760860673076923 0.39651951201923075 0.47178490384615385 0.3973194278846154 0.46672246153846153 0.3985045552884615 0.45838662500000005 0.3985930480769231 0.4464466225961538 0.3995876033653846
0 0.33688733653846153 0.3586705841346154 0.3448905 0.3693479471153846 0.3789962115384615 0.3864878317307693 0.4095557475961539 0.39557942307692306 0.4313106346153846 0.38458614903846156 0.43270820432692303 0.3625803221153846 0.43112759375 0.32245534134615383 0.4399685504807692 0.30732505048076925 0.456032875 0.2934684326923077 0.44697543749999996 0.28166682692307693 0.3532549038461538 0.29387827884615386 0.3761811466346154 0.28309154326923075 0.3938595264423077 0.27416100240384617 0.3775240480769231 0.2684990841346154 0.32883990384615386 0.28494853846153845 0.31131137980769236 0.2790762572115385 0.3050904831730769 0.28632393990384614 0.3099901706730769 0.29367254326923076 0.3104217860576923 0.3122810216346154 0.320039 0.3278844543269231 0.3339744350961539 0.3470308365384615 0.33688733653846153 0.3586705841346154
0 0.44107162499999997 0 0.5335036105769231 0.03676709134615384 0.5438762500000001 0.04288565865384615 0.5169024302884615 0.04669187259615385 0.4968557163461539 0.050027141826923076 0.46745749759615385 0.06111372836538462 0.46509879326923076 0.06155239182692308 0.44950176201923076 0.06565550721153847 0.44129481490384614 0.06678885576923077 0.45417516105769234 0.07162370913461538 0.4531493197115385 0.07744155288461538 0.4629814086538462 0.08002978125 0.4859685192307692 0.0729569014423077 0.5128647620192308 0.06312152884615384 0.5248289735576923 0.060086983173076924 0.5330330600961538 0.05896988461538462 0.5456622692307692 0.058633055288461536 0.5709452475961538 0.057946966346153844 0.5769396322115384 0.056423483173076924 0.5865422764423077 0.053843853365384615 0.6060308365384615 0.03413987980769231 0.6212290432692308 0.01366264423076923 0.5437443365384615 0 0.44107162499999997 0
0 0.3054200625 0.5172156682692308 0.32257769951923077 0.5126336995192308 0.3321132211538461 0.49698914182692305 0.3362891538461538 0.4829464927884616 0.33651890384615385 0.47834553124999996 0.32978673557692306 0.47504718509615385 0.3105977716346154 0.4686978028846154 0.29796515625000003 0.47323984375 0.29238155288461537 0.4920946610576923 0.29647389423076925 0.5071930841346154 0.3054200625 0.5172156682692308
0 0.21532867307692308 0.7624087067307692 0.22874869951923077 0.7593627620192307 0.25732333653846157 0.7648704134615384 0.26125281971153846 0.7657978774038461 0.26398598557692304 0.7662798076923077 0.2704314158653846 0.75116278125 0.2580473389423077 0.7393275552884616 0.23866400721153846 0.7316704278846153 0.22349490625 0.7285265336538462 0.21588108173076923 0.7271840120192308 0.19519378846153845 0.7322495144230768 0.18305699519230767 0.7440003725961539 0.16377951682692307 0.74107040625 0.14643000721153848 0.7431888894230769 0.13736063221153846 0.7465495528846154 0.1298181682692308 0.7536815024038461 0.12607477403846154 0.7570261754807692 0.11410743269230769 0.7553851850961538 0.1073700576923077 0.7615029158653847 0.11284083413461538 0.7643442548076924 0.12883789423076925 0.7681200745192308 0.13871680048076923 0.7656226682692308 0.16314866346153847 0.7588548076923077 0.17576349278846154 0.7603753798076922 0.2059741514423077 0.7619321875 0.21532867307692308 0.7624087067307692
1 0.47454003365384617 0.14170324759615385 0.47474893509615385 0.14939767307692306 0.47811667307692307 0.15706261778846153 0.43908244711538463 0.16432207692307693 0.42131148798076923 0.17593404567307694 0.42695686298076924 0.18400060096153847 0.4707986538461538 0.18524643509615385 0.4898197572115385 0.1933088653846154 0.4993288774038461 0.19734820673076922 0.5221351274038462 0.20195603125 0.5576741826923077 0.17874834375 0.568378764423077 0.15824954567307692 0.5832729206730769 0.1585131610576923 0.6029446322115384 0.1584462548076923 0.5669794735576923 0.14386056971153846 0.4996427668269231 0.13316022596153848 0.48275302163461536 0.13076857692307692 0.47454003365384617 0.14170324759615385
1 0.41200620673076926 0.8094040793269232 0.37916802403846156 0.8318815552884615 0.2948876105769231 0.881883954326923 0.2284538966346154 0.8934610360576923 0.12182907211538462 0.8813124182692308 0.1474085985576923 0.9124316490384616 0.17109604567307693 0.9166083846153845 0.20725045192307692 0.9129966778846155 0.48333390625 0.9084599014423076 0.5451144350961539 0.8727879543269231 0.5510860985576923 0.83892096875 0.5292059086538461 0.7868217596153847 0.4971905 0.7795177139423076 0.43047310576923076 0.7927036418269231 0.41200620673076926 0.8094040793269232
0 0.2643708221153846 0.5934905528846154 0.28394981009615383 0.6005454423076924 0.30959087259615387 0.6140647403846153 0.32672398798076924 0.6212915817307691 0.34073364182692306 0.6099547403846154 0.32022775 0.5991505841346154 0.2847247548076923 0.5688787908653846 0.27193843509615384 0.5414396274038462 0.27477102403846154 0.5299416394230769 0.2667373774038462 0.5255257283653847 0.25184652644230765 0.53729365625 0.2501029591346154 0.5381759110576924 0.2422354903846154 0.5463899759615385 0.24143614423076926 0.5600561490384616 0.2485870841346154 0.5739177259615384 0.2643708221153846 0.5934905528846154
0 0.19867584375 0.5144965048076923 0.18974246153846153 0.5142953173076923 0.19401603605769233 0.5188525240384615 0.20125206971153847 0.5208154375 0.20456395192307691 0.5215669735576923 0.21086469471153846 0.5262973076923078 0.2177376730769231 0.5290507692307692 0.22272598557692308 0.5294276586538461 0.22651144471153847 0.5288886899038462 0.22867414903846153 0.5270246995192308 0.23042409615384615 0.5183686875 0.22019253125 0.5163970240384615 0.2073742548076923 0.5160302692307692 0.19867584375 0.5144965048076923
0 0.34690473798076926 0.6376182283653846 0.36801900480769234 0.6165588028846154 0.33869828125 0.61008178125 0.30957153125 0.617345548076923 0.30574346153846155 0.6192677692307692 0.2808196418269231 0.6520383125 0.2859354278846154 0.6724948653846153 0.2749110192307692 0.6855477788461539 0.2669384423076923 0.69131365625 0.27347960576923075 0.7035596562499999 0.2910448677884615 0.7125215600961539 0.30513614903846153 0.7215244014423077 0.3406471201923077 0.7323436346153845 0.3851122019230769 0.7219365096153846 0.3663688701923077 0.7049417259615385 0.3536823389423077 0.6929191177884615 0.3454463509615385 0.6803910360576922 0.3439596850961539 0.6592674086538461 0.34690473798076926 0.6376182283653846
0 0.43435356730769226 0.5953964375 0.42555503846153847 0.6017874663461538 0.41538522596153843 0.6013682620192308 0.40706039182692305 0.6029164879807692 0.4119042043269231 0.6169242139423077 0.43987552403846153 0.6366352908653846 0.45377827884615385 0.6407455865384615 0.4612955889423077 0.6395911706730769 0.46918181009615384 0.6467458653846154 0.47740116346153844 0.6416099663461539 0.4825591778846154 0.6206023341346154 0.5000178485576924 0.5963011129807693 0.5053300576923078 0.578604889423077 0.5129739903846153 0.5725464711538462 0.5076915600961539 0.5672416658653846 0.5012232115384616 0.5562317115384615 0.49218383653846154 0.555743735576923 0.48052989903846155 0.5575260048076923 0.47312380048076924 0.5622355913461539 0.46870349038461534 0.5644722884615384 0.4635215024038462 0.5668427836538462 0.45219349278846155 0.5771779230769231 0.4417704326923077 0.5865667211538461 0.4402863100961539 0.5887681947115385 0.43435356730769226 0.5953964375
1 0.5097752475961539 0.24059478846153848 0.5104457716346154 0.23679206490384616 0.42347867548076923 0.22668536057692307 0.43261925240384613 0.1846136394230769 0.4170812139423077 0.1740487091346154 0.4619032475961538 0.16174405048076926 0.4684739399038461 0.1589816875 0.45062146634615385 0.14670167788461538 0.40907190625 0.15046798076923076 0.37608196875 0.20919590384615386 0.3826146778846154 0.25599172596153846 0.3839261923076923 0.26339464182692307 0.4359329375 0.28429418509615384 0.4677279014423077 0.2866330336538461 0.5008663221153846 0.2566179326923077 0.5097752475961539 0.24059478846153848
2 0.3017186514423077 0.591228701923077 0.3596162235576923 0.6109383798076923 0.3981820865384615 0.6082378076923077 0.4724862163461539 0.5468247427884616 0.4661283389423077 0.5108339975961539 0.43395866826923074 0.48931023557692305 0.3477771442307693 0.4741141081730769 0.3419225240384615 0.49526700961538467 0.32982975480769233 0.551798233173077 0.30216219471153843 0.5167920240384615 0.28566668509615384 0.5503449423076924 0.3017186514423077 0.591228701923077
2 0.32722790144230773 0.4361572379807692 0.32871487499999996 0.4475120456730769 0.33412284375 0.4562907692307692 0.3365704158653846 0.46714470913461537 0.34235883173076925 0.4688188533653846 0.34888147596153846 0.4712759567307692 0.36985732451923076 0.4658424278846154 0.4089995240384615 0.46101490144230767 0.42897245432692305 0.4612692067307692 0.4306644158653846 0.46156754567307695 0.4263679447115385 0.4562522716346154 0.4224284278846154 0.4490394615384616 0.42336764182692305 0.43876594711538464 0.42882396875 0.4325563846153846 0.43156372596153847 0.4317324951923077 0.4264881514423077 0.42106865865384613 0.4235512451923077 0.4179368341346154 0.42691664903846155 0.4087446153846154 0.43034575240384615 0.40413807692307696 0.4310134086538462 0.4003516057692308 0.42498296874999997 0.3901561394230769 0.4105778100961538 0.39282730288461537 0.39098532451923074 0.3854684206730769 0.3812570841346154 0.38635028365384616 0.3837950264423077 0.38679779326923075 0.3195293004807693 0.41068757451923077 0.3164571466346154 0.4133965769230769 0.32969927403846155 0.43203531730769235 0.32722790144230773 0.4361572379807692
2 0.4740537788461538 0.6113779855769231 0.47915006971153845 0.6531282524038461 0.49135533894230765 0.6634406466346154 0.5024621778846154 0.6712302451923077 0.5418352980769231 0.6245026322115385 0.5412725961538462 0.5835517620192308 0.522638704326923 0.5744349423076923 0.48913054086538466 0.5965261826923076 0.4740537788461538 0.6113779855769231