2 0 0.5218304711538462 0.0018491081730769232 0.542965875 0.03290994951923077 0.5402484038461538 0.11331764423076923 0.5299418052884616 0.16220781490384617 0.5256644687500001 0.19173087259615385 0.49683832932692307 0.2018304254807692 0.4713560072115385 0.20272326201923077 0.42536940865384615 0.17372257932692306 0.37543735576923076 0.14209460817307693 0.3519612355769231 0 0.3588025240384616 0 0.5218304711538462
2 0.17637903365384616 0.5102409831730769 0.16871079326923077 0.5235024399038462 0.10796398317307693 0.5355320697115384 0.08454741586538463 0.5417776105769231 0.06952650240384615 0.5716132740384615 0.05930416826923077 0.6421754471153847 0.03666235096153846 0.686107798076923 0.03906731490384615 0.7135966514423077 0.021094528846153846 0.7244021514423077 0.01839779326923077 0.732118201923077 0.01957638701923077 0.7455896033653846 0.07907983653846154 0.7528868293269231 0.18433690384615384 0.7453567692307692 0.2097989110576923 0.6759965408653846 0.22477722596153848 0.5303484639423077 0.19706100000000001 0.5159858894230769 0.17637903365384616 0.5102409831730769
2 0.4416736394230769 1 0.44137712500000004 0.9917245072115384 0.43554161298076927 0.9782740745192308 0.41269822115384613 0.9701830216346153 0.3240327451923077 0.9825996129807693 0.27833231971153843 1 0.4416736394230769 1
0 0.13004602403846152 0.28338177163461536 0.1971600576923077 0.27822951682692304 0.22482934375 0.2879368293269231 0.23102929567307692 0.2852531514423077 0.23267967548076923 0.27940446153846155 0.2226041201923077 0.2745645264423077 0.21446424759615385 0.2674311201923077 0.20282060096153845 0.25702407692307694 0.19394280528846153 0.2535182740384615 0.1797888966346154 0.25119353365384617 0.11337586298076922 0.25200195192307695 0.10208570913461538 0.2579916826923077 0.09438585576923077 0.2679498100961539 0.09294693269230768 0.2759212524038462 0.10627639663461538 0.2811788389423077 0.10100028125 0.28235989903846154 0.11076498798076923 0.28364685096153847 0.13004602403846152 0.28338177163461536
0 0.3605562451923077 0.09441541346153846 0.36068211298076924 0.08467454326923077 0.3577468269230769 0.07907287500000001 0.3566646274038462 0.07788280288461538 0.3495565072115384 0.07459903846153847 0.3398819543269231 0.06992957932692308 0.32769599759615387 0.06450343028846153 0.3147654567307692 0.06174619230769231 0.30265785817307694 0.06280546875000001 0.29540351923076924 0.06344014182692308 0.28120419471153846 0.06824546634615385 0.27839886298076927 0.07530865384615384 0.2797805625 0.09110156971153846 0.2806253485576923 0.10075751923076924 0.2845015384615385 0.10593426682692307 0.2891547716346154 0.10910733894230769 0.29383206009615387 0.11226117548076922 0.3101923389423077 0.11538642548076924 0.31653106009615384 0.11546567067307692 0.326579391826923 0.11881767307692306 0.35227882211538464 0.11689473317307691 0.3564015552884615 0.10841440625 0.35646448798076924 0.10354397115384616 0.3605562451923077 0.09441541346153846
1 0.2957059615384615 0.7141321802884615 0.2604178966346154 0.7211936562500001 0.25657866586538464 0.7285014663461538 0.25709773317307694 0.7344344350961538 0.25935711298076924 0.7431957716346154 0.26170275480769234 0.7529431009615385 0.27575357211538465 0.7596792788461539 0.3092877716346154 0.7666979639423077 0.3296232836538462 0.7599511298076924 0.37068895913461536 0.75037996875 0.4085072596153846 0.7381122884615384 0.41400053605769227 0.7326468509615385 0.42832221634615386 0.725415483173077 0.4569063413461538 0.7099815240384615 0.47498098798076926 0.6944563533653846 0.49026660576923076 0.6811794038461538 0.5060090865384615 0.6728301899038461 0.5059228245192308 0.6718441971153847 0.4912546033653846 0.6751145817307692 0.4785614278846154 0.6841905552884615 0.4613629735576923 0.6926671490384616 0.44869533894230773 0.7017408870192308 0.4330646658653846 0.7110738581730769 0.41856897355769235 0.7163162331730769 0.40082590625 0.71886209375 0.38903594951923076 0.7209042524038461 0.4072965985576923 0.7242743629807692 0.3803800769230769 0.7246421682692308 0.3573538701923077 0.7176976947115384 0.3134234855769231 0.7115885576923078 0.2957059615384615 0.7141321802884615
1 0.3568539615384615 0.2718638461538462 0.3041432043269231 0.2760129278846154 0.2571582091346154 0.2970651850961538 0.22531555288461538 0.2970246009615385 0.2473727764423077 0.36291263701923077 0.2533987067307692 0.41560844471153846 0.3606851370192308 0.38832121394230773 0.36367278365384614 0.37392755288461543 0.3497566995192308 0.3525505408653846 0.34995521394230766 0.33040117307692307 0.3478895288461539 0.3150278293269231 0.36689833413461537 0.2813487451923077 0.37747814663461543 0.26488619471153846 0.3708818653846154 0.2621571947115385 0.3568539615384615 0.2718638461538462
2 0 0.3453218774038461 0.15212757932692306 0.34219298076923077 0.16212084855769232 0.3584487139423077 0.19025447596153844 0.41023814903846156 0.20268442307692308 0.4419889375 0.20400562740384617 0.44473406249999997 0.23799258173076923 0.44104112740384616 0.2453602451923077 0.4025734326923077 0.2389671706730769 0.3909875625 0.22029848317307693 0.27557135576923075 0 0.27818364182692307 0 0.3453218774038461
2 0.34781144951923076 0.8666387980769231 0.3469373173076923 0.8528228221153846 0.34402983894230765 0.8463622211538462 0.3125851394230769 0.8482225120192308 0.27343063942307694 0.8543375024038462 0.26452981009615384 0.8564523677884615 0.2614690769230769 0.8753062307692308 0.2588814086538461 0.8842689375 0.26689828365384616 0.8911732860576923 0.27094539182692307 0.8950674591346155 0.27663537259615384 0.8947923413461538 0.3277547427884615 0.8909880456730769 0.33921541586538456 0.8875357716346154 0.3468657235576923 0.8826010793269231 0.34781144951923076 0.8666387980769231
2 0.16920030288461538 0.09868622596153845 0.15453836298076923 0.09996897836538461 0.15063050961538463 0.11178799278846153 0.05008837980769231 0.11731245432692307 0.020415750000000003 0.17237775721153847 0.04913235817307692 0.21906283173076924 0.2253461658653846 0.20529060336538463 0.24306076442307692 0.18241388701923075 0.24053048317307693 0.12524965384615386 0.16920030288461538 0.09868622596153845
2 0.08720071153846153 0.07785265865384615 0.06372472596153846 0.10695486057692308 0.0445501875 0.11079079807692307 0.14447277403846154 0.11936716826923077 0.1499134735576923 0.08858814423076923 0.24180724278846155 0.1357243125 0.25219638221153845 0.10560867548076923 0.16095970192307693 0.029208317307692307 0.15128621153846153 0.02859858413461538 0.08103385096153846 0.034744870192307695 0.07148283413461538 0.04676638461538462 0.10885302884615385 0.046734492788461535 0.09850279567307692 0.05846620192307693 0.06691067788461538 0.050403973557692314 0.05122532451923077 0.07558700961538461 0.08720071153846153 0.07785265865384615
2 0.5096887620192307 1 0.5024450721153846 0.9801292932692308 0.4402513461538462 0.9888595048076922 0.4416413725961539 1 0.5096887620192307 1
2 0.41645432932692306 0.9195606346153846 0.39405203365384617 0.9391645120192307 0.38952022596153846 0.9700353197115384 0.4158775793269231 0.9682775120192308 0.43598380528846153 0.9777386177884615 0.44339144471153846 0.9888588629807693 0.49990203846153847 0.9828356346153846 0.5071734495192307 0.9832786610576923 0.5035979831730769 0.9424108798076923 0.41645432932692306 0.9195606346153846
2 0.2769469855769231 0.09107539663461539 0.27778275721153844 0.08385905048076923 0.2782745 0.07830015865384615 0.2794761490384615 0.07526579326923076 0.2809950576923077 0.07026797836538462 0.28477375961538465 0.06344510336538461 0.2753803052884615 0.06198862740384615 0.25050751682692307 0.061886420673076925 0.23371621634615383 0.06530829567307693 0.21564070432692306 0.06493687259615386 0.23525882211538462 0.07587960336538462 0.23631424759615383 0.07676367548076923 0.24050769951923076 0.0799769735576923 0.24570128846153846 0.08373658173076923 0.2474963701923077 0.08748518028846154 0.24780572836538461 0.09102116105769231 0.24791876201923074 0.09231315384615385 0.24839125721153849 0.10330355528846155 0.24847603365384613 0.10427255288461537 0.2524999302884615 0.10554785817307691 0.28627294471153847 0.11264843028846154 0.28260393990384614 0.11101660336538462 0.2801618822115385 0.09987304567307692 0.2769469855769231 0.09107539663461539
1 0.3597518269230769 0.10522631971153847 0.36207799278846153 0.09298039423076923 0.36116181490384613 0.08250844951923077 0.3536984903846154 0.0748704735576923 0.3206127644230769 0.06532869471153846 0.2955922139423077 0.06412596394230768 0.27799656490384617 0.07659434375 0.2750643293269231 0.09456333413461539 0.28236552163461537 0.1071146875 0.28919996153846156 0.11403683413461539 0.2987859326923077 0.11357502884615384 0.32430299759615383 0.11398060096153848 0.3499836634615384 0.11625616346153846 0.3606352836538462 0.11532426682692307 0.3622884302884615 0.11480277403846154 0.3597518269230769 0.10522631971153847
1 0.20116636057692305 0.03776736057692308 0.20429186298076923 0.030539122596153847 0.2050736610576923 0.02389279326923077 0.11655269711538462 0.031637372596153845 0.13465245192307693 0.03712855288461538 0.15115227884615384 0.04214302644230769 0.18190559615384616 0.05238563461538462 0.18891245913461538 0.05127584375 0.1954656923076923 0.04498107932692308 0.20116636057692305 0.03776736057692308