2 0.3009222572115385 0.6526262451923077 0.32261997355769234 0.65403278125 0.39773699038461535 0.624712 0.39012436778846155 0.5915953197115384 0.395865 0.5396621634615385 0.4694442596153846 0.4468916971153846 0.4954490793269231 0.3940716298076923 0.45441067788461537 0.36920143990384613 0.45564072836538466 0.3664387043269231 0.3267377259615385 0.3437182283653846 0.28433221153846155 0.42227394711538463 0.22547062740384616 0.5265406634615385 0.23553437980769232 0.6433318990384616 0.3009222572115385 0.6526262451923077
2 0.4978753293269231 0.4100044927884615 0.4855045576923077 0.42102656009615386 0.4533760144230769 0.44304804567307693 0.4184788966346154 0.49356420192307693 0.4006841682692308 0.5335318149038462 0.3966855408653846 0.5647892235576923 0.3976164711538462 0.6296018581730769 0.43429071153846155 0.6475854783653846 0.493305375 0.6656065889423076 0.5404776274038462 0.6766999230769231 0.5882649038461538 0.6864118846153846 0.6197287908653847 0.6938217956730769 0.6743598125 0.7049255961538462 0.6084619038461538 0.6689872403846154 0.5152249014423077 0.6274754543269231 0.5086978317307692 0.6030960072115384 0.5081601177884616 0.576439673076923 0.5018052283653847 0.5405725817307693 0.49896011298076925 0.5079233389423077 0.5146114158653846 0.45049358894230773 0.5290998533653846 0.4123643125 0.4978753293269231 0.4100044927884615
2 0.5618515793269231 1 0.5333055096153847 0.9317393317307693 0.5300267908653846 0.8891865552884616 0.5517807283653846 0.8347387043269231 0.572332295673077 0.7830659158653847 0.5974402235576923 0.7432867211538461 0.6429604495192307 0.707652141826923 0.6551231586538461 0.7081238125 0.6182116730769232 0.6966332788461538 0.5570465432692308 0.6841872235576923 0.5100567908653846 0.6731310096153845 0.4822575985576923 0.7133671730769231 0.4585191009615385 0.7389696634615385 0.4386744519230769 0.850147 0.41530352403846155 0.9137398870192308 0.41430166346153846 0.9659069927884616 0.42362552884615384 0.9782680168269231 0.4549368052884616 1 0.5618515793269231 1
2 0 0.824703795673077 0.23607187019230771 0.929809764423077 0.2421210360576923 0.9068805937500001 0.25514000721153846 0.822656420673077 0.25760921875 0.7402235625 0.22002691826923076 0.7148176153846154 0.13168472115384616 0.6971792379807693 0.005205033653846154 0.6810108725961539 0 0.6945412139423077 0 0.824703795673077
2 0.30233359134615384 0 0.31010156971153846 0.005514896634615385 0.37846478125 0.04753853365384615 0.4524416875 0.09371674278846154 0.6478309062500001 0.09629463221153846 0.587157625 0.05934997115384615 0.505433298076923 0 0.30233359134615384 0
2 0.7887492091346153 1 0.7837167860576923 0.9930440745192308 0.7736099951923077 0.8981043341346153 0.7993449158653847 0.7777203798076923 0.8080109735576924 0.7619812355769231 0.642991045673077 0.7059443629807693 0.5607496899038462 0.7913491995192307 0.5402131875 0.9478136346153847 0.572596048076923 1 0.7887492091346153 1
2 0.18002162740384617 0.2753283846153846 0.17917119951923077 0.22694906490384614 0.1986993076923077 0.19426363942307695 0.22760972836538462 0.17403146634615385 0.22860861538461538 0.16620022115384614 0.1321769326923077 0.10340371634615385 0.0644333389423077 0.2490020721153846 0.01840036298076923 0.3523938269230769 0.16642531730769233 0.42320814423076925 0.21164026442307693 0.4334079567307692 0.24300654567307692 0.36295813221153844 0.2551543533653846 0.34684913461538464 0.21601119471153846 0.30624873317307694 0.18002162740384617 0.2753283846153846
1 0.30142747836538464 0.7366482379807693 0.2922908317307692 0.7848845360576924 0.29882556009615385 0.8359932908653847 0.4300371778846154 0.8667155216346154 0.4408045889423077 0.8356027620192308 0.43075007692307693 0.8270433894230769 0.41501620913461534 0.8138808894230769 0.40855889903846154 0.8007436947115385 0.4148410913461538 0.7727761322115385 0.42321510817307695 0.726252735576923 0.4422169230769231 0.7008586129807692 0.4731113677884615 0.7146137067307692 0.485529420673077 0.6832206754807693 0.3595855264423077 0.6302365384615385 0.3402903413461538 0.6216457668269231 0.3242832860576923 0.6575982019230769 0.30142747836538464 0.7366482379807693
2 1 0.5740092211538461 0.6551275336538461 0.4299204182692308 0.53570615625 0.4073606875 0.4983817043269231 0.5170452596153846 0.5050612692307692 0.5602294206730769 0.5207019302884615 0.62843534375 0.5235474471153846 0.6220442067307693 0.6828074278846153 0.710165360576923 0.7110729350961538 0.7112739471153847 0.9062331298076922 0.7962448365384615 1 0.5856409927884616 1 0.5740092211538461
2 0.17840924278846154 0.25741853365384615 0.19863245192307694 0.2893304014423077 0.24493371153846155 0.3271149471153846 0.2981203701923077 0.3622491298076923 0.3019474663461538 0.36013507692307695 0.3172004831730769 0.35165421634615385 0.38821083173076926 0.26301455528846157 0.39920787500000005 0.26409276923076924 0.4326555673076923 0.2598947139423077 0.43158913221153844 0.23651199278846152 0.35630404567307694 0.18008500240384617 0.35442882451923075 0.19070405528846154 0.3218942548076923 0.18003671875 0.2728323365384615 0.1677489423076923 0.23179401923076923 0.1761813341346154 0.19561335096153845 0.20588848798076922 0.17840924278846154 0.25741853365384615
0 1 0.5642962379807692 0.98116590625 0.5539617548076923 0.9796429086538462 0.5380117283653847 0.9576488197115385 0.5358553028846154 0.9478984254807692 0.5448660600961538 0.810991391826923 0.49154709375 0.8352895769230769 0.47563944471153846 0.7980424711538461 0.48196387740384616 0.5252394783653846 0.3986840120192308 0.5019400600961539 0.47038609374999996 0.5021308341346153 0.6117364927884615 0.6360285408653846 0.6847035072115385 0.7126556274038461 0.7188200841346154 0.8597019471153846 0.7881073100961539 0.8854954471153846 0.7881373605769231 0.9146789639423076 0.7935167956730769 0.9499363509615384 0.718723076923077 1 0.60627828125 1 0.5642962379807692
0 0.3027788653846154 0 0.3385554519230769 0.025422108173076923 0.42962677403846156 0.08505960096153846 0.47698548317307693 0.09469110096153846 0.5792250721153847 0.09057728605769232 0.6109695552884615 0.08372295673076922 0.50400765625 0.0017385817307692306 0.5017950721153845 0 0.3027788653846154 0