2 0.6679495072115385 0.4305668413461538 0.672360733173077 0.44133567548076924 0.6888976923076923 0.4418506875 0.70433634375 0.47594438221153845 0.726950091346154 0.4784606225961538 0.8414846682692307 0.46023448798076927 0.836255795673077 0.41615624519230765 0.7925204927884616 0.3597290216346154 0.7835805408653846 0.35813018509615385 0.7235382475961539 0.3715531923076923 0.6707779711538462 0.3818072980769231 0.6654663028846154 0.4060250336538462 0.6765627692307692 0.42296827884615384 0.6699107524038461 0.4239031610576923 0.6679495072115385 0.4305668413461538
2 0.6667881466346154 0.45760502163461536 0.6750828701923077 0.48210438221153845 0.6933087283653846 0.5358738629807692 0.8317347860576922 0.5128543028846153 0.8443379278846154 0.49896834134615387 0.8373108100961539 0.4628697788461539 0.7100224254807692 0.48219469230769235 0.6862389519230769 0.4441762524038462 0.6743380120192307 0.4422837716346154 0.6666818076923077 0.43622968990384614 0.6675666466346153 0.44252564423076923 0.6667881466346154 0.45760502163461536
2 0.700093920673077 0.5590044903846154 0.7235412524038461 0.5965055745192308 0.7447171610576924 0.6180008725961539 0.8630432668269231 0.5909825817307692 0.8590643100961538 0.5411149350961538 0.8400195336538462 0.5133837572115385 0.7128724014423077 0.5349633509615385 0.6999989158653845 0.5367726009615384 0.695047576923077 0.5374684663461539 0.6932017163461539 0.545890389423077 0.700093920673077 0.5590044903846154
2 0.6731289663461539 0 0.6746413028846153 0.01879108894230769 0.6589367908653846 0.12151315865384614 0.6904622980769232 0.14776451923076922 0.8241292451923077 0.12555899278846153 0.827264266826923 0.11490719951923077 0.8532828581730769 0 0.6731289663461539 0
2 0.7719628798076923 0.2845259471153846 0.747198048076923 0.2403057764423077 0.7044100673076923 0.18327760336538462 0.6667085048076923 0.1953998076923077 0.6627668653846153 0.23342708413461538 0.7031268028846154 0.3061374855769231 0.8102230817307692 0.2927798846153846 0.8088157884615386 0.2827664735576923 0.8024606466346154 0.28706336057692305 0.7719628798076923 0.2845259471153846
2 0.707314048076923 0.30656528846153847 0.6601222307692307 0.23257277403846155 0.6327692572115384 0.23788494230769233 0.6292365624999999 0.24133348317307693 0.62771625 0.2828436129807692 0.6334855 0.2953089639423077 0.6554860673076923 0.34235347355769236 0.6735430024038462 0.37570817067307694 0.7312799375 0.3675937740384615 0.7541831538461538 0.3638909951923077 0.8250196514423076 0.3490154879807692 0.8287702019230768 0.3091599519230769 0.8161530889423076 0.29076888461538464 0.8109692836538461 0.29199749519230767 0.7488492884615384 0.30219584855769227 0.707314048076923 0.30656528846153847
2 0.7852696923076923 0.7209790360576923 0.7614006610576923 0.70281428125 0.74255459375 0.6633760192307693 0.746419579326923 0.6388615264423076 0.7058810576923077 0.6440748990384615 0.7027118725961539 0.6547960240384616 0.7417569110576923 0.7667292860576923 0.8312643677884615 0.7497459519230769 0.8334367716346154 0.7416168942307693 0.83016346875 0.7087977860576923 0.7852696923076923 0.7209790360576923
2 0.6373948245192308 0.6520868701923077 0.6440144014423077 0.6565444447115384 0.6694815120192307 0.6529652764423077 0.6749928028846154 0.6448509134615384 0.6838792884615384 0.6465379206730769 0.6966775144230769 0.6427873461538461 0.7184678125 0.6367889975961538 0.7188361274038461 0.6298813774038461 0.7184036947115384 0.62211840625 0.7012913245192307 0.5619011778846154 0.6975455889423077 0.5589916129807693 0.6919397956730768 0.5617474903846154 0.629038125 0.5784114879807692 0.6236991177884617 0.5830656418269231 0.6214106826923077 0.5858392403846154 0.6228935649038461 0.5963904975961538 0.6373948245192308 0.6520868701923077
2 0.6475054783653846 0.4789468293269231 0.6385713004807693 0.46536152884615384 0.6373100216346154 0.4626351322115384 0.6350542451923077 0.45908061778846154 0.595852545673077 0.46459005528846153 0.5986559831730769 0.4751654326923077 0.5974977235576924 0.4762961009615384 0.6014008677884616 0.4822001225961538 0.6036262692307692 0.4886625625 0.6070566225961538 0.49432653365384616 0.6081986009615384 0.4993280985576923 0.6059265432692308 0.5019058125 0.6103491658653846 0.5083820841346154 0.6109272019230769 0.5124950216346154 0.6111050576923077 0.5137605384615385 0.6118891682692308 0.5349599567307692 0.6445436658653846 0.5297254110576923 0.6439656322115385 0.5256124759615385 0.6468460985576924 0.5242397668269231 0.6489543918269232 0.5236208389423077 0.6537349182692308 0.5232716057692308 0.6563182259615385 0.5229085456730769 0.6543476778846155 0.49639118269230764 0.6509640120192308 0.4910594110576923 0.6496582668269231 0.4880166346153846 0.6477885769230769 0.48408523076923077 0.6475054783653846 0.4789468293269231
2 0.7280110745192307 0.8262180817307693 0.7291693677884615 0.8344597692307693 0.7341749254807692 0.8368051249999999 0.7419853004807693 0.8406759278846153 0.7538654326923078 0.83632846875 0.7631860072115385 0.8323568581730769 0.7703116322115384 0.8313554182692309 0.7764469903846154 0.8304931490384615 0.7927648846153846 0.8281998197115384 0.8098402548076924 0.8277035432692308 0.8009487524038461 0.7903667788461538 0.7341271225961539 0.8031939399038461 0.7249563822115385 0.8044828052884616 0.725661610576923 0.8169984687499999 0.7280110745192307 0.8262180817307693
2 0.7087856274038462 0.7014494759615384 0.709915610576923 0.6879338413461539 0.7113523990384615 0.6766012283653846 0.6992020504807692 0.6619999687499999 0.7040907956730769 0.6464881177884615 0.7225775552884616 0.6416638341346155 0.7157155384615385 0.6359498173076923 0.6813146298076924 0.6496890985576923 0.6746571466346154 0.6454304254807692 0.6637158653846154 0.6536465360576924 0.6846403100961538 0.7092790216346153 0.6781714399038462 0.7205768028846153 0.6810723846153847 0.7268475144230769 0.6917716826923077 0.7312801947115385 0.7144237932692307 0.7918641923076923 0.8241465120192307 0.7682972956730769 0.8184468870192307 0.7564835480769231 0.7356840865384615 0.763662826923077 0.7176980408653846 0.7001969182692308 0.7087856274038462 0.7014494759615384
2 0.6588994951923077 0.7468371875 0.6565678653846153 0.7628930216346154 0.6652573629807693 0.7594295240384615 0.6694392259615385 0.7891850240384616 0.7132576875 0.7852851394230769 0.6805794759615384 0.7269329206730769 0.6900426490384616 0.7289744254807692 0.6839296322115385 0.7073463389423077 0.6587500192307693 0.7131273725961538 0.6663910889423076 0.7457843149038462 0.6588994951923077 0.7468371875
2 0.6286466153846154 0.6495093317307692 0.6281176105769231 0.6166916923076923 0.6208792596153846 0.6140794038461539 0.6049231850961538 0.6276945408653846 0.6035293100961538 0.6301165769230769 0.6133511298076922 0.6570468701923077 0.6286466153846154 0.6495093317307692
1 0.7437724254807693 0.6487672355769232 0.7433412956730769 0.6639752403846154 0.7311308004807693 0.67799959375 0.7327626370192307 0.6896107259615385 0.7421973966346154 0.6925434543269231 0.7538907620192308 0.6932713798076923 0.7653837932692308 0.706319610576923 0.7759008317307692 0.7124233076923077 0.8013595697115385 0.7192500889423077 0.8213861081730769 0.7197586177884615 0.8324258509615384 0.7158357620192307 0.8374524038461538 0.6919323293269231 0.8161385216346153 0.6319668245192307 0.7948465504807692 0.6179244254807692 0.768070048076923 0.6245267475961539 0.7524541874999999 0.6371261874999999 0.7437724254807693 0.6487672355769232
2 0.7139423076923077 0.4951923076923077 0.5096153846153846 0.9903846153846154