0 0.08757296875 0.4827238485576923 0.1589935673076923 0.48312943028846156 0.15717083653846153 0.46663890625 0.1495374855769231 0.4548099711538462 0.13731823798076923 0.44594698798076926 0.13311040384615386 0.4526073413461538 0.10342708653846154 0.4700663725961538 0.06554034855769231 0.4789668293269231 0.06316657932692307 0.4848020985576923 0.06811631730769231 0.48471569951923077 0.08757296875 0.4827238485576923
1 0.5043634134615385 1 0.5711565793269231 0.9988341201923077 0.5774525072115385 0.9547087115384615 0.5472912019230769 0.8804881129807692 0.5428969278846154 0.8291913509615385 0.49441871394230774 0.8090211225961539 0.46926490625 0.8713418581730769 0.47467462259615384 0.8805880600961539 0.47598102884615384 1 0.5043634134615385 1
1 0.1464725576923077 0.5638227956730769 0.13562773557692306 0.5788601706730769 0.12492053125 0.6017818052884615 0.09515007692307692 0.5943927572115385 0.09078100480769231 0.5984343822115384 0.09603054086538461 0.6022860817307693 0.12134623076923078 0.6097528870192307 0.12732131490384616 0.6126226153846154 0.13262195192307694 0.6184561057692307 0.13802717788461538 0.6312271514423077 0.14559059375 0.6399951634615384 0.15153069951923076 0.6408607908653846 0.15607275721153846 0.6467295528846153 0.17905726923076923 0.6482890048076922 0.18986746634615384 0.6303222764423076 0.18969486538461539 0.6204339134615384 0.19463379567307693 0.60649096875 0.20159329807692308 0.5806607283653846 0.19834744471153845 0.5648999975961538 0.18499884134615385 0.5641416586538461 0.15453702403846153 0.5587473581730769 0.12455856971153846 0.5384965456730769 0.12400600961538462 0.5493889038461538 0.1464725576923077 0.5638227956730769
1 0.033822004807692305 0.3580922884615385 0.05961484615384616 0.3720936129807692 0.10252669951923078 0.39200852403846154 0.1275802139423077 0.4080935528846154 0.13115222115384614 0.43592091346153844 0.14844995673076922 0.4511279519230769 0.15384360576923076 0.4499984038461538 0.1794742235576923 0.4547059903846154 0.19257021875 0.45139322836538465 0.21178073557692306 0.44381010817307687 0.2109876875 0.3983765 0.19753149759615385 0.3810536394230769 0.1788976971153846 0.3772372932692308 0.16576752403846154 0.37953728124999997 0.15359152884615385 0.39111718269230766 0.13355135096153845 0.39560858653846154 0.12444500961538461 0.39678090865384613 0.10750567067307691 0.38225053846153845 0.03652572596153846 0.35130397836538463 0.029816665865384617 0.3498790024038462 0.029961206730769234 0.3581596778846154 0.033822004807692305 0.3580922884615385
1 0.33354056009615385 0.7270145817307692 0.3416164014423077 0.7415013966346155 0.3479952475961538 0.747646514423077 0.36542296153846154 0.7598992884615385 0.38913646394230766 0.7720203173076924 0.40842336778846156 0.8009612500000001 0.4181557836538462 0.8195827788461538 0.44141532451923077 0.8066418341346153 0.48004077403846157 0.7767120673076923 0.49726587259615385 0.7764114014423077 0.5440398173076922 0.7651308100961539 0.5912671201923076 0.689052704326923 0.5501618149038461 0.5769115985576924 0.4668958822115385 0.5616444038461539 0.3328109423076923 0.6852147836538461 0.32668696153846155 0.6936709663461538 0.32672348076923075 0.6957631586538462 0.33354056009615385 0.7270145817307692
2 0.7538678942307692 0.7411567836538461 0.8094244447115385 0.6609899567307692 0.8610749278846155 0.6284095600961539 0.8491553485576924 0.48921312740384615 0.7132319278846153 0.4535622668269231 0.5381455432692308 0.4851249543269231 0.4772129831730769 0.5305565264423077 0.4850590817307693 0.5715932451923077 0.5516671706730769 0.5799474639423077 0.58675971875 0.6870605793269231 0.75523240625 0.6841198774038462 0.5821901490384616 0.6966351802884615 0.7440326418269231 0.7223167548076923 0.7538678942307692 0.7411567836538461
2 0.3254574182692308 0.46343709615384615 0.3322055649038462 0.4633193052884615 0.3233655985576923 0.40789245432692306 0.28944149759615384 0.3979763942307692 0.2691805576923077 0.3983300504807692 0.27055464663461537 0.4118103245192308 0.28441805528846154 0.4326067836538462 0.2634284278846154 0.45550963221153845 0.25079190625 0.4407058894230769 0.2537286923076923 0.41512210336538463 0.2443791875 0.39574487980769235 0.2074398798076923 0.40691989663461536 0.2091645841346154 0.44143249759615383 0.1868334855769231 0.45083247115384617 0.18949676442307692 0.4748204807692308 0.1974979375 0.4821929783653846 0.21664657692307693 0.4833567596153846 0.3254574182692308 0.46343709615384615
2 0.6821979831730769 0 0.6190951586538461 0.05283137019230769 0.6566752499999999 0.3024558173076923 0.7401190120192307 0.3231832980769231 0.819198125 0.36617095673076927 0.9190739495192308 0.3770947451923077 0.9888300168269232 0.2934857451923077 0.9837072019230769 0 0.6821979831730769 0
1 0.09215663942307692 0.6715712908653846 0.10116996153846153 0.6773620072115385 0.10137536538461538 0.6692734903846154 0.11981281971153845 0.6646778822115385 0.11462998317307692 0.6826124783653846 0.13559894230769232 0.6850001850961539 0.13950771634615383 0.6734985000000001 0.13929974759615385 0.6615840144230769 0.14328865625 0.6542004975961538 0.15037059375 0.6472035889423077 0.14900116346153847 0.6472274927884616 0.14719760576923077 0.6422361826923078 0.14033396634615383 0.6423559879807693 0.13568417548076922 0.6511168870192308 0.12766189182692306 0.6434804014423077 0.12021788942307692 0.6491177836538462 0.12026555528846153 0.6518486442307693 0.09215663942307692 0.6715712908653846
2 1 0.5703177740384615 0.9204647211538461 0.5740167644230769 0.9209717620192308 0.6030652019230769 0.8633764399038462 0.6307265769230769 0.7986902596153846 0.6681827956730769 0.807476985576923 0.9635590144230769 0.8488542908653846 0.9939868894230769 1 0.9913486322115385 1 0.5703177740384615
2 0.34539630528846155 0.4947458653846154 0.3448212235576923 0.46179934134615386 0.21636054086538462 0.4896622740384616 0.2231802451923077 0.5664492211538461 0.313438875 0.5502239423076923 0.3209692331730769 0.5098220504807692 0.34539630528846155 0.4947458653846154
1 0.47216578365384615 0.1752160432692308 0.48718547115384614 0.17810413221153845 0.5110537139423077 0.14614085817307693 0.5260231394230769 0.10170984375 0.52897265625 0.09009271875000001 0.43033855769230767 0.08128414663461539 0.4147656322115385 0.09208621153846154 0.42714794471153844 0.1244741610576923 0.4419611081730769 0.15996993990384614 0.47216578365384615 0.1752160432692308
1 0.22785034375 0.5805989471153846 0.21669057692307694 0.5861029206730769 0.19966614182692308 0.5978996298076923 0.18867516346153845 0.6140190144230769 0.18706471875 0.63616503125 0.17810088942307692 0.6540114134615386 0.17536209134615385 0.6677727620192309 0.18372942307692305 0.6724842788461539 0.18278579807692308 0.6751553413461538 0.17690987740384617 0.6805670841346154 0.1726232956730769 0.681534110576923 0.1700903317307692 0.6886498846153846 0.17428266346153845 0.7009574495192308 0.18773213701923078 0.7122222379807692 0.19608213221153845 0.6970301418269231 0.20372994711538464 0.7172521730769231 0.19316472115384614 0.6811755600961539 0.19294829567307692 0.6687765673076923 0.19733954326923075 0.6714683293269231 0.2015143653846154 0.6617610961538462 0.1973685144230769 0.656318673076923 0.2056891875 0.6520538653846154 0.20243331730769232 0.6429683317307693 0.20986401201923074 0.6423466346153847 0.2090644326923077 0.6337818221153846 0.21403883413461539 0.6326393990384616 0.2156955432692308 0.6245953125000001 0.21821365625 0.6229321658653847 0.22232665624999998 0.6154087980769231 0.22656330048076923 0.603517701923077 0.2526495264423077 0.6341170240384616 0.26916853125 0.6311851105769232 0.27216079567307694 0.6125617668269231 0.2657402644230769 0.5870091370192307 0.25433370432692304 0.5783742932692307 0.24576728605769232 0.5811673966346154 0.23778394711538461 0.5795443629807692 0.23337085576923075 0.5928833245192308 0.23073812259615384 0.5938104711538462 0.22785034375 0.5805989471153846