1 0.6479561129807692 0.5872068653846154 0.6392613052884616 0.5991048990384615 0.6352184615384615 0.600990108173077 0.6312347596153847 0.6061338846153845 0.6264273798076924 0.6116377644230769 0.6261238149038462 0.6130745889423077 0.6233284639423077 0.6228932836538461 0.621232954326923 0.6310423918269231 0.6189448966346155 0.6366907451923077 0.6093653052884616 0.6424770408653846 0.5952523774038462 0.6490580072115384 0.5840957403846153 0.6535888100961539 0.5735259038461538 0.6519932836538461 0.5601998605769231 0.6444870576923076 0.5520846466346154 0.64498509375 0.5713229471153846 0.6641262788461538 0.5855429615384615 0.6777639495192307 0.5945429567307692 0.6833776514423077 0.6084374230769231 0.6847181466346155 0.6117824110576924 0.6792485576923077 0.6143740360576924 0.6721633774038461 0.6191554326923078 0.6719006634615384 0.6266247331730769 0.6658031466346154 0.6308213461538461 0.6579455625 0.634662451923077 0.6535398990384615 0.6367819326923077 0.653870826923077 0.6432646177884614 0.6456188461538462 0.6437830841346154 0.63621425 0.6456545048076923 0.6360132115384616 0.6498954495192308 0.6314211009615385 0.6501694927884615 0.6267118966346155 0.6414618894230769 0.6248956322115385 0.6351477812499999 0.6271683269230769 0.6351589567307693 0.6219340649038462 0.6584184999999999 0.5927862788461539 0.658216764423077 0.5902658245192307 0.6498387067307692 0.5817715697115384 0.6479561129807692 0.5872068653846154
1 0.7270473701923077 0.6491023173076923 0.6893088918269231 0.6620466826923077 0.6739944591346153 0.6854987235576923 0.6730009423076923 0.7209103052884616 0.6850455624999999 0.7467400769230769 0.7265866490384615 0.7832816274038461 0.7313709278846154 0.7728952788461538 0.7548250288461538 0.7631098004807693 0.7748434375000001 0.7328108846153847 0.7828099927884615 0.7104585288461538 0.7714834302884616 0.6505209591346154 0.7640842067307693 0.6365091201923078 0.7486944326923077 0.6448368413461538 0.7270473701923077 0.6491023173076923
1 0.4019758293269231 0.36873719711538466 0.3290557764423077 0.39585625721153844 0.25724127884615383 0.4086435793269231 0.22970370913461538 0.36629167548076924 0.24064738701923077 0.3508263966346154 0.2567329206730769 0.3019249326923077 0.24067649759615384 0.25078921634615386 0.25007414423076924 0.2153445360576923 0.28892798557692306 0.2041347956730769 0.27093812740384615 0.17112294711538462 0.22122840625 0.17014858653846154 0.2073335456730769 0.19042009134615384 0.21592575721153845 0.25887662259615385 0.21546535817307694 0.32462236538461536 0.2230158245192308 0.37974845913461536 0.23087151923076923 0.42439405288461535 0.3284693173076923 0.41683005769230774 0.4644074879807692 0.3913876514423077 0.5221336923076924 0.3817157572115385 0.5567225576923077 0.37249481009615387 0.5587249110576923 0.22665879326923077 0.5328885432692307 0.14902105528846155 0.4718768485576923 0.1015780625 0.38360370913461533 0.10133984615384616 0.35802353846153845 0.21331566826923076 0.35382643990384616 0.2877119663461538 0.35728190625 0.2895547091346154 0.4357699903846154 0.36334087980769236 0.4019758293269231 0.36873719711538466
2 0.38947302884615387 1 0.3923290216346154 0.9597049302884616 0.39573141826923075 0.8891332572115385 0.38957692307692304 0.8092018293269232 0.43173617548076926 0.7550500961538462 0.4547234591346154 0.70981440625 0.46707229567307695 0.6695635 0.4111202788461539 0.6163070889423078 0.3739768221153846 0.5922506947115385 0.3370324182692308 0.5853237692307692 0.2884226298076923 0.5700442788461538 0.21497992307692307 0.5904749687499999 0.19428030288461537 0.5794510168269231 0.18009501923076923 0.6101961177884616 0.16729497115384614 0.7162124735576924 0.14267948076923076 0.7690915216346154 0.13915102403846152 0.7948912524038462 0.09510225240384615 0.767122766826923 0.07387435096153847 0.7494370528846154 0.07040030769230769 0.7618212788461538 0.18146487019230767 1 0.38947302884615387 1
2 0.6029186225961538 0.18259215384615385 0.5811700841346154 0.18613738461538462 0.5637718870192308 0.20384488701923079 0.5462604471153847 0.21261026682692308 0.5539497956730769 0.24553208173076924 0.5571814423076923 0.2649893221153846 0.5628766033653846 0.274302875 0.6043418509615385 0.24839501682692308 0.6127289447115385 0.23548912259615384 0.60810428125 0.20531186778846156 0.6029186225961538 0.18259215384615385
2 0.6723980288461539 0.7008269302884614 0.6381062091346154 0.6718668100961539 0.5500866514423077 0.7060028990384615 0.6088606923076922 0.8376504375 0.7014708894230769 0.7910115432692308 0.7132445048076923 0.77168121875 0.6763067283653845 0.7370468245192308 0.6723980288461539 0.7008269302884614
0 0.5099685408653847 0 0.4874399158653846 0.03941584134615384 0.4567739182692308 0.08832811778846154 0.45825308173076923 0.09150019471153846 0.5092415216346153 0.13886778125 0.5244678725961539 0.15292369230769232 0.5483679903846154 0.19176669951923075 0.5573615024038461 0.20486720673076922 0.6143463461538462 0.17829473798076922 0.6359202379807692 0.14707859375 0.6560241538461539 0.11271007692307691 0.6707693870192308 0.08854001201923077 0.679331079326923 0.048016223557692306 0.7137618894230768 0.03196087259615385 0.7043116802884615 0 0.7010286394230769 0 0.6763012548076923 0.016735485576923077 0.6616043725961538 0 0.5805312692307693 0 0.5027155624999999 0.03807343269230769 0.5217629807692308 0 0.5099685408653847 0
2 0.8906001538461539 0.8191295432692307 0.8433297764423078 0.8256288461538461 0.7957635072115384 0.8334654471153846 0.7920531201923077 0.8100817884615386 0.7893815985576923 0.8101522043269231 0.7725133317307692 0.8144200336538462 0.7550234639423077 0.8058331322115385 0.7435109975961538 0.8100261466346154 0.6984471538461539 0.8154965240384615 0.6664738413461537 0.8124640408653847 0.6562183125000001 0.8232189038461539 0.6614542259615385 0.8614344350961538 0.6820155432692308 0.8554205216346153 0.696565298076923 0.8558078149038462 0.713202735576923 0.8683661947115385 0.7313657067307692 0.8957564471153846 0.7448059495192307 0.9014584110576924 0.7746505432692307 0.9236173076923078 0.7938869759615385 0.9146472115384616 0.8038630072115385 0.8990095048076923 0.8017169134615384 0.8462325673076924 0.8001697091346155 0.8409814062500001 0.8148885625000001 0.8436645096153845 0.8933471730769231 0.8250205432692308 0.8906001538461539 0.8191295432692307
2 0 0.4203804038461539 0.037841689903846155 0.43527395432692306 0.07695323557692307 0.4693504471153846 0.09305013221153846 0.4808656153846154 0.13126693990384616 0.512984670673077 0.16740698076923077 0.4985069543269231 0.17536842788461537 0.47339853125 0.008342733173076922 0.2992100120192308 0.05953178846153846 0.2135030264423077 0.09432508173076924 0.16161075721153845 0.07913773317307693 0.15204611778846153 0.06613167788461538 0.15098695913461538 0.012165454326923076 0.18090114423076922 0 0.20541187259615384 0 0.4203804038461539
0 0.6108473317307692 1 0.6860963581730769 0.9649108028846154 0.6624429711538462 0.9103375456730769 0.6434602451923077 0.8897339423076923 0.6310826586538462 0.8919557067307693 0.6111410504807693 0.8405688461538462 0.6046045336538461 0.8222209350961538 0.6052540072115384 0.7862262067307693 0.5820662139423077 0.7666959591346154 0.5496317187499999 0.7086616586538461 0.5339683677884616 0.7052676322115385 0.5182732307692308 0.683131 0.49761527163461533 0.6704565432692308 0.48936990625 0.6484439975961538 0.47199953125000005 0.6342365120192308 0.4697169326923077 0.6379634038461539 0.46073718509615386 0.6805290889423077 0.4414438677884615 0.7412645432692307 0.4371096129807693 0.7923619711538462 0.42786748076923076 0.7984466466346153 0.4145425961538462 0.795737173076923 0.39894325 0.8413896298076923 0.39254218269230773 0.913959264423077 0.39356348798076923 1 0.6108473317307692 1
2 0.3891526706730769 0 0.21322789903846154 0.0820350673076923 0.21205181971153844 0.08354293990384616 0.20226393990384617 0.0891145360576923 0.2359099951923077 0.13389503125 0.24572351923076924 0.1388175528846154 0.24323539423076923 0.14395954086538462 0.2583619735576923 0.16189981009615384 0.26701624278846153 0.15385851442307694 0.2683261081730769 0.15024940384615385 0.2713256466346154 0.15184900721153846 0.2883699375 0.13442646394230767 0.2972995144230769 0.13424429326923076 0.31138908653846153 0.12417218990384615 0.31380817307692305 0.11404922115384616 0.3167854110576923 0.109182875 0.32564929567307693 0.10804788701923076 0.3362145336538462 0.10410468269230769 0.3543548846153846 0.09065650961538461 0.36669493509615386 0.07041441826923077 0.3660504375 0.06822035817307692 0.37950145192307694 0.05831725480769231 0.38419663221153844 0.050763721153846156 0.38622695673076923 0.05336570192307692 0.38815749759615387 0.05040390144230769 0.3996779663461538 0.04346259374999999 0.3997082836538462 0.04053220913461538 0.4064034735576923 0.038511043269230764 0.4097846298076923 0.032331504807692306 0.4131289759615384 0.033559492788461535 0.41985448317307694 0.028607939903846153 0.41877240865384613 0.026629286057692308 0.4265799903846154 0.023656387019230767 0.43066254326923076 0.015088209134615385 0.43330549278846153 0.018704834134615385 0.440031 0.013753283653846152 0.4430939326923077 0.006293045673076924 0.4467565072115385 0.008801733173076923 0.4517275528846154 0.0022671225961538462 0.4534820120192308 0.0038501778846153846 0.45546711778846155 0.0030179278846153845 0.45894008413461534 0 0.3891526706730769 0
2 0 0.6108473341346154 0.07213859134615384 0.7655490408653846 0.08590566346153847 0.7643351947115384 0.13564271634615385 0.79993328125 0.17504718509615386 0.6404702211538461 0.14778827403846154 0.5488400865384615 0.13968801442307693 0.5291105528846154 0.08933940625 0.4732172451923077 0.03835046394230769 0.4396900841346154 0 0.42386272836538463 0 0.6108473341346154
0 1 0.6277974302884615 0.9772026971153847 0.6298140817307692 0.9517453677884615 0.6373914495192309 0.9537536129807692 0.6456418100961538 0.9482279447115385 0.6475948221153847 0.9488783509615384 0.6509614615384615 0.9387559471153846 0.7736231225961538 0.9485464399038462 0.7788442235576922 0.9545884927884616 0.7760267692307692 0.9583369326923077 0.7840653245192308 0.9642934014423077 0.7746075456730769 0.9685049903846153 0.7843610432692307 0.9739983100961538 0.7731883197115385 0.9836654759615384 0.7743172668269231 0.9786730480769231 0.7846567572115385 0.9888411057692307 0.7849524759615385 0.9933326442307693 0.7754462163461538 1 0.7762248413461539 1 0.6277974302884615
1 0.734116625 0.17478343028846155 0.7286427740384614 0.17541701201923077 0.72336709375 0.17852473557692308 0.7171455673076923 0.18269716346153847 0.7488875600961538 0.18581353125 0.7692328846153846 0.18815168028846155 0.8057737956730769 0.2095626971153846 0.8163876538461537 0.2216917451923077 0.8218866971153846 0.22845823798076925 0.8227116298076923 0.22960869951923077 0.8233565120192308 0.2297157548076923 0.8175908605769231 0.20942527884615383 0.8130291490384616 0.20068656490384618 0.7879767163461538 0.18612750240384615 0.7482798365384615 0.1752310408653846 0.734116625 0.17478343028846155