0 0.29575205528846155 0.4717056298076923 0.3023684711538462 0.46228489903846154 0.3092849543269231 0.44900316346153846 0.31210095192307696 0.4357525745192307 0.3126729158653846 0.42526403125 0.31568129086538466 0.4182135865384616 0.32029228125000003 0.4093590985576923 0.3165958942307692 0.40781685576923077 0.30872781971153845 0.40794207692307694 0.3005895913461539 0.40352798076923074 0.29254801923076923 0.3918350408653846 0.29114225 0.3970814423076923 0.28645476923076924 0.4047855673076923 0.28087731009615385 0.41169942548076927 0.2706176586538462 0.4291040865384615 0.2616891778846154 0.4429765793269231 0.2569279278846154 0.45793940384615384 0.26030362500000004 0.48012751442307694 0.28193797115384617 0.4926510865384615 0.284446875 0.49164167788461544 0.2903780096153846 0.4820373269230769 0.29575205528846155 0.4717056298076923
0 0.25020149759615384 0.4243693221153846 0.24337448557692307 0.4247209423076923 0.23708759134615384 0.43023600961538466 0.22564042788461539 0.4531820360576923 0.2168062091346154 0.4753830168269231 0.2149062451923077 0.49148038221153845 0.2220854254807692 0.49340403846153846 0.22712019711538461 0.48897237259615384 0.2387258485576923 0.4689591778846154 0.2445000096153846 0.44740971634615384 0.25081684374999996 0.4274245673076923 0.25020149759615384 0.4243693221153846
0 0.7566323846153846 0.5528674326923076 0.7550865673076923 0.5538721394230769 0.75503975 0.5505225360576923 0.7450946490384616 0.5450199423076924 0.7381582860576923 0.5483902836538461 0.7449527139423077 0.5621270288461538 0.7332730432692307 0.5713866274038462 0.7433094735576924 0.57693996875 0.7366480168269232 0.5889762355769231 0.7314832091346154 0.5890309447115385 0.7299865600961539 0.6010125048076923 0.7212694158653845 0.5972578461538461 0.7152689759615385 0.6113631081730769 0.7233251033653846 0.6130487740384616 0.7166636514423076 0.6250850408653845 0.7168287091346154 0.6279933557692308 0.7267050312500001 0.6282485913461537 0.7467877980769231 0.6345756899038462 0.7498818028846154 0.6230287091346154 0.75896240625 0.6140054927884615 0.7690055360576923 0.5871622668269231 0.7621245841346155 0.5643502379807692 0.7519107908653846 0.572577139423077 0.7499709278846154 0.5649036995192308 0.7566323846153846 0.5528674326923076
0 0.38913895673076926 0.6689943269230769 0.4025118701923077 0.6463015432692308 0.40348329086538465 0.6290357115384615 0.4028366610576923 0.6069745024038462 0.4020420865384615 0.5936235745192308 0.4002905480769231 0.5865852403846155 0.3805804375 0.5813039326923077 0.3675220769230769 0.5810894615384615 0.3630149423076923 0.5842698749999999 0.3571577692307692 0.59255396875 0.3466762884615384 0.6017798918269232 0.34107634615384613 0.6145210096153846 0.3386129663461538 0.6237144663461538 0.33953128125 0.6392794615384615 0.35081154807692305 0.6488710120192308 0.3732320288461538 0.6658356706730769 0.38913895673076926 0.6689943269230769
2 0.09217800961538461 0.9047364230769231 0.09155345673076923 0.9081951682692307 0.19435998076923078 0.93574209375 0.20671535096153845 0.8849240528846154 0.20136408173076925 0.8690646346153846 0.20007245913461538 0.8380544014423077 0.15034393028846155 0.8265427307692307 0.13620079807692306 0.8389916850961538 0.09217800961538461 0.9047364230769231
2 0.20930570673076923 0.8638352956730769 0.23214273557692305 0.7867645000000001 0.2775764975961538 0.7912658341346154 0.28222971153846155 0.7684175240384616 0.26968930288461535 0.6982636274038462 0.2218494831730769 0.67559146875 0.18130454807692306 0.7589008317307692 0.1729839951923077 0.7763783798076923 0.15902484615384616 0.8284746322115384 0.16582874759615385 0.830297733173077 0.19778819471153847 0.8333958245192308 0.20930570673076923 0.8638352956730769
2 0.2243913293269231 0.8620967451923077 0.21956169951923077 0.8608026490384616 0.20648279807692307 0.9096137740384616 0.19672792067307693 0.9197175697115385 0.19268247836538463 0.9352926081730769 0.3068542451923077 0.9658848413461538 0.30929612980769233 0.9385814302884616 0.3141240408653846 0.8924993557692308 0.3125653629807692 0.8772357451923077 0.30800954807692305 0.8661089471153847 0.28562356490384616 0.860110641826923 0.2243913293269231 0.8620967451923077
2 0.21109250240384617 0.5342343846153846 0.20517999759615385 0.5484683124999999 0.18835257692307691 0.5452206682692308 0.12330183413461539 0.6151056730769231 0.10984951923076923 0.6747738533653845 0.11344967548076923 0.6833322908653846 0.1440917139423077 0.6915428004807692 0.14518975961538463 0.696908295673077 0.15352254326923076 0.6940697836538461 0.19589752163461538 0.6459614326923078 0.19825319230769228 0.6528988846153846 0.20847740144230767 0.6493322019230768 0.2119594278846154 0.6300063774038461 0.21905792067307692 0.6192433605769231 0.2182109831730769 0.5595537331730769 0.2101125841346154 0.5567531490384615 0.22030661057692308 0.5234076201923077 0.22015405288461537 0.5208442403846154 0.21274330528846155 0.5359379663461539 0.21109250240384617 0.5342343846153846
2 0.3559674206730769 0.9348746466346154 0.3241348653846154 0.9421370384615385 0.3154341658653846 0.9681838245192308 0.4308420024038462 0.9991072596153846 0.4310236634615385 0.9744301802884615 0.4370934519230769 0.9457077427884616 0.48033893990384613 0.7873155985576923 0.47717421875000005 0.7840502163461539 0.4090451466346154 0.7609340192307692 0.3559674206730769 0.9348746466346154
2 0.3466687451923077 0.47525871394230773 0.3300801177884616 0.475753701923077 0.3070477596153846 0.5423931201923077 0.3085246923076923 0.5456266778846154 0.32442675 0.5477592596153846 0.3309318942307692 0.5445624134615384 0.34772312259615384 0.48542102644230767 0.3466687451923077 0.47525871394230773
2 0.21660801442307692 0.8622972283653846 0.29423286057692305 0.86191825 0.2868814639423077 0.7928919807692308 0.23425686298076925 0.7876200144230769 0.21660801442307692 0.8622972283653846
2 0.2929203966346154 0.8498474615384615 0.3259031754807692 0.7309310360576924 0.3037170216346154 0.7224900528846153 0.2794291466346154 0.7902907908653846 0.27777059615384614 0.7923688846153846 0.2867916129807692 0.7939452259615384 0.2929203966346154 0.8498474615384615
2 0.2550172403846154 0.6643250168269231 0.27633415625 0.5723688052884616 0.2622330528846154 0.5669087596153847 0.2388129903846154 0.61489340625 0.21869598317307692 0.67548221875 0.22024603125 0.6758975528846154 0.24564032932692306 0.6910314399038462 0.2550172403846154 0.6643250168269231
2 0.34512387019230767 0.5584288677884616 0.3182104302884615 0.6024819951923077 0.3115447740384615 0.63225346875 0.32292438701923076 0.6510682548076924 0.33852144230769227 0.6197485336538461 0.3692058269230769 0.5836164254807692 0.38025815625 0.5766980961538462 0.36582739182692303 0.5570657596153846 0.34512387019230767 0.5584288677884616