0 0.22452464423076923 0.6192276514423077 0.17102924278846154 0.6144282980769231 0.10958702403846154 0.6341270841346154 0.03344922596153846 0.685636625 0.04242459375 0.7449188894230769 0.12006546394230769 0.7839757596153846 0.20779674278846152 0.8291892475961539 0.23484158173076922 0.8358382067307691 0.2733233701923077 0.833147298076923 0.32539070913461543 0.8175244158653846 0.36256269471153846 0.796102423076923 0.3897655216346154 0.7702577740384615 0.3634764615384615 0.7053455024038461 0.3419586057692308 0.6743461033653847 0.29449643990384616 0.6520016081730768 0.22452464423076923 0.6192276514423077
0 0.517460391826923 1 0.6913770120192309 0.9878385649038461 0.7009032716346154 0.9824828894230768 0.7405165408653847 0.9560070432692308 0.7367443028846155 0.9020615216346154 0.7175747524038462 0.855990358173077 0.7026796610576922 0.8028441298076923 0.6817793677884616 0.77720096875 0.6424331466346154 0.7618825552884616 0.5655792091346153 0.7571032187500001 0.46498233894230767 0.7776899615384616 0.37747393509615385 0.8029975192307692 0.3027411370192308 0.8285518341346154 0.24878198798076923 0.8323250264423077 0.2182193918269231 0.8513918245192307 0.21748081009615383 0.8864428894230769 0.24410256009615386 1 0.517460391826923 1
2 0.3912115721153846 0.5494043221153846 0.39128658173076925 0.6195484975961538 0.4943444567307692 0.6072222235576923 0.5914426081730769 0.6825638557692308 0.5867191802884615 0.7188400817307692 0.6206325336538462 0.7198889783653846 0.6483098846153846 0.7008303317307691 0.6861641346153846 0.5510222548076923 0.6412083317307692 0.5302019158653846 0.4107120985576923 0.5172360600961539 0.3912115721153846 0.5494043221153846
0 0.19662748317307693 0.6168975985576922 0.18758294471153844 0.5861660961538462 0.14944960336538463 0.5921024086538462 0.14040242067307693 0.5943484206730769 0.1257287403846154 0.5982355504807693 0.12669977884615385 0.6038682331730769 0.12774060096153847 0.6270064975961538 0.14017553365384613 0.6236846370192308 0.17182181490384615 0.6157711322115385 0.19662748317307693 0.6168975985576922
0 0 0.5174603846153846 0.009297826923076923 0.6504254879807692 0.028075805288461538 0.6504966706730768 0.03839531730769231 0.6486349447115385 0.04766144230769231 0.6086852475961538 0.05600053125 0.5785021201923077 0.07946408173076923 0.5460997596153846 0.0999746610576923 0.5401050552884615 0.1193127860576923 0.5290725673076924 0.13113310096153846 0.5026256610576924 0.15041749038461538 0.4682353052884615 0.1583732139423077 0.45515921875000004 0.18661934134615385 0.4264235913461538 0.17655325 0.4088856201923077 0.15335666586538463 0.3951483798076923 0.07564211298076923 0.3533001490384615 0.06688582692307693 0.3544932620192308 0.019213783653846152 0.3743262355769231 0 0.3799928942307692 0 0.5174603846153846
0 0.36834033413461537 0.642406545673077 0.39718647115384614 0.609219076923077 0.40387721153846157 0.5737087716346154 0.4050051490384616 0.5372752451923077 0.39772687980769234 0.51181965625 0.3572217283653846 0.50946775 0.30794810817307694 0.5129132980769231 0.22511558173076923 0.5342799302884615 0.20304153365384614 0.5591851274038462 0.20454017548076922 0.6071157980769231 0.22953500480769232 0.6235453173076924 0.3411555576923077 0.6728534206730769 0.36834033413461537 0.642406545673077
0 0.23645667548076924 0.2173089639423077 0.2198610841346154 0.2158665360576923 0.1739216418269231 0.18793009615384618 0.06807522596153846 0.24726067067307692 0.08006477163461538 0.2879612355769231 0.1172674735576923 0.32171442067307693 0.13431363701923077 0.32960034375 0.15574901442307693 0.32162643509615385 0.3312121923076923 0.2613213870192308 0.3056754759615385 0.23714255528846154 0.2802285745192308 0.2142481346153846 0.23645667548076924 0.2173089639423077
2 0.7009788004807693 0.7298665504807692 0.756157173076923 0.7200708942307692 0.8185503221153846 0.7335195673076923 0.8709476105769232 0.7239183846153847 0.8588592427884615 0.7109101971153847 0.8659645504807691 0.6926232283653846 0.8990319423076923 0.6863527908653846 0.7988108173076923 0.5311632524038461 0.7732301634615385 0.5250357475961539 0.7572624471153847 0.5360476682692308 0.7158215673076923 0.5429036370192308 0.6969350504807692 0.5521405889423077 0.6790902860576923 0.6166756298076923 0.6845677067307693 0.7349722668269231 0.7009788004807693 0.7298665504807692
2 0.6244148918269231 0.7253250721153847 0.5877401129807692 0.71997334375 0.5827570576923077 0.6886781850961537 0.4828623485576923 0.6185228052884616 0.3973976754807692 0.6343944254807692 0.3652943028846154 0.6544509399038462 0.3310666971153846 0.6845298341346153 0.3949732331730769 0.7196209375 0.4106674927884616 0.7442298846153845 0.43453706490384614 0.7662880889423077 0.45246304326923076 0.7828462115384615 0.5742195745192308 0.7664158870192307 0.6471559783653846 0.7712110240384615 0.6545352235576923 0.7568415288461539 0.6244148918269231 0.7253250721153847
2 0.49602620913461537 0.07565983653846155 0.6146414663461539 0.17417068509615385 0.6431091995192308 0.18205386538461538 0.67664821875 0.14212777403846155 0.7272284350961539 0.14650713942307692 0.7962023004807691 0.05466947836538461 0.49602620913461537 0.07565983653846155
2 0.7875074639423078 0.18185190384615385 0.8068462716346154 0.20534075480769232 0.8171086586538461 0.2055098942307692 0.8140967091346153 0.21582141586538464 0.8503489062499999 0.26822472355769233 0.8432896682692307 0.30058902644230767 0.8723399927884615 0.3163692596153846 0.9017717427884615 0.3380385192307692 0.9302712019230769 0.3459409903846154 0.9421173918269231 0.3329585552884616 0.9549953293269231 0.34025397115384615 0.85759934375 0.27870538461538463 0.8869057956730769 0.24512600721153846 0.9101715096153846 0.2583313798076923 0.9515821634615385 0.2514775216346154 0.9814855432692308 0.23949112740384615 0.9828405 0.23714733894230772 0.9777380216346153 0.16417850721153845 0.9761175865384615 0.16272578846153846 0.9701720096153846 0.11766596394230769 0.8829150408653846 0.0683751201923077 0.8652664759615385 0.09531562259615385 0.8264689663461537 0.10000768028846153 0.7875074639423078 0.18185190384615385
2 1 0.4825396057692308 0.9981448221153847 0.4560093245192308 0.9774766129807693 0.44628309134615385 0.8095846899038462 0.46976859134615384 0.7761208221153846 0.4655905889423077 0.77318909375 0.4762287355769231 0.8198707860576923 0.5643028076923077 0.9015646778846154 0.7047617307692308 0.9518712427884615 0.7651765144230769 0.9848795312499999 0.7367747451923077 1 0.7306373149038462 1 0.4825396057692308
2 0 0.5174603942307692 0.00893609375 0.6452524903846153 0.03414725961538462 0.6434895552884616 0.05448660576923077 0.5598928677884616 0.10761261778846154 0.5164029326923077 0.1840299014423077 0.43153082451923075 0.13916506009615384 0.3789959831730769 0.06209809134615385 0.34727747355769234 0.05573769951923077 0.3636193269230769 0 0.3816482692307692 0 0.5174603942307692