0 0.4546865841346154 0.17159929326923076 0.4290572427884615 0.1582228798076923 0.41084564903846155 0.18092897596153845 0.4306425 0.19886815624999998 0.42933402884615385 0.2335085673076923 0.4165631153846154 0.24172486538461538 0.3920445120192308 0.2598512211538461 0.4042260192307693 0.2755940793269231 0.43326630769230773 0.2561201105769231 0.5232686634615384 0.2839183533653846 0.6148985528846154 0.3035737764423077 0.6644853581730769 0.2913182764423077 0.6878946658653846 0.24166845673076923 0.6810252043269232 0.19734686538461538 0.6619463942307693 0.1695374639423077 0.6352373822115385 0.15527444711538463 0.5989974903846154 0.15107650240384615 0.550749201923077 0.1601187908653846 0.5228332019230769 0.16311653125 0.4546865841346154 0.17159929326923076
2 0.7708178990384614 0.7892223870192308 0.8514206754807693 0.7025591586538462 0.8420196850961539 0.6179836634615385 0.7640311682692308 0.6087242235576923 0.734107016826923 0.5982295120192307 0.7276388557692308 0.6031221850961539 0.7279368076923076 0.6283288533653846 0.7216882355769231 0.6591506274038461 0.7163933846153847 0.6763335096153846 0.6959334783653847 0.7351741105769231 0.6883621033653846 0.7415078605769231 0.6771672187500001 0.7407250384615385 0.674283701923077 0.7672274567307693 0.6797431442307692 0.776760139423077 0.7708178990384614 0.7892223870192308
2 0.7453668677884615 0.34044094230769234 0.7010096177884615 0.3388366057692308 0.6906006177884615 0.34314174519230767 0.6881928149038461 0.3485055216346154 0.6783779423076923 0.3538712884615384 0.6648620480769231 0.35442358653846157 0.6581207836538462 0.36401820673076923 0.6063113725961539 0.43035829567307693 0.613707923076923 0.4595761322115385 0.6852318509615384 0.4776592307692308 0.7414462403846154 0.37739439903846156 0.7453668677884615 0.34044094230769234
2 0.8858902379807693 1 0.8864505120192308 0.9187866971153846 0.8775283725961539 0.8974484399038462 0.8772106201923078 0.8896479375 0.9070228725961538 0.8846198509615385 0.9140998942307692 0.8702236802884615 0.9086003533653847 0.8620608293269231 0.892673766826923 0.8544790985576923 0.879147014423077 0.8619562211538461 0.8720677403846153 0.8640400865384615 0.876476548076923 0.850767579326923 0.8718808846153846 0.8420232115384615 0.8534855841346154 0.8323138822115385 0.8418577644230769 0.8373240985576923 0.8080793942307692 0.8246049038461538 0.8020408437500001 0.8364947980769231 0.7791732740384615 0.8413637788461539 0.7139288966346153 0.8445797331730769 0.7015781033653846 0.8475844254807693 0.7114004206730768 0.8560495528846155 0.7477505865384615 0.9188003100961539 0.7692978533653847 0.945555264423077 0.7761624615384615 0.9835748653846154 0.7830969927884616 1 0.8858902379807693 1
2 0.5453531009615384 0.34679462019230767 0.5222331634615385 0.3325746033653846 0.49106609855769234 0.3295008942307692 0.4342093341346154 0.3147103581730769 0.38615411538461536 0.3464770697115384 0.3683583413461538 0.3938989350961538 0.49112430528846157 0.43220326682692306 0.5279340697115384 0.40595185096153846 0.5453531009615384 0.34679462019230767
2 0.3668935721153846 0.6366494951923076 0.36761403365384615 0.6366998749999999 0.36711908173076924 0.6437780288461539 0.37104140384615386 0.65060353125 0.37537881971153847 0.66184634375 0.4596170072115384 0.6721251346153847 0.48823684375 0.6084893629807693 0.46467941826923076 0.5997293028846153 0.4290785673076923 0.5851980697115384 0.40892420913461536 0.5695840120192307 0.39559011057692306 0.5719168173076923 0.3913983485576923 0.5792979951923077 0.38413343990384613 0.5995667355769231 0.3668935721153846 0.6366494951923076
2 0.9731581802884615 0.07662182211538461 0.9732811947115384 0.07486263221153847 0.965649170673077 0.04980863701923077 0.9452556370192308 0.03960601682692307 0.9200560793269231 0.030835117788461538 0.83142215625 0.022890235576923077 0.7793430192307693 0.02977206730769231 0.6923336033653846 0.032443545673076925 0.6792151322115385 0.08584941105769231 0.8469875072115385 0.16943673317307692 0.9723043149038462 0.08883266586538462 0.9731581802884615 0.07662182211538461
0 0.4226425072115385 0.7580747956730769 0.4112664639423077 0.7566969735576923 0.39749806971153845 0.7568780600961538 0.3796668870192308 0.7602066418269231 0.3624451129807692 0.7767218918269231 0.35410845432692306 0.7864337211538461 0.3474564927884615 0.7939548293269231 0.3452160576923077 0.8040929495192307 0.34473847115384615 0.8109227475961538 0.34890537259615384 0.8277897716346154 0.3567052764423077 0.8369037860576923 0.3682346826923077 0.8468401225961538 0.3767422379807692 0.856585951923077 0.38102925721153846 0.8717351778846154 0.38367938221153847 0.8776398197115385 0.39921095913461535 0.89644540625 0.41005719711538463 0.8834982620192308 0.4172995817307692 0.878285375 0.4221974206730769 0.8631960817307692 0.4345618774038461 0.8611906298076922 0.4450897235576923 0.8527966826923077 0.4532744663461538 0.8345056370192308 0.4542687139423077 0.8202872475961538 0.4417260793269231 0.8136908533653846 0.4458407548076923 0.8094031201923078 0.44663528365384614 0.7980408221153846 0.4421499927884615 0.7857269927884616 0.43502594471153844 0.7669477860576923 0.4226425072115385 0.7580747956730769
1 0.34318021153846157 0.9287774855769231 0.37924294471153847 0.9371017524038462 0.4055022548076923 0.9422655913461538 0.4244054879807692 0.9419236298076924 0.44899525721153843 0.9395044014423076 0.44874088942307694 0.9112851370192309 0.44854296634615387 0.8822587139423077 0.4364059375 0.8814100096153846 0.4120462788461538 0.8805385192307693 0.39449441105769234 0.8934119134615385 0.3850209975961538 0.9018587932692307 0.38143549759615386 0.9057467836538462 0.3792300913461538 0.9213571081730769 0.35510199038461543 0.9171742019230769 0.3186354831730769 0.9146242139423078 0.2998757355769231 0.91331240625 0.2984214447115385 0.918181326923077 0.31905211057692306 0.924594576923077 0.34318021153846157 0.9287774855769231
2 0.5752380240384615 0.48487955769230767 0.6177746754807691 0.4448238774038461 0.5964297211538462 0.409202514423077 0.5772932716346154 0.39894221394230767 0.5589590096153846 0.4050848846153846 0.5356857451923077 0.42571083653846153 0.5201829278846154 0.4765790528846154 0.5752380240384615 0.48487955769230767
2 0.6827781971153846 0.10259102403846154 0.6121936033653846 0.1037281514423077 0.6144956610576923 0.1484582764423077 0.6904851754807692 0.14767829807692306 0.75368321875 0.1358962451923077 0.6827781971153846 0.10259102403846154
0 0.6922977524038461 0.09587356490384616 0.70022084375 0.1008366826923077 0.7337502427884615 0.1278679783653846 0.7652918822115384 0.1494776971153846 0.8218922740384615 0.16753631971153846 0.867267264423077 0.17688612259615383 0.8801205865384615 0.1619163846153846 0.9087342403846154 0.14097754807692306 0.9309812932692307 0.12666468269230768 0.9598050072115385 0.10312004326923077 0.9647101754807692 0.06642261057692309 0.9642829879807693 0.055806786057692306 0.9373621298076924 0.03541447596153846 0.9045324543269231 0.03222450721153846 0.8681213677884615 0.029678396634615387 0.8078430600961538 0.03076670192307692 0.7934318004807692 0.03416804807692308 0.7496478221153846 0.03551545673076923 0.7301263701923077 0.027973509615384615 0.7038179399038461 0.015547891826923076 0.6813882836538461 0.015747249999999997 0.6593223870192308 0.044194317307692306 0.6470469711538461 0.0680226298076923 0.6922977524038461 0.09587356490384616
2 0.47766208173076924 0.04213974038461538 0.46043566826923077 0.052748158653846154 0.4374947548076923 0.07578906971153845 0.43287891346153845 0.07290819951923076 0.42813524759615385 0.08181060336538462 0.42613372836538466 0.11043365384615383 0.4270546754807692 0.1171740673076923 0.41801645192307696 0.11860100961538461 0.42803282451923075 0.13265344951923078 0.43832174759615383 0.13285298317307692 0.447945625 0.13300601201923076 0.5047598293269231 0.13645890865384616 0.5071316610576923 0.1320077091346154 0.515655139423077 0.12798667067307692 0.5181477764423077 0.11225084855769231 0.5082968581730769 0.08587702884615384 0.4990663293269231 0.06058647355769231 0.4917570793269231 0.047243271634615384 0.47766208173076924 0.04213974038461538
2 0.5380603317307693 0.06880375240384616 0.544861266826923 0.08065558173076924 0.5537213533653846 0.08695286778846154 0.5626511153846153 0.09265189903846155 0.5795437259615385 0.09318842067307692 0.5902692427884616 0.0970996514423077 0.6257940865384615 0.049004149038461536 0.6251153846153846 0.034419201923076924 0.630778891826923 0.013955293269230768 0.6332158389423077 0.008094411057692307 0.5558977451923077 0.0026878028846153844 0.5553591177884616 0.0030036947115384613 0.5427024038461539 0.0147635625 0.5349138149038462 0.02938034375 0.5286546899038462 0.04601745192307693 0.5288103509615385 0.05613594711538462 0.5380603317307693 0.06880375240384616
1 0.23228834375000001 0.9122050096153846 0.22759269230769233 0.9100672692307692 0.28123856971153843 0.9500686850961538 0.3096550192307692 0.9339410913461539 0.2564834014423077 0.91343934375 0.23228834375000001 0.9122050096153846