0 0.6958401706730769 0.7592478701923077 0.7181448173076923 0.7562264038461539 0.7357103221153847 0.7314030408653847 0.7362031490384615 0.70486315625 0.7291915697115384 0.6811199447115384 0.7190194038461539 0.6534239615384615 0.7068806971153846 0.6195306081730769 0.6952025745192307 0.606794375 0.6795918461538462 0.5975614302884615 0.6723336201923077 0.5791391514423077 0.6568135841346153 0.5709428557692308 0.6483889567307692 0.5632213341346154 0.6420487403846155 0.5552919663461539 0.6373821971153847 0.5662989447115385 0.6288923100961538 0.5659716514423077 0.6071271802884616 0.5509332091346154 0.59719659375 0.5581714375 0.5909307163461539 0.5671782163461538 0.6109781682692308 0.5707236442307692 0.628783045673077 0.5808092115384615 0.6349228317307692 0.5866414615384615 0.6389107331730769 0.6000505024038462 0.6373027908653845 0.5896179495192307 0.6543885649038461 0.6802503629807692 0.6607867620192308 0.7210153581730769 0.68386696875 0.759225326923077 0.6958401706730769 0.7592478701923077
0 0.8602012692307692 0.6090722067307692 0.8578436586538462 0.6414312788461539 0.8589170625 0.6686239399038462 0.8840238605769231 0.6664273798076923 0.8854899182692308 0.6682608966346154 0.8839771778846154 0.6362404374999999 0.8800373125000001 0.5985724615384616 0.8835783822115384 0.5797403966346154 0.8602012692307692 0.6090722067307692
1 0.3373068125 0.6583864134615385 0.33490054326923074 0.6467753004807691 0.32634833173076927 0.6071669086538461 0.31724491346153844 0.5878105240384616 0.3041585625 0.5917324975961539 0.3122076923076923 0.5938053557692308 0.3187947091346154 0.6161844375 0.3299531442307692 0.6590297764423076 0.33239124999999997 0.6657718725961538 0.3272213725961538 0.7072686899038462 0.31623112499999995 0.7033639783653847 0.31263175000000004 0.7203667500000001 0.3074640144230769 0.7194430745192307 0.30510601201923077 0.73493596875 0.2939737908653846 0.7505340913461538 0.2943157908653846 0.7651028677884616 0.28412772596153846 0.812618329326923 0.2825851105769231 0.8426640649038462 0.29264588461538465 0.8570704567307692 0.3015121394230769 0.8632501634615385 0.3254073485576923 0.8611596033653846 0.3575724278846154 0.8423455504807692 0.3829748605769231 0.8206581923076922 0.3688921346153846 0.7759795264423077 0.3385557620192308 0.6833216875 0.33918043990384616 0.6798020745192308 0.3369533485576923 0.6702389735576924 0.3373068125 0.6583864134615385
1 0.17710011778846152 0.6542880673076923 0.1678812716346154 0.6493111826923077 0.15066243509615385 0.65328896875 0.16050847836538462 0.6780326009615384 0.1661179158653846 0.698153266826923 0.1548897115384615 0.7016069399038461 0.15714918990384616 0.7212308822115384 0.17589096153846157 0.7220625216346155 0.22901233653846154 0.7264850528846154 0.23269253125 0.7121503629807692 0.22996756971153848 0.6934079086538462 0.2284652548076923 0.663832391826923 0.21034957932692308 0.6637612596153846 0.19062114182692308 0.658047798076923 0.17710011778846152 0.6542880673076923
2 0.48607690625 1 0.4662280576923077 0.9659856706730768 0.44537091105769233 0.9378741826923077 0.42484122115384615 0.9396702956730769 0.41271838461538457 0.9499538197115385 0.39752305288461537 0.9512832403846154 0.3837089206730769 0.968593704326923 0.38935390625 0.9980360817307693 0.38986994230769234 1 0.48607690625 1
2 0.9821123533653846 0.9189153389423077 0.9804223269230768 0.899598264423077 0.9825790288461539 0.8872312572115385 0.98220290625 0.8459139206730769 0.9795300841346154 0.8339694375 0.9640200048076923 0.8231735504807692 0.9408866201923077 0.8178853725961539 0.9280303245192307 0.8190101538461538 0.916441545673077 0.8346227379807692 0.9089864302884615 0.8790710745192307 0.9368115528846155 0.900967858173077 0.957575875 0.9161957692307693 0.9701010673076923 0.9296986586538462 0.9821123533653846 0.9189153389423077
2 0.15205435576923076 1 0.10361101682692307 0.9506278341346154 0.0762591201923077 0.936078170673077 0.04574616346153847 0.9016777115384615 0.03177154326923077 0.8849808677884615 0.04183441346153846 1 0.15205435576923076 1
1 0.05451410096153846 0.7293950024038461 0.04974824759615385 0.7472132043269231 0.043159632211538464 0.7984646995192308 0.048272536057692314 0.8146542908653847 0.05810728365384616 0.836749235576923 0.07942296875 0.8514957884615384 0.08495562259615384 0.8304257932692308 0.08475820432692308 0.7861119375 0.0856893389423077 0.7607056778846153 0.07799746634615384 0.7328691274038461 0.07053833894230768 0.7018784615384616 0.06716104326923077 0.7053331658653845 0.061680298076923074 0.7089719014423077 0.05451410096153846 0.7293950024038461
1 0.719848360576923 0.7402302572115385 0.7228722668269231 0.7747936634615384 0.7432015985576924 0.79163925 0.7521185745192308 0.7949100600961538 0.75739896875 0.7936328004807692 0.7591459711538462 0.7335565000000001 0.75572515625 0.7006583894230769 0.7585875120192308 0.6963570192307693 0.7367319182692308 0.6990844230769231 0.7330735288461538 0.7066910985576923 0.734900704326923 0.7275757908653847 0.719848360576923 0.7402302572115385
1 0.525099125 0.8837906730769232 0.5307326586538461 0.9016671971153846 0.5535993221153845 0.9302652932692308 0.6037456105769231 0.9258780625 0.6047239855769231 0.9184548990384616 0.5991380913461538 0.8920137139423077 0.5845133990384616 0.8737008870192308 0.5678734206730769 0.8604560865384615 0.5310901610576922 0.840438576923077 0.5232706923076923 0.834982576923077 0.5232084375 0.8435739927884616 0.525099125 0.8837906730769232
0 0.045866581730769226 0.8154507716346154 0.053888848557692305 0.8265195937500001 0.06404442788461538 0.8350323509615385 0.07678751201923077 0.8374588701923076 0.08466362740384616 0.8379417740384615 0.09052778365384614 0.7974033221153847 0.09098418990384616 0.7667647211538462 0.07339208173076923 0.6999982211538461 0.06503254807692307 0.7030990072115385 0.0488087451923077 0.7504291514423076 0.04196700721153846 0.7887091875000001 0.045866581730769226 0.8154507716346154
2 0.7800523798076924 0.9227079735576923 0.75840259375 0.9105384134615384 0.7316160288461538 0.9466398365384615 0.7168674471153846 0.9829364759615384 0.8259489975961538 0.9733930769230769 0.7800523798076924 0.9227079735576923
2 1 0.7460262980769231 0.9829303100961538 0.7396848677884615 0.9988957500000001 0.9582621971153846 1 0.9581655889423076 1 0.7460262980769231