2 0.5624104278846154 0.37137172596153845 0.5166508533653846 0.3471715192307692 0.5188447427884616 0.3393613125 0.4046828798076923 0.3888751466346154 0.4208676442307692 0.43868673317307694 0.4871600817307692 0.43135818269230775 0.5110287908653846 0.4537830216346154 0.561505545673077 0.4196222740384616 0.5624104278846154 0.37137172596153845
0 0.7348982115384615 0.6486077139423077 0.6748632980769231 0.6830154326923077 0.6354282956730769 0.7089554903846154 0.6364567427884615 0.7121207235576923 0.6512487692307692 0.7397126826923077 0.6809264567307692 0.7519698052884615 0.7617993413461538 0.7493340841346154 0.8156312379807692 0.7353424375 0.8339448605769231 0.7162651322115384 0.8488058822115385 0.7009218701923078 0.8261500721153846 0.6671283004807692 0.7734156201923077 0.6413499615384615 0.7348982115384615 0.6486077139423077
0 0.7099914903846154 0.5058155697115384 0.7251627836538461 0.4997196514423077 0.7602158629807693 0.4684510096153846 0.7864350048076924 0.44356851201923075 0.7897387235576924 0.42494879326923074 0.7886597836538461 0.42648225721153843 0.7912423629807692 0.41042978125 0.7944233629807692 0.4105791081730769 0.8042550649038461 0.41205045673076923 0.8056973461538461 0.40691596874999997 0.7979887235576922 0.40240542548076924 0.7867454230769231 0.4013763052884615 0.765573548076923 0.41293775721153847 0.6181608894230769 0.4678502572115385 0.6199104735576924 0.46844824759615383 0.6256992235576924 0.5390525456730769 0.680323670673077 0.5248033846153846 0.7099914903846154 0.5058155697115384
0 0.5424824326923077 0.3525130576923077 0.5176586947115385 0.3458911658653846 0.504601483173077 0.3501337115384615 0.4270021394230769 0.3745750985576923 0.4041551225961539 0.38354287980769236 0.40270432211538465 0.39175237740384616 0.41083660576923076 0.42311826923076923 0.4239412283653846 0.441269608173077 0.4360250168269231 0.4435371177884615 0.4761080865384616 0.4305133389423077 0.5101498317307692 0.4179081682692308 0.5295174879807693 0.40773796875 0.547982235576923 0.39478890144230766 0.5607217836538462 0.3705567860576923 0.5424824326923077 0.3525130576923077
1 0.7933756418269231 0.8330323293269231 0.8072961730769231 0.8276713894230769 0.8257313774038462 0.8225193125 0.8393603413461539 0.8197667620192307 0.8557943629807692 0.8152649086538462 0.8684383365384616 0.8094808653846154 0.89860334375 0.7887871682692308 0.8049563942307691 0.8032786826923076 0.7792836706730769 0.7965383437500001 0.7610221778846153 0.7781567980769231 0.7595191850961539 0.7769693822115384 0.7605296826923078 0.7766410528846154 0.7703884110576923 0.7725998725961538 0.7870686802884616 0.768855891826923 0.8092996274038462 0.7616326201923077 0.8522018221153846 0.7560716923076923 0.8703850841346153 0.7535151274038461 0.8852707956730769 0.7511921201923077 0.89510884375 0.750525625 0.9110050504807692 0.7478742860576924 0.9120410552884616 0.7441861322115385 0.9087839927884616 0.7410385673076922 0.8984582740384616 0.7402041754807692 0.7821899062500001 0.746963923076923 0.6757397740384616 0.7530636129807693 0.6575508173076923 0.7589735625 0.6371152956730769 0.7614076177884616 0.6191576033653846 0.7680967379807692 0.6082883774038461 0.7724662475961538 0.5799746346153847 0.7816659423076923 0.5428333365384616 0.7912038004807692 0.5329539302884615 0.7986196610576923 0.5363503894230769 0.8159495336538461 0.5449013605769231 0.8181984567307693 0.5584991274038461 0.8221591153846154 0.5715383990384615 0.8313449711538462 0.5792230961538462 0.848119391826923 0.5851633822115384 0.8629633846153847 0.5931198317307692 0.8771358581730768 0.6013783701923077 0.8853614158653845 0.6152280769230769 0.8867265600961538 0.7195384951923077 0.8637265432692308 0.7940888798076924 0.8386657716346153 0.7933756418269231 0.8330323293269231
1 0.3002398341346154 0.8517744807692308 0.29969777163461536 0.8626459495192308 0.29916638701923076 0.8714603125 0.3000179567307692 0.8803510552884616 0.3022786610576923 0.8852188317307692 0.30850373798076924 0.8918378846153847 0.30896828125 0.8911776442307692 0.3223427235576923 0.8822483076923077 0.33945815865384615 0.8680454591346154 0.35500563701923077 0.8553542475961537 0.3638368004807692 0.8428245192307693 0.3648390985576923 0.829257 0.36093673798076925 0.8193367379807692 0.35176456971153847 0.7973775865384615 0.34304575240384616 0.7788362475961539 0.3322682548076923 0.7665661346153846 0.3217542860576923 0.7592869879807692 0.3019019182692308 0.7545491995192308 0.27985187019230773 0.7535648605769231 0.2593184326923077 0.757180766826923 0.2401166153846154 0.7669849302884616 0.22828548557692308 0.7743942115384616 0.22058443028846153 0.7799522475961538 0.21620251682692307 0.7915456298076923 0.21089634375 0.8044743533653846 0.20688011298076925 0.8108558966346154 0.20191981009615387 0.8185792211538462 0.19862149278846156 0.8293276490384615 0.20175994471153846 0.8389868149038461 0.20334441346153845 0.8522231442307693 0.20510473798076923 0.8618207932692308 0.20402597115384616 0.8626806081730769 0.20907393990384618 0.8635869326923077 0.2233507716346154 0.8594574110576924 0.24067891105769232 0.8543364591346154 0.2452623341346154 0.8559030264423076 0.24647527884615383 0.857546125 0.25200329567307694 0.8557499639423077 0.2610626658653846 0.8502598870192308 0.27535500240384614 0.8440881177884615 0.2883835721153846 0.8403641826923077 0.2995427716346154 0.8433592644230768 0.30196383173076924 0.8466306009615384 0.3002398341346154 0.8517744807692308
2 0.2937844927884615 0.5578524735576923 0.37287318990384616 0.5331407427884616 0.39052023076923076 0.5224617139423077 0.3834849014423077 0.46831368269230766 0.3659835673076923 0.45914830528846157 0.3383022788461538 0.45923793028846155 0.3000565168269231 0.47562414423076926 0.2937844927884615 0.5578524735576923
2 0.35313289423076927 0.3834619014423077 0.3429271225961538 0.39351388701923073 0.3371411466346154 0.4364501778846154 0.34545676201923076 0.4482223052884615 0.3729498629807692 0.4527446875 0.38861842548076925 0.4540445817307692 0.4249367235576923 0.44291764423076924 0.4180475192307692 0.431355639423077 0.40957152884615383 0.3873360168269231 0.4007630721153846 0.37539543990384616 0.3819419783653846 0.3741012620192308 0.35313289423076927 0.3834619014423077
0 0.4387193629807692 0.7811667908653847 0.42910551923076923 0.7536009639423077 0.4227494927884615 0.7733438701923077 0.39649975240384616 0.7762213197115385 0.3842063605769231 0.7716232668269231 0.38290002163461534 0.7686140408653847 0.38157385096153845 0.7675663197115384 0.34523625961538457 0.7766787475961539 0.35525732451923075 0.8085316874999999 0.3645213677884615 0.8340096706730769 0.35556773317307694 0.8568145216346154 0.3536171442307693 0.859912670673077 0.3860159543269231 0.8547908317307692 0.4075028918269231 0.8564017211538462 0.43040819230769234 0.8462649639423077 0.44162746394230773 0.835489375 0.45642552403846154 0.8225816490384615 0.45652795673076924 0.8188518197115384 0.45944260336538456 0.8137318028846153 0.4507081754807692 0.8089631177884615 0.4387193629807692 0.7811667908653847
1 0.70959184375 0.3495239879807693 0.7480083365384615 0.34384335817307693 0.7351460769230769 0.3321684807692308 0.7201618173076922 0.33250273076923076 0.6935510865384615 0.3373703918269231 0.6563419711538461 0.33436202403846155 0.5665515144230769 0.34919411057692307 0.5514982379807692 0.35861964663461543 0.5557364278846154 0.3685622235576923 0.6161096586538461 0.3716014975961538 0.6814081923076922 0.3526519326923077 0.70959184375 0.3495239879807693
2 0.4456277596153846 0.5907021634615385 0.4496733221153846 0.5990069158653847 0.5262510312500001 0.5731067067307692 0.5296380528846154 0.5669460360576923 0.5226348004807693 0.5587634975961538 0.532766375 0.5558092572115385 0.5289036634615385 0.5439210504807692 0.46329634615384613 0.5626329759615385 0.44310373076923076 0.5414381682692307 0.44046306730769236 0.5187655961538462 0.5043047427884615 0.4972705480769231 0.5037326490384616 0.4789025072115385 0.5059945961538461 0.4754704423076923 0.5034466009615385 0.4697184831730769 0.5082216586538462 0.46361611298076927 0.5031605552884616 0.46053446153846156 0.5054050600961538 0.4528912668269231 0.5028745096153846 0.45135044230769233 0.5025884639423077 0.44216641826923075 0.48471799759615386 0.4328088293269231 0.44207545192307696 0.4377530889423077 0.43141481490384614 0.43898915384615383 0.3892545817307692 0.4587666105769231 0.3951687692307692 0.5226106514423077 0.41682422596153845 0.5159084230769231 0.4191825096153846 0.5259306129807693 0.42982278846153843 0.5223481033653846 0.43212695192307693 0.5450047379807692 0.4299485673076923 0.5507727019230769 0.43660440624999997 0.5546724254807692 0.4448693846153846 0.5509847956730769 0.4523617908653846 0.5657516298076923 0.4415821947115385 0.5823974110576923 0.4517137692307692 0.5794431706730769 0.4456277596153846 0.5907021634615385
2 0.40697574038461537 1 0.4121576586538461 0.992417266826923 0.40187057932692305 0.9728247235576923 0.39022828846153845 0.9683765552884616 0.38124071875 0.9699413918269231 0.38107171153846153 0.9619378341346153 0.3785859975961538 0.9639283870192308 0.37095112980769235 0.9643116562499999 0.37370030528846154 0.9574041947115385 0.3541575408653846 0.9313074206730769 0.35235256971153844 0.9314615456730769 0.34927184855769233 0.9247832259615384 0.3461551370192308 0.924455639423077 0.3443861538461539 0.9182590360576923 0.3396483846153846 0.9189248076923077 0.33950046153846153 0.9117348413461539 0.3331416322115385 0.9133939687500001 0.3346147716346154 0.9052106490384616 0.32663488221153847 0.9078631346153846 0.3297290793269231 0.8986864543269231 0.30530062259615387 0.8660654903846154 0.3008035096153846 0.8621388100961538 0.3018442235576923 0.8532739615384616 0.29552923798076924 0.8530171033653846 0.3028849375 0.844409110576923 0.29064354567307693 0.8464929086538462 0.2857578533653846 0.8399687163461539 0.24600859855769233 0.8552333942307692 0.16718474278846152 0.8684901370192308 0.13225031009615384 0.9251360432692307 0.12190866346153847 0.9543885048076923 0.13753269711538463 0.9993056923076923 0.148078 0.9967623798076922 0.14837651923076922 1 0.40697574038461537 1
0 0.2607482091346154 0.75369325 0.23428237259615384 0.772018548076923 0.21936889423076922 0.7884138870192309 0.21757117067307694 0.8078257475961539 0.20673472596153844 0.8143861057692308 0.19859654086538464 0.8267563870192307 0.20175673557692309 0.8439658750000001 0.20603951923076924 0.8571469230769231 0.24921875961538462 0.8528431634615384 0.29443586298076924 0.8424063725961539 0.3041263870192308 0.8422971129807693 0.2998581730769231 0.8740613413461538 0.3077372980769231 0.8958163221153845 0.3185922451923077 0.8868184471153846 0.3522276875 0.8606927139423076 0.36039559374999997 0.8209747572115386 0.3487881442307692 0.7852506971153846 0.32446522115384613 0.7627762908653846 0.30353183173076925 0.7507337884615384 0.2607482091346154 0.75369325