1 0.5443141778846153 0.671499375 0.5303778701923076 0.6741944759615385 0.5262955072115385 0.6728680336538461 0.5201124903846154 0.6738853173076923 0.513113514423077 0.674615391826923 0.5119554495192308 0.6754319471153847 0.503534733173077 0.6805376778846154 0.49670377403846155 0.6849229399038462 0.49138144471153844 0.6874127115384615 0.48084090625000003 0.6852028100961539 0.4665900096153846 0.6805724134615385 0.4557658485576923 0.676436923076923 0.4493818822115384 0.6683542908653847 0.44494550721153847 0.6542776033653847 0.43891133173076924 0.6492907139423078 0.4398562884615385 0.6754866947115384 0.4408904086538462 0.6944883629807692 0.4435288149038462 0.7043802572115384 0.452418375 0.7144698413461538 0.4583664302884615 0.7128018870192308 0.46484682692307694 0.7094955552884615 0.4683818990384615 0.7124555120192307 0.47764304567307697 0.7130568822115385 0.4857598894230769 0.7102601778846154 0.49135737740384616 0.7096711514423077 0.49263027644230767 0.7112996658653846 0.5026140048076922 0.7097280552884615 0.5091613413461539 0.7034172091346154 0.5106095216346154 0.7045062596153847 0.5166107620192307 0.7040484206730769 0.5198993822115384 0.7008978533653847 0.5149700889423077 0.6938842932692307 0.5090357932692308 0.6913376153846154 0.5124847451923077 0.6876427283653845 0.5480035072115385 0.6823291514423077 0.5495186298076923 0.6804136850961539 0.5492113100961539 0.6688935384615384 0.5443141778846153 0.671499375
1 0.5592413725961538 0.7673142524038461 0.5241931826923077 0.751641033653846 0.49800604086538464 0.758153204326923 0.4740272019230769 0.78254646875 0.46551625 0.808740485576923 0.47070561057692306 0.8619173341346154 0.48089816105769234 0.8577186490384616 0.503824625 0.8662282067307692 0.5378209375 0.8579680192307693 0.5581179783653846 0.8473993533653845 0.5895569302884616 0.7975530192307693 0.5935652956730769 0.7827742283653846 0.5772681538461538 0.7785392668269231 0.5592413725961538 0.7673142524038461
1 0.5149623413461538 0.35513863942307694 0.4458551802884615 0.32634466346153845 0.3869473942307692 0.28814108894230767 0.3954253725961539 0.24006771153846154 0.4132882932692308 0.23632904567307692 0.4567485745192308 0.2123235985576923 0.47907491826923077 0.16559102403846152 0.5089854447115385 0.14670358653846155 0.5436776057692307 0.16433754086538463 0.5527293798076923 0.1291520889423077 0.5184132163461539 0.09575792307692307 0.49531527884615384 0.10095443509615384 0.45635297596153845 0.1550273221153846 0.4128068389423077 0.20122695673076924 0.3818756177884615 0.2451857235576923 0.3580490985576923 0.28193235817307694 0.43165423798076924 0.3407937716346154 0.5439745528846154 0.4122345096153846 0.5909270769230769 0.4433726923076923 0.6213125649038461 0.4596073245192308 0.7185957451923077 0.3577736201923077 0.7514675480769231 0.28586151682692307 0.7397529206730769 0.2121638894230769 0.6778343461538461 0.15391877403846152 0.5862311105769231 0.21629056249999998 0.5343702403846154 0.2661503629807692 0.5355887355769231 0.26972716826923077 0.5422746033653846 0.3735556153846154 0.5149623413461538 0.35513863942307694
2 0 0.8632712644230769 0.029274521634615382 0.8727831322115385 0.06162901682692308 0.8210032355769231 0.11966624278846154 0.7667884663461538 0.16845388942307693 0.7191110096153845 0.21667423317307694 0.6585256466346153 0.28192161778846153 0.647961045673077 0.32782538221153845 0.6310892307692307 0.3629709278846154 0.6107439495192307 0.3586361923076923 0.5362633028846153 0.3483313629807692 0.49481060096153845 0.3269053076923077 0.4656046826923077 0.3027670721153846 0.4228160384615384 0.23768942307692306 0.38894745192307695 0.23038042788461538 0.3675314302884616 0.20019273798076925 0.37994493509615385 0.1214945625 0.44650982932692307 0.0694209375 0.4677166346153846 0.04997848076923077 0.48364356490384613 0.037258110576923076 0.4350221274038461 0.033957180288461536 0.40854661538461534 0.010229497596153846 0.4230591057692308 0 0.4523905913461539 0 0.8632712644230769
2 0.7786436826923077 0.3556808052884615 0.7610190432692308 0.34387958653846157 0.7371431177884615 0.3449576466346154 0.719066264423077 0.3396363581730769 0.7028301802884616 0.3679812211538461 0.6923112091346154 0.38386965865384615 0.6901932524038461 0.39420417307692307 0.7363845913461537 0.4031601177884615 0.7507670961538462 0.39954969711538457 0.767354 0.3751624038461538 0.7786436826923077 0.3556808052884615
2 0.48680637980769226 0.7679446538461538 0.4817306634615385 0.7248996514423076 0.39739215624999996 0.6911346201923076 0.35217572115384616 0.8229186682692308 0.447962 0.8508606249999999 0.46894949519230766 0.8449342067307692 0.4657434615384615 0.7961349134615384 0.48680637980769226 0.7679446538461538
0 1 0.16485174038461536 0.9436349134615385 0.22431187740384614 0.8888092283653847 0.21358867548076924 0.8031882596153845 0.18753589903846152 0.8816478629807692 0.15813645673076923 0.8859667932692308 0.14891468990384615 0.7915636418269231 0.17843525 0.7378430216346155 0.19285557451923077 0.7367978173076923 0.19607238221153847 0.7415134951923077 0.2631221826923077 0.742980329326923 0.28308176201923074 0.7342512427884615 0.32628011778846155 0.7319631394230769 0.34146322596153844 0.7895050480769231 0.36015972596153845 0.8251982019230769 0.35227415865384615 0.8619300721153846 0.34119176442307697 0.8881889855769232 0.33379724278846157 0.9208507451923077 0.3107673173076923 0.9556181418269231 0.3220639302884616 0.9708164254807692 0.29157052403846156 0.9392846129807692 0.2866487980769231 0.9402634663461539 0.25509163461538464 0.974332201923077 0.22366095913461537 1 0.19534682932692307 1 0.16485174038461536
2 0.5609097427884615 1 0.562475673076923 0.9951805625 0.5249615865384615 0.9686774711538462 0.4863602572115384 0.94292559375 0.4991238677884615 0.9239449927884615 0.49719891586538456 0.9222371514423077 0.4825311201923077 0.914157860576923 0.47587712019230766 0.8965773461538462 0.46502479807692304 0.8919688245192308 0.4297388125 0.8661896923076923 0.4092482403846154 0.8430089230769231 0.39496594711538463 0.8438686177884616 0.37352438701923074 0.874343608173077 0.3919371057692308 0.8836176057692308 0.401914125 0.893464110576923 0.4053577644230769 0.9132928581730769 0.4001234567307692 0.9446159951923078 0.4058262956730769 0.957491639423077 0.41263003605769233 0.9949130384615384 0.42827162740384617 0.9999953004807692 0.44896617788461535 0.9946143004807693 0.4821534711538461 0.9558727499999999 0.48451765384615386 0.9511406250000001 0.4931042860576923 0.9627222259615384 0.55850875 1 0.5609097427884615 1
2 0.2739730360576923 0 0.24286151682692306 0.011770223557692307 0.19163229567307694 0.04330213221153846 0.1817410360576923 0.08386974038461538 0.19179558173076924 0.11342321634615385 0.21515459134615386 0.16262971634615386 0.22025603124999998 0.21246456490384616 0.22400537259615383 0.23119981009615384 0.22976446875 0.27906148076923076 0.2646966634615385 0.29259850480769234 0.2868019927884615 0.2800770889423077 0.2838611875 0.04698256009615384 0.37620344471153844 0.020039538461538463 0.4347855480769231 0.006226867788461539 0.43315349278846155 0 0.2739730360576923 0
0 0.3834466105769231 0.7841729471153845 0.37998007451923077 0.7551033317307693 0.3953243269230769 0.6927158774038461 0.3865408822115385 0.6800100264423077 0.39005679567307694 0.6540264567307692 0.38386217067307693 0.6314704278846153 0.3925353125 0.6104759735576923 0.3896604134615385 0.5889985889423077 0.38560512740384617 0.5901328846153846 0.35130700240384616 0.6143320192307692 0.2978110889423077 0.6445972860576923 0.26117084134615387 0.6778873509615385 0.2506714471153846 0.6761105168269231 0.24308241346153844 0.6654273822115384 0.20209998076923077 0.6874546490384615 0.149890125 0.7345724014423076 0.06465510817307693 0.8284807980769231 0.034257117788461536 0.87283371875 0.06341392548076923 0.8838756971153846 0.3214187860576923 0.9677065576923076 0.34206994711538463 0.9095837211538461 0.34226613221153845 0.8825215072115384 0.332101375 0.8759495240384615 0.35186069711538465 0.8264831730769231 0.3593263365384616 0.8092050360576923 0.3834466105769231 0.7841729471153845
2 0.5499490625 0.11435438701923076 0.5613213774038461 0.11436052163461538 0.5646151899038462 0.11266955288461539 0.5656729110576924 0.11577442067307693 0.5891126225961538 0.11466507451923078 0.5955118173076923 0.12041116586538461 0.6120414182692308 0.12255688461538461 0.6203975721153847 0.1169883846153846 0.6256904399038461 0.11550515625 0.6326698317307693 0.12053409134615384 0.6426918197115385 0.12469610576923076 0.6642894807692308 0.12711898798076923 0.6862747139423077 0.12092033653846154 0.6872639038461539 0.11894443509615385 0.7032333557692307 0.1207895625 0.7115009110576923 0.11853593509615384 0.7112180817307692 0.12171212740384615 0.7145228125 0.12088736057692308 0.7271875336538461 0.12355725721153846 0.7291353389423076 0.12150451682692308 0.7351722596153846 0.12447982211538461 0.7416124807692307 0.12233351201923076 0.743156985576923 0.12540238701923076 0.7511417115384614 0.1263249543269231 0.7516815745192308 0.12421351682692308 0.7591264350961539 0.1272475192307692 0.7676302283653846 0.12387316346153845 0.7671111610576923 0.1281700841346154 0.775095889423077 0.12909264903846154 0.78215428125 0.1258311201923077 0.7830806129807691 0.1300152139423077 0.7908723004807693 0.1286637764423077 0.7910653389423078 0.13093777884615385 0.7930084350961538 0.13165516346153847 0.7990500649038462 0.13186034375 0.8010298677884615 0.1292029783653846 0.8070347884615384 0.13278290865384615 0.8119518221153845 0.12952666346153846 0.8150195168269231 0.1337054735576923 0.8175323052884615 0.12720912740384616 0.8215698076923077 0.12852099278846155 0.8230042427884615 0.13462803846153845 0.8305761682692308 0.14110046634615386 0.8309889663461539 0.13555060336538463 0.8458431899038461 0.1354801298076923 0.8434194615384616 0.12594515384615385 0.8444821971153846 0.1152456875 0.84358075 0.10529965865384616 0.8392763221153847 0.1016037548076923 0.8318266274038462 0.10331394471153846 0.7918451033653846 0.09814285817307693 0.7914520384615386 0.06896739663461539 0.7234955961538462 0.04688700961538461 0.7176797235576923 0.05228686778846154 0.7183395961538461 0.04521172355769231 0.70922490625 0.04225018028846154 0.6938764855769232 0.04387623557692308 0.6944428052884616 0.03744718509615385 0.6343564014423078 0.017923927884615384 0.5688961177884615 0.028463533653846153 0.5583502524038462 0.025964735576923078 0.5525712692307693 0.07977476923076923 0.55623615625 0.08971301923076923 0.5511060336538461 0.09171300480769232 0.5499490625 0.11435438701923076
2 0 0.4232534927884615 0.014854935096153847 0.4130975288461538 0.03262350961538461 0.4269998389423077 0.044196665865384614 0.48490165384615386 0.1767403028846154 0.39803700480769233 0.21781059134615385 0.3152920384615384 0.22508488221153847 0.2960078485576923 0.2264240985576923 0.22334868990384615 0.21260913221153846 0.16608801682692306 0.16711642788461537 0.06604090625 0.14377324278846154 0.038155959134615385 0.13366685576923076 0.0094235 0 0.42080777884615383 0 0.4232534927884615
0 0.7841349879807692 1 0.7876818485576924 0.9864243725961538 0.7915141322115384 0.9837376177884616 0.7959269591346154 0.9558586081730769 0.7478352860576922 0.9182535817307692 0.7249517692307692 0.90686425 0.7209400721153846 0.9140210624999999 0.7157703822115384 0.9117670024038461 0.7140144735576922 0.914576170673077 0.6262563533653847 0.9946761105769231 0.6280700168269231 1 0.7841349879807692 1
1 0.8760379471153846 0.43647535096153844 0.8717721129807692 0.43332213461538466 0.86601909375 0.4320492836538462 0.8589009855769232 0.43090721634615387 0.8791737427884615 0.4539951201923077 0.8919437836538461 0.4690345048076923 0.9035640096153846 0.5082196802884615 0.9030540120192309 0.5237817259615385 0.9024726225961538 0.5321856538461538 0.9022963966346154 0.533542125 0.9026795072115384 0.5340421274038462 0.9119643125000001 0.5158971610576922 0.9145014158653846 0.506714954326923 0.9064554951923077 0.4799347163461538 0.8857034927884615 0.44611020432692305 0.8760379471153846 0.43647535096153844