2 0.41173529326923075 0.4488466322115385 0.41272169230769234 0.43148245192307694 0.42664467067307693 0.36113722836538464 0.40586663221153846 0.3527423557692308 0.36053196875000004 0.42009378846153844 0.3557271081730769 0.4827936274038462 0.3733892019230769 0.48992957692307687 0.35932499759615383 0.4858792620192308 0.37962109374999997 0.4924474254807692 0.41173529326923075 0.4488466322115385
2 0.3345996081730769 0.48681681490384615 0.33520572596153847 0.47223185096153847 0.33494746634615385 0.46569414182692304 0.3328470817307692 0.46612274278846155 0.3264700432692308 0.4700032716346154 0.32061732692307693 0.4773123197115385 0.31156218269230773 0.48782139663461543 0.2962287259615385 0.5054675745192307 0.28465458653846154 0.5162597764423077 0.2807218846153846 0.5224050913461539 0.2779346682692308 0.5328921538461538 0.27576768990384615 0.5513403846153846 0.27686676201923077 0.565337076923077 0.27911753125 0.5752578894230769 0.2923172259615385 0.5747961538461538 0.30239694471153844 0.5653396346153846 0.3117316057692308 0.568448826923077 0.32560493509615385 0.5663197860576923 0.33541643269230764 0.567067204326923 0.3439685096153846 0.5602101610576923 0.34300555288461543 0.5495087980769231 0.33982612259615386 0.5430680721153845 0.33437574278846155 0.5350712163461538 0.3375058365384615 0.5118323028846153 0.3385353870192308 0.5045140384615384 0.33440603846153844 0.4944728389423077 0.3345996081730769 0.48681681490384615
2 0.2757799326923077 0.8267028173076922 0.27625189903846153 0.8353372956730769 0.28097878365384615 0.8509889399038462 0.28542199038461535 0.8517197692307692 0.2841624278846154 0.8216221225961539 0.33239754326923077 0.7882716322115384 0.3399284615384615 0.6972500096153845 0.2977698293269231 0.6823455048076923 0.2783075 0.6913934471153845 0.2633435144230769 0.7128076682692307 0.25676506250000003 0.8190203125 0.2649121225961538 0.8223119375000001 0.2710929807692308 0.8226804807692307 0.2757799326923077 0.8267028173076922
2 0.6487616490384615 0.35433053124999997 0.6410574014423077 0.4364599014423077 0.694839670673077 0.4547597956730769 0.7849993149038461 0.35142653124999995 0.7714439735576923 0.27776087740384614 0.7706235697115384 0.26718806490384617 0.7389295096153846 0.2509769326923077 0.6487616490384615 0.35433053124999997
2 0.35853750240384613 0.7057619375 0.3582136057692308 0.7300636682692307 0.3524114855769231 0.8058659254807693 0.3050011826923077 0.8472838918269231 0.3022902139423077 0.8539937740384616 0.34359088701923074 0.8638448798076923 0.37624110817307693 0.8281948846153846 0.38988980288461533 0.779971795673077 0.3862058653846154 0.7150012115384615 0.35853750240384613 0.7057619375
2 0.8734197139423077 0.2686774326923077 0.9033409639423078 0.23194851682692308 0.920050266826923 0.22595104326923077 0.9945055673076924 0.16052584615384616 0.8377374495192308 0.09718741586538462 0.8287332716346154 0.10625065625 0.8225205504807692 0.11965840144230769 0.8171400264423077 0.14085278365384615 0.8113911442307693 0.24151123076923076 0.8345235913461538 0.2529623798076923 0.8734197139423077 0.2686774326923077
2 0.68329709375 0.17712766586538461 0.6915311706730769 0.16921971153846152 0.7412230264423076 0.10850102884615385 0.7463810985576923 0.060277052884615386 0.7019905384615384 0.04234210336538462 0.7008738725961539 0.06303589663461538 0.6727025673076923 0.13691969230769233 0.6382370288461539 0.17238024999999998 0.6562130745192308 0.18188998798076922 0.6809640168269231 0.18290223076923076 0.68329709375 0.17712766586538461
2 0.3465338605769231 0.6253674134615385 0.34690233653846153 0.6443669927884615 0.3490607019230769 0.6452390288461539 0.36109211538461533 0.6453932740384616 0.37908326682692306 0.6432249927884615 0.40669403365384615 0.6409224350961539 0.4139605721153846 0.6303766225961538 0.4209766057692308 0.6217636778846154 0.42340247836538464 0.5958040769230769 0.41488587740384614 0.586994125 0.41016584375000004 0.5588096490384615 0.4062190288461538 0.5424088317307693 0.39237206971153843 0.536814298076923 0.3562837572115385 0.5787857884615385 0.3527528894230769 0.5962335841346154 0.34983913221153845 0.6159174831730769 0.3465338605769231 0.6253674134615385
2 0.5604759110576923 0.11960489182692308 0.5684571346153846 0.11634884615384615 0.5718257596153846 0.11851402884615385 0.5777094230769231 0.11441051442307693 0.580867201923077 0.11407799759615384 0.5840331947115385 0.11372515144230769 0.582015625 0.10077648317307693 0.5689357355769231 0.08820702403846153 0.565177048076923 0.08101191586538461 0.56189284375 0.02625496875 0.5135311033653847 0.08604462740384615 0.5110615673076923 0.09964020192307693 0.4962092019230769 0.1948230456730769 0.5604759110576923 0.11960489182692308
2 0.43896912980769226 0.5272109350961538 0.4692804110576923 0.5425559110576923 0.5216643076923076 0.4743864783653846 0.522706875 0.43530873557692307 0.4761126033653846 0.4237682668269231 0.44025378605769233 0.4529184471153846 0.40750609615384614 0.5051328197115384 0.43896912980769226 0.5272109350961538
2 0.3605763677884615 0.7076736874999999 0.3437410985576923 0.6980098942307692 0.3310494423076923 0.7913457331730769 0.2835370408653846 0.8275899471153847 0.2973586129807692 0.8446691346153846 0.3142897211538462 0.838122670673077 0.35652999038461536 0.802586625 0.3605763677884615 0.7076736874999999
2 0.5538981153846154 0.5661948557692308 0.5630080552884615 0.5784375625 0.5951458942307692 0.5400734302884616 0.6100046225961538 0.43997352403846157 0.5720217884615384 0.4263304158653846 0.5063847379807692 0.5127736466346154 0.5001723533653846 0.6009693990384615 0.5280899711538461 0.6173813485576923 0.5339408677884616 0.6060507139423077 0.527383485576923 0.5811447524038461 0.5538981153846154 0.5661948557692308