0 0.3902539783653846 0.8081268918269231 0.41007273317307696 0.831999266826923 0.4371161586538461 0.8172631923076923 0.5098464615384615 0.8250468677884615 0.5396312259615385 0.8277266370192307 0.5911815745192308 0.836474985576923 0.6296961778846154 0.8313287187499999 0.6578728052884616 0.8156273774038462 0.6776704543269231 0.7856240096153846 0.6841571682692307 0.7382411826923078 0.65829934375 0.6857375240384616 0.6052634783653846 0.6735880072115384 0.5080512163461539 0.6962397307692307 0.41272443990384616 0.7275432331730769 0.38143428125 0.7073172788461538 0.3687561658653846 0.7243276875 0.3952058269230769 0.7432004591346154 0.40895965625 0.7517244350961538 0.4110008653846154 0.7886338870192307 0.3902539783653846 0.8081268918269231
2 0.6634008317307691 0.20634477403846155 0.6753080120192307 0.20530302884615384 0.6834894687499999 0.21191601923076925 0.7063782379807692 0.27427346153846155 0.7123382235576923 0.2924959254807692 0.7195689086538462 0.3252425504807693 0.7197229711538462 0.35212344951923075 0.7267026322115384 0.35722037019230773 0.7583736394230769 0.34547731730769227 0.8412531346153845 0.3341621658653846 0.8496830192307693 0.24381373557692307 0.7622257620192308 0.15290436298076923 0.665470170673077 0.16787643990384618 0.6598344807692308 0.17814119711538462 0.6634008317307691 0.20634477403846155
2 0.6575204326923078 0.6184475817307693 0.6719243004807692 0.6187864110576923 0.6824768341346155 0.624325829326923 0.6851412884615384 0.6300001562499999 0.6963066947115385 0.6343977427884616 0.7435142548076924 0.6318666225961539 0.7386480168269232 0.5925393197115384 0.6769084399038461 0.48667673076923074 0.6010783052884615 0.5072800961538462 0.5937478365384615 0.5385690240384615 0.6501620096153846 0.6083424927884615 0.6575204326923078 0.6184475817307693
2 0.7470134831730769 0 0.7352374927884615 0.015174920673076924 0.6977003894230769 0.08275231730769231 0.6873985625000001 0.09195955528846154 0.7006075312500001 0.0949346826923077 0.7701486466346155 0.09715656730769232 0.79459215625 0.10192484855769231 0.8012451586538462 0.11449016346153845 0.8369790552884615 0.10030406730769231 0.8494556105769231 0.10543086057692307 0.8688638317307693 0.09473846153846154 0.8735943942307693 0.08533018509615385 0.868651110576923 0.07126058173076923 0.8762290408653846 0.0733514375 0.8907739639423077 0.08107332692307692 0.9075929567307692 0.07269504086538461 0.9132969615384615 0.0638900625 0.9054911923076923 0.04867176201923077 0.8736490769230769 0.04386231249999999 0.8738415913461538 0.03553952644230769 0.8829440625 0.012623593749999999 0.8826356370192308 0 0.7470134831730769 0
2 0.5107375528846154 0.5660411298076923 0.4710466730769231 0.5387327860576924 0.3410252668269231 0.5818439927884616 0.36086338461538464 0.6320760480769232 0.41263306971153846 0.6650567788461538 0.47290520913461537 0.6482352812500001 0.506038610576923 0.6443815216346154 0.5303939110576923 0.6287924158653847 0.5107375528846154 0.5660411298076923
2 0.38093995913461537 0.3937778701923077 0.40211104567307693 0.37675729807692304 0.43975188221153844 0.36060548798076925 0.46467518269230773 0.3508297067307692 0.43300695432692304 0.28351059615384616 0.34349102884615385 0.2960281971153846 0.3390822019230769 0.3080955408653846 0.3350328245192308 0.31544546153846154 0.3356922764423077 0.3229830432692308 0.3349259735576923 0.3230500841346154 0.35397874519230765 0.3622688557692308 0.36209441586538466 0.3837450192307692 0.3666963966346154 0.39153730048076923 0.38093995913461537 0.3937778701923077
2 0.8410956514423076 0.9688476971153845 0.9353363942307692 0.9587371947115385 0.96200825 0.9489194759615385 0.9835352379807693 0.9376641658653846 0.9911943341346153 0.9108103725961538 0.9910304350961538 0.9089369975961539 0.9898927836538461 0.8959335721153846 0.8549313221153846 0.8123116586538461 0.6778278365384616 0.9045362403846154 0.6927968341346153 0.9612349711538462 0.7855061009615384 0.9624737019230769 0.8410956514423076 0.9688476971153845
0 0.332423625 0.09891972115384616 0.3203313725961538 0.10972714182692307 0.3121954158653846 0.11958881009615384 0.3080733533653846 0.1376495408653846 0.3087096682692308 0.14492264423076923 0.3112851658653846 0.15569047596153848 0.31850970913461535 0.16358643990384614 0.3275693173076923 0.17378698557692307 0.3462182091346154 0.19107697836538462 0.3652694903846154 0.1942960576923077 0.3799353125 0.19423442307692307 0.3920242860576923 0.19255493990384617 0.40504591105769233 0.18286546153846153 0.4122813870192308 0.16271125240384615 0.41682765865384613 0.1494992548076923 0.4157690649038462 0.13739945913461538 0.41130702403846153 0.13290398557692307 0.4245407524038462 0.12563887499999998 0.4232160625 0.11049759855769231 0.4141578076923077 0.09114706971153846 0.4027893798076923 0.08239218749999999 0.38958454326923075 0.08048270432692307 0.38408649519230764 0.06448508413461539 0.37627634855769226 0.059061074519230775 0.36448371153846154 0.04545745673076924 0.3482952620192308 0.06579532211538462 0.34558347115384613 0.07213988701923077 0.3413013653846154 0.08837131971153847 0.332423625 0.09891972115384616
1 0.34538007211538463 0.035869146634615386 0.3492711033653846 0.03994819951923077 0.35951762019230765 0.048779026442307694 0.3784499399038461 0.06217995913461538 0.40437508173076925 0.060800141826923074 0.41728434855769236 0.05967072596153847 0.41695233173076923 0.02871905048076923 0.41675309375 0.0053732427884615385 0.2763992331730769 0.01765261298076923 0.25674303365384615 0.024147115384615385 0.2583828100961539 0.02931146153846154 0.2783361754807692 0.02756576923076923 0.3171229254807692 0.02417236778846154 0.3427395528846154 0.01926619471153846 0.34538007211538463 0.035869146634615386
2 0.5437932884615384 0.5663915552884615 0.5634329447115385 0.5726017091346154 0.5836201370192308 0.5613081514423077 0.6056849951923077 0.5229337379807693 0.5596372187499999 0.48101320913461537 0.501162375 0.4908816947115385 0.5186230889423077 0.544830670673077 0.5437932884615384 0.5663915552884615
2 0.6886734975961539 0.8384057043269231 0.6077350697115385 0.8389798365384615 0.6061199759615384 0.886713747596154 0.6813092019230769 0.8866203966346154 0.7561955889423077 0.8497986322115385 0.6886734975961539 0.8384057043269231
0 0.8903565096153846 0.8197169326923077 0.8763886298076924 0.8039939519230769 0.8282420865384614 0.8148021225961538 0.768304079326923 0.8351033173076924 0.73511840625 0.8587271298076923 0.6999172788461538 0.888168201923077 0.6915725168269231 0.8936064567307693 0.6439042187499999 0.9241382668269231 0.6574223149038462 0.9493169615384616 0.6814530024038461 0.9792390673076923 0.7053428413461538 0.9790366923076923 0.7331272331730769 0.9653017932692307 0.7537752668269231 0.9568994302884615 0.8004275264423076 0.9575260673076923 0.8158381778846154 0.9608859903846153 0.8800509663461539 0.9609312427884615 0.9187787716346154 0.957543 0.9536805673076922 0.9535345264423077 0.9819681802884616 0.9312942019230769 0.9822245889423077 0.9199676923076924 0.976314670673077 0.8809315745192308 0.9451790240384615 0.8563614639423077 0.9212197259615384 0.8415126201923078 0.8903565096153846 0.8197169326923077
2 0.4454610600961538 0.9438760913461538 0.4640044375 0.9548681298076923 0.47891925 0.9491659903846154 0.4864536033653846 0.9348042331730769 0.4958105793269231 0.9076686466346153 0.5058079735576924 0.8793666105769231 0.5028592211538462 0.8626351634615385 0.49370708173076927 0.8585056057692307 0.491098 0.8538036057692308 0.43065917307692303 0.8585361081730769 0.4204132355769231 0.8588773004807693 0.40945994230769234 0.8592803822115385 0.39905593990384614 0.87444840625 0.408707735576923 0.8758026177884616 0.4078530360576923 0.8830062908653846 0.4105197716346154 0.9134872019230769 0.4157379375 0.9228912043269231 0.42059963221153845 0.9197342283653847 0.4454610600961538 0.9438760913461538
2 0.5535676057692307 0.8994397596153847 0.5441645649038461 0.9056812692307693 0.5348469158653846 0.9125593509615384 0.5278259927884615 0.9253216009615385 0.5182122572115385 0.9389991514423077 0.518235704326923 0.9497903846153846 0.525212375 0.9674131033653846 0.5337800432692308 0.9828534567307692 0.5474785192307693 0.9951577043269231 0.5514669134615384 0.9974071466346154 0.6312283028846154 0.9904289302884616 0.6275908317307692 0.982085889423077 0.6211768942307692 0.9603720072115384 0.6216269326923077 0.9448089615384615 0.5828959254807692 0.8941866490384616 0.5715470961538461 0.89855521875 0.5535676057692307 0.8994397596153847