0 0.23330682451923077 0.6706875721153847 0.20682492788461537 0.5636622908653846 0.1858710673076923 0.5225324399038461 0.15351642307692306 0.5113367163461539 0.10221569951923078 0.5230348197115384 0.08948924038461539 0.5342660576923077 0.08049813942307692 0.5384721009615384 0.10371270192307692 0.5838077620192308 0.10160889423076923 0.6216643293269232 0.08331556250000001 0.740853608173077 0.07010664423076923 0.820791985576923 0.0680543389423077 0.8366154447115384 0.21168596634615386 0.9129857355769231 0.22141832932692307 0.892234516826923 0.2139578125 0.9062657067307692 0.2638901009615385 0.8038991586538462 0.253402 0.7473322620192308 0.24041345192307692 0.6954680216346154 0.23330682451923077 0.6706875721153847
1 0.20204056730769232 0.515963326923077 0.19991343509615384 0.5352431923076924 0.24766504326923075 0.5150102980769231 0.25586345673076927 0.4809359495192308 0.2813656442307692 0.45845043269230773 0.3066661826923077 0.4430962932692308 0.3231973798076923 0.43748275240384615 0.33857179807692306 0.4408317403846154 0.3430030793269231 0.3951521514423077 0.3351872524038461 0.32496264423076926 0.32997009615384615 0.3245768798076923 0.18223197355769233 0.38173456490384616 0.1612140576923077 0.4161820168269231 0.21266568028846156 0.43994464903846153 0.20204056730769232 0.515963326923077
2 0.276490125 0.44534486778846155 0.24694648317307694 0.49436507451923073 0.2076033173076923 0.5705515120192307 0.22288414663461537 0.5940892764423077 0.2327547596153846 0.614750375 0.24108368990384615 0.6361182548076924 0.22837565865384615 0.644774076923077 0.24385267307692307 0.6853800841346154 0.26396072115384617 0.7238196875 0.2684522355769231 0.7524047043269231 0.2605927451923077 0.8129545817307692 0.2831713870192308 0.8249598581730768 0.30491087740384615 0.8211061466346153 0.3453251346153846 0.8148468221153846 0.3588267788461538 0.8112417379807693 0.3830368605769231 0.7809537019230769 0.42057662259615386 0.7038083725961539 0.45259086057692305 0.6283538389423077 0.4917731802884615 0.5459266057692308 0.49526799759615386 0.5154081009615384 0.4473983894230769 0.4899553798076923 0.42593463701923073 0.4693099927884615 0.4139946730769231 0.4459974711538462 0.4024015336538461 0.44601318028846154 0.34289365625 0.4359403557692308 0.33862944471153844 0.4352241634615384 0.2936087860576923 0.4436383653846154 0.276490125 0.44534486778846155
2 0.5361759014423076 0.3527472716346154 0.43327858894230775 0.30618537980769234 0.35385296875 0.23852044471153844 0.3228771177884615 0.24644978846153845 0.27459491586538465 0.2380616923076923 0.2738072668269231 0.25391743028846153 0.22939920192307695 0.2770853125 0.22475184375 0.26139274278846153 0.20524174278846155 0.2693371274038462 0.19299201442307692 0.3096038966346154 0.24459817788461538 0.3390623125 0.2801388894230769 0.34983468509615384 0.33691556730769234 0.31492522115384614 0.34538625 0.3306317596153846 0.3283755264423077 0.3683670649038462 0.40647250480769226 0.3997234543269231 0.40173926923076925 0.4460057451923077 0.41387481490384614 0.44329928365384613 0.41965156490384614 0.462645375 0.4608142355769231 0.4987629471153846 0.46600809615384614 0.5005151057692308 0.5012076153846153 0.46737901201923077 0.5361759014423076 0.3527472716346154
2 0.5609919158653847 0.6862132908653845 0.5940514591346153 0.559265576923077 0.5632689182692308 0.5922388701923077 0.5239716466346154 0.6312718677884616 0.47998525961538463 0.6043630769230769 0.45504049519230766 0.6263571081730769 0.4370066947115384 0.6802169086538462 0.4115474471153846 0.7230869014423077 0.3820800264423077 0.7884960384615384 0.3554236778846154 0.823663266826923 0.34484585096153847 0.8286260048076923 0.3332534807692307 0.875348326923077 0.2991309567307692 0.9594318173076922 0.2991611394230769 0.959497108173077 0.35445518990384617 0.9888974783653846 0.3719403798076923 0.9769957596153845 0.4760833389423077 0.8807775168269232 0.5009245096153846 0.8340580697115385 0.5036056850961539 0.8390044927884616 0.5041057427884615 0.8181208653846154 0.5609919158653847 0.6862132908653845
2 0.6239376586538461 0.7057958437499999 0.6405518293269231 0.6604879831730769 0.6834836899038461 0.5484901802884615 0.6879555240384616 0.535381233173077 0.6900769326923076 0.5111002403846154 0.6798395985576923 0.49130286298076925 0.6657856442307692 0.48491356971153843 0.6609068389423077 0.48785920673076927 0.5695138413461538 0.5331941394230769 0.5948138221153847 0.5355915072115385 0.6009009158653846 0.5553980673076923 0.601635514423077 0.5790063437499999 0.5778311682692308 0.6503318798076924 0.5419686610576924 0.7318405913461539 0.5109681153846154 0.8026390649038462 0.5014124759615385 0.8362379735576924 0.5447627451923076 0.8062538966346153 0.5948433100961539 0.7698768413461539 0.593544860576923 0.7691864423076923 0.6091882067307692 0.7366331514423077 0.6239376586538461 0.7057958437499999
2 0.2296642620192308 0.9057533822115384 0.22720839423076925 0.9194910576923078 0.22725202644230771 0.9212623557692308 0.30026333173076925 0.9600831538461538 0.34621706009615383 0.8172415144230769 0.29343571634615384 0.8192641442307692 0.2652590096153846 0.8236345 0.24565346875000002 0.8605071586538462 0.23318185576923078 0.8839628533653846 0.2296642620192308 0.9057533822115384
2 0.6893318197115386 0.7333033149038461 0.7301311418269231 0.636175329326923 0.7354042956730769 0.6356552692307692 0.754813625 0.5960192019230769 0.7616124038461538 0.5785339038461539 0.7567840865384615 0.5781825432692307 0.7539178774038462 0.5788744519230768 0.7883566201923077 0.4905765432692308 0.7897115048076924 0.4613330841346154 0.7913231153846154 0.44886998317307697 0.7880414903846155 0.43934484855769235 0.7847953605769231 0.43761885096153846 0.7755541418269231 0.4471331658653846 0.7746356105769231 0.4488606706730769 0.7360902355769231 0.4350380480769231 0.6755595697115384 0.4217376971153846 0.6504826177884616 0.41394378846153845 0.6319039927884614 0.4284894783653846 0.6242221730769231 0.4555014158653846 0.6367305889423077 0.45550456250000004 0.6661285168269231 0.47556751682692305 0.6781795120192308 0.4952951514423077 0.6878884783653846 0.5115616129807692 0.6785367716346153 0.5621097740384615 0.6262919519230769 0.696460576923077 0.6113310216346154 0.7340301009615384 0.6093039975961538 0.7362761610576923 0.6228559879807692 0.7390500865384616 0.6697451129807692 0.7528773653846154 0.6837310817307691 0.7469692067307693 0.6893318197115386 0.7333033149038461
2 0.5206576418269231 0.48488550961538457 0.5454050384615384 0.4756879879807692 0.6222644975961539 0.4504472644230769 0.6442692764423076 0.4062083004807692 0.6036836947115385 0.3703975745192307 0.5179532091346154 0.4051524783653846 0.5215992379807692 0.40403809134615387 0.5036191634615385 0.4738070625 0.5206576418269231 0.48488550961538457
2 0.5779575649038462 0.2927531610576923 0.55451415625 0.2907274230769231 0.4284637259615385 0.22892488942307693 0.3987599326923077 0.27187701682692306 0.5220491778846154 0.3517851682692308 0.5561239423076922 0.34119485336538463 0.5556764807692308 0.33834709855769235 0.5693664158653846 0.3273573173076923 0.5779575649038462 0.2927531610576923
2 0.40034872355769235 0.3953348125 0.3355848076923077 0.36089922836538463 0.31674931490384617 0.4368364375 0.4015711105769231 0.44510383653846153 0.40034872355769235 0.3953348125