1 0.13080918509615386 0.9578338942307693 0.13707040384615385 0.9595102620192308 0.1406293028846154 0.9575493341346154 0.13258456971153845 0.9530115745192307 0.1167572403846154 0.9513935360576924 0.11143347836538461 0.9545234110576923 0.10002355528846155 0.9572225384615384 0.09884328846153846 0.9584839831730769 0.09846594230769232 0.9674920889423078 0.11797925721153847 0.9660198966346154 0.124580875 0.9641870649038461 0.15043199759615386 0.9649361971153846 0.15189252884615384 0.9636353653846155 0.15212772596153845 0.961411173076923 0.13704179086538462 0.9613402283653846 0.12697002403846153 0.9598342091346154 0.13080918509615386 0.9578338942307693
1 0.7390229495192308 0.7716421899038461 0.75824871875 0.7611759423076924 0.7708519110576924 0.758833079326923 0.7671086947115384 0.7567710745192309 0.7577101538461538 0.760394233173077 0.7448626322115385 0.751847514423077 0.7257239302884616 0.7597134447115385 0.7347562379807692 0.7719560360576924 0.7390229495192308 0.7716421899038461
1 0.06432059134615385 0.10310881490384616 0.06592403125 0.10350269951923076 0.07408823076923077 0.1019424735576923 0.08238317548076922 0.0991095264423077 0.09076565625 0.09689939182692307 0.09418151682692308 0.09476803125000001 0.09883521153846155 0.09246270673076923 0.09742669230769231 0.09142219471153847 0.08626404086538461 0.09588075961538461 0.07290985576923077 0.0979639783653846 0.06428065384615385 0.10062161538461539 0.06432059134615385 0.10310881490384616
2 0.5993134182692308 0.02006096875 0.5950205721153846 0.0186636875 0.5682997451923076 0.014607182692307692 0.5632699663461538 0.019489927884615385 0.5595788894230769 0.02237446875 0.5593843894230769 0.026752317307692307 0.5853373942307692 0.03110726923076923 0.5959342115384616 0.029062259615384615 0.5986320745192308 0.024872430288461537 0.5993134182692308 0.02006096875
0 0.6859170985576923 0.585777735576923 0.6923325048076923 0.5851619086538462 0.6937989254807693 0.5832251370192307 0.6930772644230768 0.5813100793269231 0.6846607860576923 0.5798889783653846 0.6813773557692309 0.57804815625 0.6621129134615384 0.5795965168269231 0.6571811850961539 0.5814487067307692 0.6557541490384615 0.5836657451923076 0.6578573557692308 0.5862599158653846 0.6617430576923078 0.5862854158653846 0.6635267764423076 0.586606329326923 0.6600159831730769 0.5894178990384615 0.6565900625 0.589613579326923 0.6548851201923077 0.5898531947115384 0.6571852668269231 0.5938486875 0.661469235576923 0.5967079735576923 0.6633733100961539 0.5978852548076923 0.6632945312499999 0.5973247259615385 0.6766882331730769 0.5939974855769231 0.6828257307692307 0.591404235576923 0.6871379302884615 0.5881942355769231 0.6859170985576923 0.585777735576923
1 0.14201807932692306 0.9413334615384615 0.14135470432692307 0.9406804375 0.14654081490384616 0.9340291586538462 0.15024489423076923 0.9327623293269232 0.15897980528846153 0.9315347187499999 0.1788040216346154 0.9302411201923076 0.14855783413461537 0.9285536466346154 0.12332131490384615 0.92692425 0.1232430889423077 0.9461950048076923 0.12081686778846154 0.9487588798076924 0.12633235576923077 0.9483489182692307 0.13558108653846154 0.94704909375 0.1426811201923077 0.94605125 0.14201807932692306 0.9413334615384615
1 0.7618070120192308 0.7222674783653846 0.7563674399038463 0.7225397499999999 0.7509045120192308 0.7228153028846154 0.7453759350961539 0.7226237475961538 0.7421295384615385 0.7230799975961539 0.7384149399038461 0.7280001995192307 0.7398785865384615 0.7331611899038462 0.761153108173077 0.7306634639423077 0.7609517884615384 0.7292310024038462 0.7625966778846155 0.7226328317307692 0.7618070120192308 0.7222674783653846
1 0.1449701875 0.7571172475961538 0.18921882451923075 0.7371007067307692 0.19092692067307693 0.7340026490384616 0.14081040625 0.75293853125 0.1449701875 0.7571172475961538
1 0.20172029326923077 0.9856888870192309 0.19082852403846154 0.9888550384615384 0.19253316826923078 0.9833599158653846 0.18372343509615385 0.9803269206730769 0.17937933653846153 0.9809374423076923 0.17500578125 0.9935398365384616 0.1792445504807692 0.9957386081730769 0.1854652860576923 0.9927208389423078 0.19869512019230767 0.9939894326923077 0.20290952403846155 0.9907614254807692 0.20718608653846154 0.9949237307692307 0.2122616514423077 0.9924003389423077 0.2164484951923077 0.9959242644230769 0.2226254639423077 0.9925950889423076 0.22562715865384617 0.9946342884615385 0.23599694471153845 0.9931769086538461 0.23632766586538462 0.9919713485576923 0.2336951971153846 0.9908646826923077 0.20582966346153847 0.9905256802884614 0.20172029326923077 0.9856888870192309
1 0.7182022668269231 0.4308141490384615 0.7155617211538462 0.43032785096153847 0.7107292211538462 0.4325471610576923 0.7091686586538462 0.4343225072115385 0.70753996875 0.43917184134615384 0.7057047019230769 0.4444153990384615 0.7115696394230769 0.44581402644230766 0.7168472379807693 0.4448976514423077 0.7210442596153845 0.44002079567307695 0.7207103413461537 0.4357807211538462 0.7222291586538462 0.4357419230769231 0.7213876899038462 0.43517743750000004 0.7182022668269231 0.4308141490384615
1 0.7765372668269231 0.6987940120192307 0.7711224783653846 0.6994121105769231 0.7613781538461539 0.701083264423077 0.7616155360576923 0.6988746466346154 0.7597640192307692 0.6975629567307693 0.7558703221153846 0.6971416370192307 0.7484820673076923 0.6972749519230769 0.7457786514423077 0.6980359615384616 0.7439685048076924 0.6995605841346154 0.7452337788461538 0.7029711418269231 0.7453263581730769 0.7043077427884616 0.7504666875 0.7041092836538462 0.7565770024038462 0.7036951153846154 0.7596014182692308 0.7045402836538461 0.7607749951923076 0.7047564134615385 0.7614319326923076 0.7038384423076922 0.7615086490384615 0.7028591153846153 0.7627428245192308 0.7028285649038462 0.7743037331730769 0.7012037836538462 0.7781588894230769 0.6999951105769231 0.7781618750000001 0.699169045673077 0.7765372668269231 0.6987940120192307
1 0.8550351274038461 0.5852389543269231 0.8658580937499999 0.5844641418269231 0.8671865745192308 0.5825626346153846 0.8667307836538461 0.5781332764423077 0.8542839230769231 0.5787076129807692 0.8550351274038461 0.5852389543269231
1 0.9519151225961539 0.389632108173077 0.9612400192307693 0.38514602163461537 0.9601213197115384 0.3832867644230769 0.9562100697115384 0.3832489759615385 0.9457061682692308 0.3825658221153846 0.9432589038461539 0.3836242644230769 0.944750954326923 0.38949576442307693 0.9519151225961539 0.389632108173077
1 0.10314671394230769 0.8759021346153847 0.09724680528846154 0.8737462884615385 0.08951659855769231 0.8785639783653847 0.07338876442307693 0.8834504326923077 0.05706146153846154 0.8909847572115385 0.052704274038461535 0.8998059375 0.054471584134615385 0.9044161658653846 0.06463870913461539 0.9089731971153847 0.07367231730769232 0.9054648341346153 0.08560880769230769 0.8985476009615384 0.10592175961538461 0.8915804543269231 0.12924885576923079 0.8860632764423078 0.12332559374999999 0.8839107091346154 0.11183213942307693 0.8817788509615384 0.10314671394230769 0.8759021346153847