2 0.3548742860576923 0.6468257091346155 0.3271757956730769 0.5939634447115385 0.30453742307692305 0.5696828076923077 0.27829809134615385 0.5555492331730769 0.22407297355769232 0.57065096875 0.2310697019230769 0.5771489495192308 0.22530192788461537 0.5880421033653846 0.21681196153846155 0.5909654326923077 0.1964559543269231 0.5801602716346154 0.16404600240384618 0.6447958581730769 0.13601483173076923 0.6669243822115385 0.10469237259615385 0.6794943052884614 0.054242860576923076 0.6986501995192308 0.11013989423076923 0.8540759735576924 0.38175909375 0.7249048605769232 0.38469510576923077 0.6989406730769231 0.38195321153846157 0.6909776322115384 0.3548742860576923 0.6468257091346155
2 0.5132401201923077 0.36746895913461536 0.5547165096153847 0.35034513701923076 0.5778707091346154 0.32672302644230766 0.5784796346153847 0.2597014735576923 0.5841015120192308 0.22649979567307693 0.5828401826923076 0.2063270264423077 0.5760541225961539 0.18661887500000002 0.5698223798076923 0.17952698076923077 0.5533704375 0.17026947115384614 0.5334978942307692 0.18042821874999998 0.5301904278846153 0.17540863221153843 0.5434480336538462 0.15521071634615383 0.5266884519230769 0.13680495673076923 0.5155258245192308 0.13602973076923078 0.5043631947115385 0.13525450240384615 0.3774932379807692 0.2016781778846154 0.3695261033653846 0.23797449759615383 0.37706728605769235 0.24256699759615385 0.36753431971153844 0.2470485793269231 0.37943831009615386 0.25268895432692307 0.36022186778846155 0.26164646875 0.3417879230769231 0.2879067980769231 0.33537489182692304 0.32706560576923077 0.34675451682692304 0.3601144350961538 0.3731847355769231 0.3900961682692307 0.42330062500000004 0.4062540889423077 0.4512525192307692 0.3966294783653846 0.5132401201923077 0.36746895913461536
2 0.3404776971153846 0.5032697740384615 0.4151071442307692 0.5549774086538461 0.41476122836538465 0.5539727956730769 0.49517178605769235 0.5094624399038461 0.5112581225961539 0.47363255288461537 0.517276235576923 0.43902198798076925 0.4537721586538461 0.39358055528846153 0.41632568509615386 0.40647441105769233 0.3930813798076923 0.39540784375000004 0.27457668990384615 0.45528250240384616 0.24134687500000002 0.5194567524038461 0.3404776971153846 0.5032697740384615
2 0 0.4335506466346154 0.0661383389423077 0.43679226682692307 0.18899169471153848 0.48918056730769227 0.23645382451923075 0.48176171875 0.28310049759615386 0.44426663701923075 0.31274358413461534 0.3090125841346154 0.3071188100961538 0.27879106971153844 0.07984077163461538 0.19982724999999998 0 0.24301023798076923 0 0.4335506466346154
2 0 0.5365480456730769 0.06349166346153846 0.6990185264423077 0.0847264375 0.6917068076923076 0.13311869951923078 0.68039821875 0.16479022596153847 0.6481090721153847 0.16998381490384615 0.6356123653846153 0.20035621874999998 0.5788173028846153 0.20444480288461536 0.5078874543269231 0.18086258653846154 0.49462369471153844 0.10539139663461539 0.46178035817307694 0.013999665865384616 0.437988375 0.005509697115384616 0.44091170673076924 0 0.4411758100961538 0 0.5365480456730769
2 0.6534878076923077 0.15541185576923075 0.669179920673077 0.18031606971153843 0.7064054038461538 0.1710677764423077 0.7359557235576923 0.19475317307692308 0.7571904951923076 0.18744145432692308 0.7504024975961539 0.14699468990384615 0.8332732620192308 0.11845999759615385 0.8133066153846154 0.09502762259615385 0.7449187091346154 0.13106861057692307 0.7409427716346154 0.10569966346153846 0.7147488245192307 0.09867287259615386 0.6436790168269231 0.13383605528846154 0.6534878076923077 0.15541185576923075
2 0.8472674350961539 0.6055011346153847 0.8398882019230769 0.6198410889423077 0.8431149543269231 0.6454019014423077 0.9050935600961538 0.6363723221153846 0.9317515576923078 0.632332610576923 0.9506377956730769 0.6494277187499999 0.9634810913461538 0.6450054182692307 0.9651301057692308 0.6418596658653846 0.9722997379807693 0.6368295384615384 0.9743121802884616 0.6069033028846154 0.9556355432692307 0.5804983677884615 0.9483077764423077 0.5830215216346154 0.8472674350961539 0.6055011346153847
2 0.32806926682692306 0.20557510817307692 0.35546828125 0.18999345192307693 0.3685212596153846 0.1707583629807692 0.38617881490384615 0.13642007692307692 0.3812596826923077 0.12213388221153847 0.36197481971153844 0.1042010360576923 0.2871921826923077 0.1582090673076923 0.18582166346153844 0.23488975240384613 0.25991468990384614 0.2597631875 0.32806926682692306 0.20557510817307692
0 0.7324133245192308 0.3671587403846154 0.7441866923076923 0.3754988389423077 0.7663975865384616 0.3624472331730769 0.7749941057692307 0.3467792403846154 0.7758701730769231 0.33089420673076925 0.7610138221153846 0.3271025096153846 0.7539700384615385 0.3263550168269231 0.7399122499999999 0.3273781514423077 0.7245686826923077 0.33330585336538465 0.7199514975961538 0.3371100721153846 0.7324133245192308 0.3671587403846154
0 0.5906423605769231 0.23186577403846156 0.5942381778846154 0.2253725817307692 0.6053821778846153 0.21983328846153846 0.6030532860576924 0.2322029158653846 0.6247830192307693 0.22748049759615385 0.62784384375 0.22920282451923077 0.6331228341346153 0.19430142548076923 0.6309702427884616 0.18145880769230768 0.6094385168269231 0.17319024278846154 0.6037284254807692 0.15987046153846154 0.5881630168269231 0.1508199783653846 0.5802050576923077 0.17061058653846153 0.5729351177884616 0.1649686778846154 0.5702527283653847 0.15953188701923077 0.5656651778846153 0.1593267716346154 0.5584545480769231 0.16871717548076923 0.562772514423077 0.1741544903846154 0.5617829975961539 0.18555064903846155 0.5653771850961539 0.1852384903846154 0.5677884230769231 0.19224123798076923 0.5715623725961538 0.21216027644230767 0.5719501778846154 0.23645117307692307 0.5830941754807693 0.23091187740384617 0.5906423605769231 0.23186577403846156
2 0.3212602956730769 0.032734675480769235 0.13706145913461537 0.09615942067307692 0.21882925240384615 0.14217016346153846 0.22461299278846153 0.16696620913461538 0.2511751418269231 0.17224673557692308 0.3308491177884615 0.06858146875 0.3411424951923077 0.05061056730769231 0.3212602956730769 0.032734675480769235
2 0 0.15929822355769233 0.0006509975961538461 0.15919192307692306 0.061877379807692305 0.17159029326923078 0.07934246634615386 0.19940391826923076 0.18585586298076923 0.23434916586538462 0.25016306490384616 0.17333886057692308 0.23905559855769232 0.1764033028846154 0.21531052403846151 0.14762876442307693 0.1354136298076923 0.09892468269230768 0 0.14892383413461538 0 0.15929822355769233
2 0.6057912572115385 0.4867747019230769 0.6156891201923076 0.4853165817307692 0.6215384543269231 0.4872024711538462 0.6301391899038461 0.49400746634615383 0.6510784879807693 0.4867974879807692 0.6652804735576924 0.4237382163461539 0.6352964735576924 0.40167290144230766 0.5693097403846153 0.42165075240384614 0.5697930048076923 0.42305425721153844 0.5630185600961538 0.4335834447115384 0.5594125817307692 0.4352051658653846 0.55750090625 0.44328327884615387 0.5540882620192308 0.4514816081730769 0.5485651899038462 0.45962992548076925 0.5506101658653846 0.46556896394230773 0.5406068413461539 0.48188661298076924 0.5472490697115384 0.4799961177884615 0.5700810480769231 0.4768111033653846 0.5724515769230769 0.48068805769230766 0.6005825264423077 0.47919835336538463 0.6057912572115385 0.4867747019230769
2 0.6628495552884615 0 0.46682175 0.11446940144230769 0.46428842307692303 0.10711208413461538 0.5254399567307693 0.06131751442307692 0.5621286201923077 0.03220884615384616 0.6070385288461538 0.02704040144230769 0.5816206634615384 0.009021449519230769 0.4500377139423077 0.09759238942307692 0.4656509110576923 0.11900388461538462 0.4730180745192308 0.11646716586538462 0.5448582307692308 0.09377975480769231 0.5599313774038461 0.12155767548076923 0.5590548701923077 0.15894230528846157 0.5891594062500001 0.15064214903846154 0.6278216466346154 0.13526400480769232 0.6441394014423077 0.10285780288461538 0.6303577043269232 0.07876653365384614 0.5622978413461538 0.11249669951923078 0.7156754230769231 0 0.6628495552884615 0
0 0.4163286971153846 0 0.3364673870192308 0.027498454326923074 0.34775489182692304 0.05772012019230769 0.36629434375 0.0727202451923077 0.3870695841346154 0.0709209591346154 0.4303488076923077 0.10081887980769232 0.4590606129807692 0.09359318750000001 0.4889134831730769 0.07931489423076923 0.5177139927884615 0.062044312500000004 0.5436860312499999 0.03905489903846154 0.5630837860576923 0 0.4163286971153846 0
2 0.9619426201923077 0.6568550024038462 0.9315950913461539 0.6405169447115384 0.8534114447115384 0.6447815168269231 0.8831941346153845 0.6674780072115385 0.911079375 0.6846638990384615 0.9296187836538461 0.6906412091346154 0.954914266826923 0.6922430793269231 0.9619426201923077 0.6568550024038462
1 0.2616824254807692 0.8974451129807692 0.3735621490384615 0.9429200528846154 0.4786145985576923 0.9043844735576924 0.5282408004807693 0.8423313966346153 0.4935113557692308 0.8010451129807692 0.3933156129807692 0.7207769038461538 0.30568486778846155 0.7686987860576924 0.2000029735576923 0.8145569903846154 0.19718611778846154 0.8155269134615384 0.21096645913461537 0.8510045961538462 0.2616824254807692 0.8974451129807692
2 0.4987980769230769 0.4987980769230769 0.9975961538461539 0.9975961538461539