0 0.7803223437500001 0.909188170673077 0.7793005216346154 0.8910397524038461 0.7736101995192308 0.8823865408653847 0.7622754591346154 0.8732998750000001 0.7522252115384614 0.8680525697115384 0.7459584807692308 0.8729444567307693 0.7430090913461539 0.8798927836538462 0.7436175697115384 0.8860559615384616 0.7541946899038462 0.8984305552884616 0.7595701346153846 0.913187923076923 0.7711816201923077 0.9154884134615385 0.7803223437500001 0.909188170673077
1 0.6892072884615386 1 0.7027842524038461 0.9575945336538462 0.6976055504807692 0.9545202091346153 0.6762966466346154 0.9507316995192308 0.6676391802884616 0.9558528389423077 0.6631649206730769 0.9653779302884615 0.6522846850961539 0.9594454038461537 0.6502803701923077 0.9651828701923078 0.6599440528846153 0.9749970120192307 0.65657896875 0.9819090649038462 0.6539883100961539 0.9900434591346153 0.6648254158653846 1 0.6892072884615386 1
1 0.4283758485576923 0.8483341177884616 0.4188785745192308 0.8443027644230768 0.41687459374999997 0.8444333533653846 0.4127056610576923 0.8456424783653845 0.40912423317307695 0.8448581730769231 0.4065002764423077 0.8447431225961538 0.40555591826923076 0.849283451923077 0.40675953365384615 0.8510384134615384 0.41309910336538463 0.8544653221153846 0.4149207572115384 0.858217298076923 0.4142042475961538 0.8581584663461539 0.4260128990384615 0.8619444038461539 0.4289176490384615 0.8562387091346154 0.4296458966346154 0.8493638341346154 0.4283758485576923 0.8483341177884616
1 0.7194339038461539 0.9058582572115385 0.7058811899038461 0.8972844399038462 0.6896153557692308 0.8937617379807693 0.6906872283653847 0.8964770504807693 0.6923740456730769 0.9225648317307692 0.7222301899038462 0.9228324783653845 0.7199160721153847 0.9060629254807692 0.7194339038461539 0.9058582572115385
1 0.7345124975961539 0.7548416177884616 0.7349049014423077 0.7595638870192307 0.7609371442307692 0.7700181730769231 0.7735681658653846 0.7705261442307693 0.7759783461538461 0.762735670673077 0.7675984807692308 0.7543250504807693 0.7645739759615384 0.7466632379807692 0.7564675288461539 0.7474800865384614 0.7460087163461538 0.7481920360576922 0.7382919134615384 0.7494721490384616 0.7285615360576922 0.7477774038461539 0.7269348389423077 0.74738478125 0.725872389423077 0.7505783629807692 0.7345124975961539 0.7548416177884616
2 0.4813922716346154 0.8277167572115385 0.47267629567307695 0.8246478365384615 0.4707709855769231 0.8209304350961539 0.4725670889423077 0.8166990817307693 0.4655869158653846 0.8129126442307691 0.4565849807692308 0.8288387788461539 0.45174475 0.8421509639423077 0.45343193990384617 0.8434979230769231 0.4694242884615385 0.8496554831730769 0.46849607451923075 0.8498922692307692 0.4707092668269231 0.8514625048076923 0.4813922716346154 0.8277167572115385
2 0.8830243125 0.44941223557692306 0.8735999927884616 0.45638058413461535 0.8653905721153846 0.5011513173076924 0.8635361394230769 0.5080387692307693 0.9110955576923078 0.5282265432692308 0.9260417163461538 0.5159274639423077 0.9434857692307692 0.4366860240384615 0.8959263533653845 0.41649825 0.8931379927884616 0.4306638846153846 0.8830243125 0.44941223557692306
1 0.8965567427884615 0.4258597235576923 0.8966304134615384 0.4201613173076923 0.8851702692307692 0.4129137932692308 0.8809174927884615 0.4096893173076923 0.879324875 0.4090132908653846 0.8695066658653846 0.41008477163461543 0.865172625 0.415867125 0.8603281153846154 0.4228520745192308 0.8550286105769231 0.42871522836538467 0.849442983173077 0.4363492980769231 0.8455236418269231 0.4389609903846154 0.8398359399038462 0.4446418413461538 0.8377070673076923 0.45185084375 0.84326003125 0.45753710817307697 0.8482622355769232 0.4601335096153846 0.8558155048076923 0.46001051442307694 0.8620685817307692 0.4574257259615385 0.8644557908653846 0.4550923461538462 0.8728126778846155 0.4553104639423077 0.8817196081730769 0.4552889711538462 0.8867947668269232 0.44885749759615384 0.8898230288461538 0.44395767307692313 0.8943806971153846 0.4354141682692308 0.8950676274038462 0.4337958605769231 0.8960462716346154 0.42706231971153846 0.8965567427884615 0.4258597235576923
2 0.7639359158653847 0.7588504975961539 0.7807839447115386 0.7636015552884616 0.7947873822115384 0.7605919495192308 0.8074992211538461 0.7550190697115385 0.8144227115384616 0.7398051850961539 0.7990125769230769 0.7284980024038461 0.7748996538461538 0.72111875 0.7713638605769231 0.7222987524038461 0.7636086177884616 0.7357753461538461 0.7477363918269231 0.738272048076923 0.7479221033653847 0.7465686706730769 0.7639359158653847 0.7588504975961539
1 0.41944298557692306 0.7713531947115384 0.42310451442307695 0.7627271706730769 0.41825183413461536 0.7596160168269231 0.4145083533653846 0.7611634302884615 0.41191256009615385 0.7697161682692308 0.41944298557692306 0.7713531947115384
1 0.31676307451923075 0.8564843389423077 0.31589968269230767 0.858518358173077 0.3170972764423077 0.8601656322115385 0.31735376923076924 0.862201923076923 0.3223244254807692 0.863978923076923 0.3239034807692308 0.8623713389423078 0.3260573605769231 0.8570127524038462 0.31985362740384615 0.8544845552884616 0.3191838389423077 0.8550062548076922 0.31782447596153846 0.8555681658653846 0.31676307451923075 0.8564843389423077
1 0.45940114182692304 0.6878611322115386 0.45636390625 0.6839260913461539 0.4515310913461539 0.6830836971153846 0.4461818653846154 0.6851234807692308 0.4463064495192308 0.6909235600961539 0.4559942283653846 0.6947904735576922 0.45940114182692304 0.6878611322115386
1 0.7717277427884616 0.44905835817307693 0.7641464543269231 0.45046608413461536 0.7584264495192308 0.4511044278846154 0.7539288870192308 0.45166591826923075 0.7533040576923077 0.45171608653846157 0.7530410552884615 0.45160444951923073 0.7513926754807693 0.4533753485576923 0.7599527860576922 0.45608023798076924 0.7688747259615384 0.45862331971153847 0.7720016490384616 0.4562534879807692 0.7717277427884616 0.44905835817307693
1 0.4045212668269231 0.9395904038461539 0.40483787980769226 0.9472942764423077 0.40532598076923076 0.9521973413461539 0.41266734134615385 0.9542797716346154 0.41949888461538465 0.952729016826923 0.42290697355769236 0.9398251923076923 0.4202739927884615 0.9363596201923077 0.41214835817307693 0.9373435432692308 0.41230101442307693 0.9363745480769231 0.40664648557692307 0.93397434375 0.4045212668269231 0.9395904038461539
1 0.8252438677884615 0.3764026778846154 0.8287033461538461 0.3793429807692308 0.8371689615384615 0.38316420913461535 0.8455448293269231 0.3851250552884615 0.8499670865384614 0.38551282932692305 0.8515578629807692 0.3833495192307692 0.8523249591346154 0.3804861394230769 0.8518647139423077 0.37710178125 0.8514326418269231 0.37600723798076924 0.8516760961538462 0.3746212115384615 0.8437526514423077 0.37399133173076926 0.8290042091346154 0.3738811923076923 0.8242318125 0.37220586538461536 0.8252438677884615 0.3764026778846154
2 0.9055181947115384 0.4212005360576923 0.9193157716346154 0.4277756586538462 0.9361770841346153 0.4349328605769231 0.9399546057692307 0.4322084038461539 0.9409319591346155 0.42876843990384617 0.94394434375 0.41440002644230767 0.9511208293269231 0.3863623389423077 0.9530019158653846 0.37969646875 0.9525449158653847 0.37853877644230766 0.9497249591346153 0.37734177644230765 0.9274084975961538 0.36739590624999996 0.9236966923076924 0.3660656466346154 0.9213740769230768 0.3648344471153846 0.9171197644230769 0.36591971874999996 0.9155690865384615 0.36790730769230773 0.9148623677884615 0.3690441225961539 0.9118061754807693 0.37063796875 0.9103374254807692 0.37243254807692305 0.9089988437500001 0.3766828870192308 0.9066350264423076 0.38338916105769233 0.9054250216346154 0.38623975721153847 0.902368829326923 0.3878335985576923 0.9008403052884616 0.3920033149038461 0.8998570072115384 0.39712286298076926 0.9020795048076924 0.4019210841346154 0.9007092475961538 0.4090490985576923 0.8998141826923077 0.41396079086538456 0.9004440625 0.418082985576923 0.9004662139423077 0.42026511057692306 0.9018407908653846 0.42035796875 0.9055181947115384 0.4212005360576923
2 0.8866577307692308 0.44666165384615386 0.8915879519230769 0.43419367548076926 0.8973961394230769 0.41880424278846157 0.8913324951923076 0.4162303798076923 0.8780475504807692 0.4120630985576923 0.8688947211538461 0.4099827139423077 0.8609190697115385 0.42117550721153846 0.8538898461538462 0.43602911298076924 0.8556932980769231 0.4495330865384615 0.8723938846153847 0.45662206490384616 0.8720791370192308 0.45902914182692306 0.8793438004807693 0.4562955240384615 0.8866577307692308 0.44666165384615386
2 0.63700259375 0.5264043942307692 0.6254760264423077 0.5535592884615385 0.6605224110576924 0.5655269519230769 0.6723758341346154 0.544345608173077 0.63700259375 0.5264043942307692
2 0.7568080024038462 0.8239852307692307 0.7567023725961538 0.8326838413461538 0.7563316586538461 0.8394476514423077 0.7652745528846154 0.8428757235576924 0.7752176802884615 0.8219698653846154 0.7741727427884615 0.8193535961538461 0.7740466995192308 0.8196505336538462 0.7427303076923076 0.8056391129807692 0.7348440360576922 0.8234055288461538 0.7427340769230769 0.8267546514423076 0.7568080024038462 0.8239852307692307
2 0.818626704326923 0.6541376634615385 0.8284224110576923 0.6578620288461539 0.8161310889423077 0.6672886346153846 0.8364937067307692 0.6773688509615384 0.8457177115384616 0.6757472740384615 0.8503966009615385 0.6680962788461537 0.8357471418269231 0.6612734447115384 0.8229137259615384 0.6462642596153846 0.8247297692307692 0.6380779086538462 0.8616233413461539 0.630476170673077 0.8600161105769231 0.6297939423076924 0.8564985985576924 0.6230092187499999 0.8632379350961539 0.6224881658653847 0.8648525312500001 0.61450015625 0.8447277475961539 0.6054846009615384 0.829946875 0.6040290264423077 0.8301779062500001 0.6135188533653846 0.8265458149038462 0.6298915576923078 0.818626704326923 0.6541376634615385
2 0.8088974495192307 0.6920079350961538 0.8102567884615385 0.7042019879807693 0.8198927956730769 0.7033159999999999 0.8283293341346153 0.6770221875 0.801481704326923 0.672266860576923 0.7953119326923077 0.6868019278846155 0.8088974495192307 0.6920079350961538
2 0.49119514182692303 0.6357897788461538 0.4814331658653846 0.6587875552884616 0.4973288846153846 0.6697226322115385 0.5068583389423077 0.6424384110576923 0.49119514182692303 0.6357897788461538
2 0.3922031153846154 0.8928872235576922 0.38704843509615383 0.9021059759615385 0.4066641514423077 0.9117114543269231 0.4113796923076923 0.9035678798076923 0.3922031153846154 0.8928872235576922
2 0.45846956730769234 0.6631627716346155 0.4724232548076923 0.6690857596153846 0.47775594230769236 0.6487635673076924 0.4639048942307692 0.6445487307692308 0.45846956730769234 0.6631627716346155
1 0.6664912259615385 0.6148791899038462 0.6620159182692308 0.6266816947115385 0.6607066490384615 0.6263537283653846 0.6594207379807693 0.6295050216346154 0.6533775216346154 0.6289548509615385 0.6526023629807691 0.6307810144230769 0.6538549495192308 0.6321362379807692 0.651747079326923 0.6347458870192307 0.6538661466346153 0.6327192139423077 0.6555789014423077 0.6356715216346154 0.6591605360576923 0.6345460216346154 0.6624388870192307 0.6426660264423076 0.6692052740384615 0.6449249182692308 0.6713654038461538 0.645035829326923 0.6740817692307692 0.642211375 0.6928042235576922 0.6386466706730769 0.6831715649038461 0.6307906346153846 0.6910874807692308 0.6228666081730769 0.694296127403846 0.6222135745192308 0.6854135360576923 0.6198215336538462 0.68176278125 0.6146506778846154 0.6834058701923078 0.6097235841346154 0.6896957620192308 0.6038427788461539 0.6848775985576924 0.6039002235576922 0.6831676153846153 0.5988289350961539 0.6876857355769231 0.5965940625 0.6749519879807693 0.5989686490384616 0.6665147860576923 0.5964210649038462 0.6630831129807693 0.6004838197115384 0.6658943533653846 0.6054793822115385 0.6664912259615385 0.6148791899038462
1 0.9467401826923076 0.24040241826923078 0.9424076394230769 0.24098139182692307 0.9366222860576923 0.24096120432692308 0.9294431682692307 0.24101523317307694 0.9252303653846153 0.2413121153846154 0.9227479855769231 0.24232599519230769 0.921474639423077 0.2445539591346154 0.9230727139423076 0.24558274278846154 0.9273657980769231 0.2467216923076923 0.9345366057692307 0.24664661298076923 0.9398177908653846 0.24785454807692306 0.9431290721153847 0.2489096658653846 0.9458814326923076 0.25042841346153843 0.9518253365384616 0.25328436778846153 0.9578819999999999 0.25343724038461535 0.9624347980769231 0.2515675264423077 0.9667742956730769 0.2461379278846154 0.9666953461538461 0.24230215384615386 0.9599822668269231 0.2404864158653846 0.9557293221153846 0.24006538221153845 0.9503685384615385 0.23985745432692307 0.9467401826923076 0.24040241826923078
1 0.578125 0.4651442307692308 0.21394230769230768 0.23798076923076922