0 0.2047667764423077 0.8316183149038461 0.21318645192307692 0.8577105264423076 0.23445659855769233 0.8952883413461539 0.24942083894230768 0.9033079975961538 0.27131727403846156 0.8981044471153846 0.28593028365384615 0.8812996177884614 0.28079889423076926 0.8461868461538462 0.2579808557692308 0.8093076466346154 0.23457292788461537 0.7952346754807693 0.21613326923076923 0.8038332307692309 0.20383541346153844 0.8095678149038462 0.2047667764423077 0.8316183149038461
0 0.36139158413461536 0.6561264471153846 0.34271844471153845 0.651574795673077 0.34118217067307693 0.6589207115384615 0.35493631730769226 0.6635640096153845 0.3695057043269231 0.7054486298076923 0.3771234879807693 0.7217850168269231 0.3923997956730769 0.73679865625 0.4236645649038462 0.72221965625 0.4184318870192308 0.7003204735576923 0.40096709375 0.6664387235576924 0.38756909615384616 0.6483470937500001 0.3768645144230769 0.6467091826923077 0.37722066105769236 0.6332608485576923 0.36466089663461543 0.6347133245192308 0.3681888942307693 0.6529568100961539 0.36139158413461536 0.6561264471153846
0 0.3280971754807692 0.6708173990384616 0.3253027956730769 0.6613648221153846 0.32415094471153844 0.6554346610576923 0.32200687259615385 0.6485300072115384 0.31974719230769233 0.64599078125 0.3125861899038461 0.6421673293269231 0.3098269495192308 0.6420168100961539 0.30403323798076926 0.6411255288461538 0.29736337740384616 0.6463914951923078 0.2937137379807692 0.6524048677884615 0.2925392259615385 0.6579594759615385 0.2921414927884615 0.6674865673076924 0.292757125 0.6722296009615385 0.29644388701923075 0.6812892307692308 0.3000130576923077 0.68894334375 0.3019396995192308 0.6930750384615384 0.30264979807692305 0.6992111947115384 0.3051269086538462 0.7045233774038462 0.3094708701923077 0.7103790240384615 0.3153590480769231 0.7126634278846153 0.32015364423076925 0.7183321225961539 0.3346668221153846 0.7194689663461538 0.3482382235576923 0.7117033437500001 0.34681113942307695 0.7051829423076923 0.34120661057692303 0.6920106538461539 0.3365276225961538 0.6819765336538463 0.3300238173076923 0.6749490961538461 0.3280971754807692 0.6708173990384616
1 0.6643090360576923 0.45773450721153847 0.671912858173077 0.4634376923076923 0.6755977067307692 0.4755811802884615 0.6836589014423077 0.4843858581730769 0.6896508798076924 0.48027048076923073 0.6869332740384616 0.46171864182692307 0.6819795841346153 0.4521371394230769 0.6775185048076923 0.4489322860576923 0.67370503125 0.44607449759615386 0.6694086081730769 0.4421438173076923 0.6617329567307693 0.4384444471153846 0.6532681778846154 0.4351362331730769 0.6441461274038461 0.4261771971153846 0.6517859783653847 0.4404402572115385 0.6579164759615386 0.45146650240384617 0.6643090360576923 0.45773450721153847
1 0.3085452235576923 0.8514449855769232 0.31449856009615385 0.8572919375 0.3263687884615385 0.8919744206730769 0.32780276442307693 0.8927429182692308 0.33707912980769233 0.8769198942307692 0.3267818269230769 0.865217298076923 0.30404163221153846 0.8406336682692307 0.30420125961538463 0.8455893389423077 0.3047517283653846 0.8467698245192307 0.26139426682692307 0.8102657692307692 0.22999240865384613 0.783253860576923 0.22883366586538462 0.7830756057692307 0.22601662259615385 0.7851078004807692 0.2695406033653846 0.8208156177884616 0.3003341899038462 0.8488297548076923 0.3085452235576923 0.8514449855769232
0 0.5785965817307692 0.4811522139423077 0.5800069711538461 0.48972025961538457 0.5841158173076922 0.5016196778846154 0.5904988677884615 0.5128526802884615 0.598956360576923 0.5192704399038461 0.6084143533653846 0.5167840625 0.6151811754807692 0.5078567692307693 0.6154326802884615 0.4985369471153846 0.6246626706730769 0.4961568894230769 0.6242450721153846 0.4940335985576923 0.6177703317307692 0.4924631370192308 0.6123185360576924 0.4899984254807693 0.6097215576923077 0.4881496298076923 0.6024487403846154 0.4780964807692308 0.5968885552884615 0.46803284375 0.5925057067307692 0.46045681250000003 0.5978177331730768 0.45030712500000003 0.5949575456730769 0.4497168966346154 0.5894384735576923 0.4588272980769231 0.5868186225961538 0.46120796634615385 0.5874553461538462 0.46320589903846154 0.5846953533653847 0.4621980625 0.5807418100961539 0.46480657932692304 0.5773615384615385 0.47482042067307695 0.5785965817307692 0.4811522139423077
0 0.18739695432692308 0.6768770336538462 0.18438792067307694 0.6757071658653846 0.1822712235576923 0.6771578028846155 0.18468840625 0.6804812499999999 0.18648187259615384 0.6843273485576924 0.18456262259615386 0.6903683149038462 0.1853039230769231 0.6986920384615385 0.18763897596153845 0.7036995769230768 0.1910337908653846 0.7023483533653846 0.2033393629807692 0.7005739855769231 0.20755543509615387 0.7047043966346155 0.21201572115384615 0.7026245288461539 0.21013347115384617 0.6985880336538461 0.20263954567307693 0.682889295673077 0.19510955528846155 0.6735123894230769 0.19135960096153845 0.6741020144230769 0.1892100048076923 0.6762633942307693 0.18739695432692308 0.6768770336538462
0 0.3790267908653846 0.49579448798076925 0.37229864663461537 0.4991868557692308 0.36941488701923075 0.4989553221153846 0.36904961778846157 0.5007019038461539 0.37030349278846153 0.5017166466346153 0.37242245192307694 0.5028379591346154 0.37425142788461535 0.5067602139423077 0.37389348317307697 0.5098246538461538 0.3758031201923077 0.5147755865384616 0.38109397355769226 0.5252661586538461 0.3872564326923077 0.5393372908653846 0.3900640985576923 0.5406705961538462 0.39789775 0.5417696490384615 0.40398438221153843 0.5344344447115384 0.4025894423076923 0.5263459783653845 0.39954867307692304 0.5219456802884616 0.3931221201923077 0.509875295673077 0.3875852331730769 0.5026519591346154 0.38138746874999996 0.4957599759615385 0.3802614519230769 0.4920430697115385 0.37872035336538457 0.4930166778846154 0.37882689663461544 0.49324515865384616 0.3790267908653846 0.49579448798076925
0 0.4680312764423077 0.4557745480769231 0.46867619711538466 0.4657890096153846 0.4752387331730769 0.4743189543269231 0.48161511298076926 0.4911183173076923 0.48933067548076925 0.4941963894230769 0.4964557355769231 0.49087392067307695 0.5021937451923078 0.4862511057692308 0.5030394447115385 0.47876360576923077 0.4997543870192308 0.47171877644230764 0.4944504783653846 0.4617210769230769 0.4878411057692308 0.4551369302884615 0.48127119711538463 0.4483025793269231 0.4758081298076923 0.44484637740384614 0.47170409375 0.4467601201923077 0.4680312764423077 0.4557745480769231
0 0.5063218149038462 0.43010764663461537 0.5009571850961538 0.43958645673076924 0.5046906538461539 0.4482997884615385 0.5058483028846154 0.4612740288461538 0.5102865961538462 0.4701222980769231 0.5151019254807692 0.47483093269230764 0.5218006298076923 0.4752074879807692 0.5289010552884615 0.47015798798076924 0.5292727211538462 0.46604404326923077 0.5203642163461539 0.4497300240384616 0.5186939038461539 0.44265081250000005 0.5153555745192308 0.4354917403846154 0.5118408221153846 0.4314515480769231 0.5089654110576923 0.4301961899038461 0.5063218149038462 0.43010764663461537
0 0.49684623076923073 0.4160747379807692 0.4966125 0.41799178605769227 0.5021769447115385 0.42895746394230766 0.5110903701923077 0.42630777884615384 0.509085516826923 0.41910640384615383 0.5024095600961538 0.40865903125 0.49581033173076927 0.41143496153846154 0.49684623076923073 0.4160747379807692
0 0.6086297788461539 0.34443147836538457 0.6082698822115384 0.346152375 0.6094436274038462 0.3471813028846154 0.6117964903846154 0.34921347355769233 0.6143091177884615 0.3546018149038461 0.613594079326923 0.3555611105769231 0.6128351778846154 0.35746806490384614 0.6149483197115384 0.35898615144230767 0.6173011826923077 0.36101832211538465 0.6237412980769231 0.3617704423076923 0.6283648197115385 0.3586640673076923 0.6255515216346154 0.35311459134615386 0.6217354807692307 0.3464564423076923 0.617948420673077 0.34384131730769235 0.6117374182692308 0.3420551538461538 0.6123026658653846 0.3442718557692308 0.6110732067307693 0.3451696875 0.6086297788461539 0.34443147836538457
0 0.17145889182692306 0.8129824110576924 0.17691664423076922 0.8327599591346153 0.1834925048076923 0.8375980360576923 0.1995137019230769 0.8430849663461538 0.20707641346153846 0.8489232211538462 0.1949195 0.7905219855769231 0.18783346875 0.767215377403846 0.18722320913461538 0.7624466610576923 0.1794817139423077 0.763182233173077 0.17245031490384616 0.7700539591346154 0.17016458653846153 0.7847961370192308 0.17145889182692306 0.8129824110576924
2 0.37170904807692307 1 0.37105483173076925 0.9978863533653846 0.3659729326923077 0.9997891658653846 0.36277921153846154 0.9934584134615385 0.358151125 0.9928398701923077 0.35032931490384617 0.9858905721153846 0.3446905673076923 0.9886844350961539 0.3425075072115385 0.9789412764423078 0.3112202716346154 0.9511440841346155 0.3061128701923077 0.9569770745192308 0.3033984615384615 0.9441947884615385 0.3021445841346154 0.944774514423077 0.29557665144230766 0.9372454927884615 0.2981762956730769 0.9325719567307692 0.2942080120192308 0.9203693966346154 0.2879114927884615 0.9260639567307692 0.2799330360576923 0.9233468966346153 0.2642894182692308 0.9094483028846153 0.24665165144230772 0.9278026778846153 0.25037352163461535 0.9417369639423078 0.28035273076923073 1 0.37170904807692307 1
2 0.6131132139423077 0.6231458629807692 0.6215604615384615 0.6262304495192308 0.6512947740384616 0.6186005889423077 0.6566976201923077 0.6113988004807692 0.6170039350961538 0.53628340625 0.6141222259615385 0.5313685120192309 0.590577139423077 0.532218016826923 0.5816339975961539 0.5418356201923077 0.5822120985576923 0.5556132524038462 0.6131132139423077 0.6231458629807692
2 0.3872659038461539 0.5760039615384616 0.3826097932692308 0.5810494903846154 0.3839619014423077 0.6070530480769231 0.3923434254807692 0.6204139375 0.4125260817307692 0.6117211947115385 0.40201765624999997 0.5741552139423077 0.39622394471153843 0.5732639326923077 0.38960744951923076 0.5533081274038462 0.38688487259615384 0.5567334447115384 0.38363296875 0.5532197283653846 0.3872659038461539 0.5760039615384616
2 0.2479117451923077 0.6814585192307692 0.23656581490384615 0.6593965673076922 0.22768141826923077 0.6630758245192307 0.23873603605769228 0.6890519927884615 0.2395279014423077 0.6952890985576924 0.235352875 0.7014779230769231 0.26153730048076923 0.7651831081730769 0.2670742019230769 0.7649655889423077 0.2938767980769231 0.7406686081730769 0.2960140576923077 0.7354300096153845 0.27224533173076926 0.6852018966346154 0.26674409374999997 0.6764552235576923 0.2605306971153846 0.673696608173077 0.2479117451923077 0.6814585192307692
2 0.61879234375 0.40320637019230765 0.6217004807692308 0.40092307451923076 0.6286911153846154 0.39984222596153846 0.629061139423077 0.39561314663461544 0.6184471153846154 0.37337216105769233 0.616159329326923 0.3734885865384615 0.6049210456730769 0.37747735096153845 0.6133508461538462 0.4010613774038462 0.6174528317307693 0.4038309927884616 0.61879234375 0.40320637019230765
2 0.6558972620192307 0.36562137980769227 0.6612353125 0.3723811081730769 0.666636108173077 0.36986267548076923 0.6596638413461539 0.35412930528846154 0.6569663581730769 0.3514697091346154 0.6509278990384615 0.3557458413461539 0.65051584375 0.35642476923076927 0.6522027644230769 0.3600423870192308 0.6558972620192307 0.36562137980769227
2 0.40901790384615383 0.7849369879807693 0.3924343677884616 0.7866895240384615 0.35168496875 0.80369778125 0.37011033173076924 0.8634875096153846 0.38301246394230765 0.879399625 0.38936519951923076 0.8877028774038462 0.4046998076923077 0.8971492596153846 0.40368307211538457 0.9002890961538461 0.41280188701923076 0.9060044110576922 0.4501330192307692 0.8965474302884615 0.45030225721153844 0.8905111995192307 0.41400818509615384 0.7892395216346154 0.40901790384615383 0.7849369879807693
2 0.19934925 0.7856979134615384 0.18916822596153848 0.7690732524038462 0.18514118509615385 0.7617021899038462 0.17240140384615385 0.7648148629807692 0.17066020673076923 0.7752929399038462 0.1710805216346154 0.8182353125 0.17783553124999998 0.8340236322115384 0.19228264423076924 0.8397809639423077 0.2034520216346154 0.8398113245192308 0.201693125 0.8204879110576923 0.20013617788461538 0.7990304687500001 0.19934925 0.7856979134615384
2 0.676668860576923 0.36462800240384613 0.6778833197115385 0.3628794975961539 0.6680418173076923 0.34370895192307693 0.6614657187499999 0.34649727644230766 0.6661915793269231 0.35901300240384615 0.6723980841346153 0.3675235240384615 0.676668860576923 0.36462800240384613
0 0.5179629110576923 0.40789684375 0.5212046538461539 0.40949134375 0.526070514423077 0.4076859591346154 0.5262246971153846 0.4038125072115385 0.5226542427884615 0.3942582163461538 0.5210907331730769 0.39164934375000005 0.5198871514423077 0.39174697836538463 0.5139611033653846 0.3928413653846154 0.5146326225961538 0.39848554567307687 0.5166404543269231 0.40468878125 0.5179629110576923 0.40789684375
0 0.6492601995192308 0.3301444254807692 0.6453812524038463 0.3224956802884615 0.6383083509615385 0.32686012019230765 0.6417473221153845 0.33323049278846156 0.6492601995192308 0.3301444254807692
1 0.4111545024038462 0.9109913990384615 0.40812403124999996 0.9069108197115384 0.40764459134615383 0.9058826562500001 0.40232053125 0.8948744254807692 0.3965074711538461 0.8908164783653846 0.38899004086538463 0.8843312427884615 0.3776340576923077 0.87363228125 0.3729547956730769 0.8667971562500001 0.36694699038461537 0.8603497379807692 0.3606369038461539 0.8580534519230769 0.3564901201923077 0.8599871298076922 0.35158535817307696 0.8675129831730769 0.3509075649038461 0.8700775264423076 0.34603580048076926 0.8708657331730769 0.3454225721153846 0.8864042644230768 0.33726507451923077 0.9074542427884615 0.3391141899038462 0.9198278846153846 0.34830044711538466 0.943545954326923 0.36247946875000003 0.9739529615384614 0.37025747115384616 0.9858335769230769 0.37769764903846154 0.9973617596153846 0.38562740384615385 0.9806599591346153 0.39215145673076923 0.9633619158653846 0.4015641610576923 0.9422134086538462 0.41292099278846156 0.928433673076923 0.4162505096153846 0.9251194014423076 0.4148069158653846 0.9160336923076924 0.4111545024038462 0.9109913990384615
1 0.5434120673076923 0.3780186850961539 0.5412533870192308 0.37290571875 0.5406680216346154 0.37410588942307693 0.5442295096153846 0.38222718749999995 0.5451700168269231 0.38178862019230764 0.5463200192307692 0.3803483389423077 0.5434120673076923 0.3780186850961539
0 0.5733173076923077 0.36658653846153844 0.026442307692307692 0.028846153846153848