2 0.44357796875 0.6923723846153845 0.42096410817307695 0.7021623942307692 0.4209712043269231 0.7556769206730769 0.41926882932692305 0.8169105408653846 0.4225242283653846 0.8253447980769231 0.4858588918269231 0.8573770456730769 0.5298438557692308 0.8541182043269231 0.525893798076923 0.7387122307692308 0.5191496298076923 0.7170875024038461 0.48296657932692305 0.7084715360576923 0.4793271466346154 0.6924062259615386 0.467986625 0.6901394951923077 0.4618590552884615 0.6933216899038462 0.4622090961538462 0.7000008365384616 0.44357796875 0.6923723846153845
2 0.5316224735576923 0.8495383245192307 0.5681653485576923 0.8495522427884615 0.5793185913461538 0.8345973822115386 0.5755116778846154 0.6949298870192308 0.5196085240384616 0.6873257307692308 0.4941388125 0.6838704254807693 0.4795783725961539 0.6874945721153847 0.4732695673076923 0.687825201923077 0.48062699759615385 0.6941587812500001 0.48473051923076926 0.7054313293269231 0.52632471875 0.7214582379807692 0.5316224735576923 0.8495383245192307
2 0.6614626346153846 0.8503631923076923 0.6653690072115384 0.7295819663461539 0.6403858076923077 0.7129662812500001 0.5993599951923076 0.6971696802884615 0.5852612980769231 0.692923375 0.5773968846153846 0.6963266442307692 0.5776574326923076 0.7012981754807692 0.5783348533653846 0.7142241610576924 0.5814066442307693 0.8425943004807692 0.6120679158653846 0.8559429711538461 0.6614626346153846 0.8503631923076923
2 0.19032091105769233 0.9057894447115384 0.20011573557692308 0.9007027548076922 0.19641764663461536 0.7658413437499999 0.16483213942307692 0.7400131177884616 0.06761827403846153 0.7748672788461538 0.029235637019230768 0.7791763485576924 0.02613004326923077 0.7839124735576923 0.032585673076923075 0.9392420288461539 0.06069063461538461 0.9629551442307692 0.19032091105769233 0.9057894447115384
2 0.29744342548076924 0.803722860576923 0.3452728365384615 0.8195313725961538 0.3535332716346154 0.848857860576923 0.35054775721153847 0.8558852115384615 0.36058160817307694 0.8553593605769231 0.3532939423076923 0.7481479495192308 0.27471730528846156 0.7225065769230768 0.23837400240384615 0.7335796586538461 0.2337023173076923 0.772730625 0.29744342548076924 0.803722860576923
2 0.3599600336538461 0.8562372500000001 0.3597450504807692 0.8615371490384616 0.3800768245192308 0.8703769567307693 0.4182396225961539 0.8591434951923076 0.4193110528846154 0.7870839062499999 0.41857788221153847 0.7639953942307692 0.4155396778846154 0.7060230048076923 0.37958073557692307 0.6947076274038462 0.3295209086538462 0.6821371658653846 0.31626801682692307 0.6788652475961539 0.2760682764423077 0.6882330576923077 0.27337480048076923 0.6923406923076924 0.27338233653846156 0.7200839471153846 0.3545055408653846 0.7521593028846154 0.3581230048076923 0.7935851923076923 0.3599600336538461 0.8562372500000001
2 0.6860390216346153 0.7272849134615385 0.7092167716346154 0.7188525336538463 0.7512591995192307 0.7297840697115384 0.7735047451923076 0.7496643870192308 0.7701398461538461 0.7958561778846154 0.8027718990384615 0.7928238461538462 0.8102887067307692 0.7891570240384616 0.8098741490384616 0.6984483461538461 0.6932897620192308 0.6815397139423076 0.6834337980769232 0.6866729615384616 0.6860390216346153 0.7272849134615385
2 0.6211804759615384 0.6146158461538461 0.6106076850961538 0.6151699423076923 0.6083364951923077 0.6179332860576923 0.6048097475961538 0.6240353173076923 0.6004886057692308 0.6886790649038462 0.5988640096153847 0.69468140625 0.6024125168269231 0.6977899951923077 0.6643934447115385 0.7030815528846154 0.6720473245192308 0.7020301899038461 0.6787150096153846 0.7003585913461539 0.6804320096153845 0.6779219663461539 0.6816623942307692 0.6647009278846153 0.6783311346153845 0.6563356682692307 0.6852002163461539 0.6494082307692307 0.6838600985576923 0.623837264423077 0.6782565192307692 0.6182137331730769 0.6211804759615384 0.6146158461538461
2 0.5186250336538462 0.6185166682692308 0.5124497644230769 0.6162393317307693 0.5057242668269231 0.6152913197115384 0.4992251682692308 0.6125974615384615 0.49834206009615384 0.6139442235576923 0.48749523076923074 0.6132122019230769 0.4895580841346154 0.652573766826923 0.49345301201923075 0.6541036201923076 0.4963515528846154 0.6548187019230769 0.5112972139423078 0.6609713461538462 0.5163628124999999 0.660272375 0.5205521105769231 0.6613533076923077 0.5237676754807692 0.6620517764423077 0.5296100673076923 0.6643465552884616 0.5558483894230769 0.6612374855769231 0.5557124519230769 0.658643641826923 0.5551462067307692 0.6539048774038462 0.5553499519230769 0.6517267283653846 0.5561424326923077 0.648650733173077 0.5602637620192308 0.6484347451923077 0.5591748052884615 0.6155245576923077 0.5383485673076923 0.6187834855769231 0.5370804663461539 0.6188499447115384 0.5329591394230769 0.6190659350961538 0.5258033341346153 0.6159729975961539 0.52372009375 0.6186831418269231 0.5186250336538462 0.6185166682692308
2 0.8439936538461539 0.684067204326923 0.8441585096153846 0.7518137572115384 0.8822627740384615 0.7534148028846155 0.8795075985576923 0.736631233173077 0.8786489278846153 0.7202467908653846 0.8783260745192307 0.7140864158653847 0.8779511153846153 0.7069317307692308 0.8800568052884615 0.69706775 0.8820435432692307 0.6846307091346154 0.8767863966346153 0.6777318918269231 0.87354921875 0.6732848269230769 0.8652907091346154 0.6737176370192308 0.8558523870192307 0.6731718942307693 0.8435110745192307 0.6748590600961539 0.8439936538461539 0.684067204326923
2 0.7161972475961539 0.685844564903846 0.7269782884615386 0.6822884447115385 0.7399468076923077 0.6786176802884616 0.7404157908653846 0.6875664375 0.80573115625 0.6930950649038461 0.8144289206730769 0.7753499903846154 0.8270330456730769 0.7786775865384615 0.8292050793269231 0.6669605889423077 0.7658155072115385 0.6563241730769231 0.75946228125 0.6467084302884616 0.7527956394230769 0.6450637403846154 0.7430031706730769 0.6535315673076922 0.6847709471153846 0.6436435769230768 0.6788327043269231 0.6558975625 0.6842494663461539 0.6615959038461539 0.677374375 0.6978278846153846 0.684249454326923 0.7034498028846153 0.685447983173077 0.684464954326923 0.6996505264423077 0.6767413701923076 0.7161972475961539 0.685844564903846
2 0.8180581995192308 0.6235017307692308 0.7882419735576923 0.6250643317307693 0.7899717860576924 0.615913639423077 0.7747535600961538 0.6212412115384616 0.7751477788461538 0.6287633557692308 0.7418453293269232 0.627495877403846 0.7409832548076923 0.6532039326923077 0.7632385072115385 0.655072045673077 0.7594520793269232 0.6462104495192308 0.8225667908653846 0.6670700673076924 0.8180581995192308 0.6235017307692308
2 0.6419728677884616 0.6158670336538462 0.6740828870192307 0.6101527211538461 0.6785332620192308 0.5937718149038461 0.6504027740384615 0.5892855216346153 0.6483047932692307 0.5911077764423077 0.6380517620192308 0.6092883413461538 0.6419728677884616 0.6158670336538462
1 0.6854911875 0.7335125961538461 0.6761643125 0.7511677788461538 0.6748040985576923 0.7785925697115386 0.6925399062500001 0.7967368317307693 0.7550723461538461 0.8061827139423077 0.7774337259615384 0.7967310552884614 0.779165735576923 0.7851960288461538 0.7748706490384615 0.7657188004807692 0.7633823677884616 0.7421318822115384 0.7554338365384615 0.7330115649038462 0.7405266009615384 0.7242559399038462 0.7375983389423078 0.7129651514423077 0.7329480192307692 0.7043005504807692 0.7213131923076923 0.7049103052884615 0.7099504783653846 0.7195076730769231 0.6951986802884615 0.7228167235576923 0.6854911875 0.7335125961538461
2 0.5 0.7283653846153846 0.9951923076923077 0.4230769230769231