0 0.30236281490384614 0.520202389423077 0.304777875 0.5088888269230769 0.30595545192307694 0.49388504807692307 0.30335818509615387 0.48051950480769234 0.2997719230769231 0.47059035336538463 0.29978456009615384 0.46288606730769233 0.30056961057692305 0.45288354807692305 0.29655076442307693 0.4529073774038462 0.2893332211538462 0.4561114158653846 0.28008546153846153 0.45522142548076927 0.2680715817307692 0.44755865865384614 0.2688313533653846 0.4529647139423077 0.26752438701923076 0.4619328653846154 0.26508545913461534 0.470519125 0.26243762019230765 0.49064987019230766 0.2596335841346154 0.5069899519230769 0.26110597115384615 0.5227032644230769 0.27292772115384617 0.5419081586538461 0.2978212355769231 0.5450043966346154 0.2997423918269231 0.5430856971153847 0.3014525168269231 0.5318712091346154 0.30236281490384614 0.520202389423077
0 0.24172461778846152 0.4942821995192308 0.23555737259615384 0.4972871033653846 0.23191450961538462 0.5048575625 0.2303437283653846 0.5305816177884616 0.2308938966346154 0.5545907451923078 0.2354539278846154 0.5702307692307692 0.24283897836538462 0.5691928677884616 0.2457504278846154 0.5631162908653846 0.24861809615384617 0.5400436682692308 0.2454973533653846 0.5178384230769231 0.24349145673076922 0.4968675865384615 0.24172461778846152 0.4942821995192308
0 0.7598537019230769 0.4144054134615385 0.7588201730769231 0.4159417572115384 0.7574629326923077 0.4128608701923077 0.7461194134615384 0.41167291826923075 0.7410353774038462 0.4175138557692308 0.7526991923076923 0.4275571826923077 0.7455446826923077 0.4407089519230769 0.7569924615384616 0.4419080096153846 0.7555618413461538 0.45565931009615385 0.7508132740384615 0.45773708413461534 0.7541312211538462 0.4694106081730769 0.744607485576923 0.4693579927884616 0.7445989903846153 0.4847642091346154 0.7527006009615385 0.48316190625 0.7512699807692308 0.4969132019230769 0.7525633125 0.499539375 0.7617848533653846 0.4958991298076923 0.78281459375 0.4938709855769231 0.7811423846153847 0.4819726105769231 0.7859892211538462 0.4700596754807692 0.7847344711538462 0.44128075961538465 0.7694306394230769 0.4228743701923077 0.7632248509615385 0.4344952764423077 0.7584230817307692 0.4281567115384615 0.7598537019230769 0.4144054134615385
0 0.46600510817307694 0.6660924735576923 0.46945378605769233 0.6398468870192308 0.46357781490384614 0.6234901730769231 0.4543263076923077 0.6033315528846154 0.44835509375 0.5912902980769231 0.44397639182692306 0.5854654591346153 0.4237010745192308 0.58831496875 0.4115567115384616 0.5932418605769231 0.40864172115384617 0.5979536057692308 0.4064819807692308 0.6079174783653847 0.4004208701923077 0.6205678076923077 0.400247125 0.634554639423077 0.4015785 0.6440278677884615 0.4085325456730769 0.6580691466346154 0.4227132211538462 0.6625164110576923 0.45007495432692307 0.6694132692307692 0.46600510817307694 0.6660924735576923
2 0.39250528125 1 0.3822314879807692 0.9374845144230769 0.37106782451923076 0.9249107259615384 0.3577100552884615 0.8967250576923077 0.30726673317307696 0.90559190625 0.29908819951923077 0.9226615673076922 0.2843679182692308 1 0.39250528125 1
2 0.37635102403846155 0.9169551658653846 0.36720868990384614 0.8366810024038462 0.41093546634615385 0.823013423076923 0.4062699375 0.8000463653846153 0.36716769471153843 0.7400576033653846 0.3140906153846154 0.7378567596153847 0.30932587259615385 0.8308534927884617 0.30849750961538464 0.8502905913461538 0.31604196874999996 0.9039722163461538 0.32304098317307695 0.9029885697115384 0.35377289663461536 0.8933112115384615 0.37635102403846155 0.9169551658653846
2 0.49730690625 1 0.5006423557692308 0.98184478125 0.5070003822115384 0.974717076923077 0.4980203798076923 0.9468693100961538 0.4844019182692308 0.9023363437499999 0.4769746826923077 0.8888252620192307 0.4684022139423077 0.8803181802884615 0.4453742836538461 0.8835545432692308 0.3896015456730769 0.9094255264423077 0.38463342067307693 0.9101237524038462 0.3917021370192308 0.9604202740384615 0.3866564615384615 0.9735976778846154 0.3905736057692308 1 0.49730690625 1
2 0.2487034807692308 0.6112863389423077 0.24882667788461538 0.6267770913461538 0.2320114783653846 0.6303768365384615 0.19934788221153846 0.7205709014423077 0.2103307980769231 0.7810596177884614 0.21701312019230767 0.7875653822115385 0.24853385576923076 0.7831354302884616 0.25165278125 0.7876689495192307 0.2582351274038462 0.7817720072115384 0.27849888701923076 0.7206271850961539 0.2833959639423077 0.7261215649038462 0.2914395096153846 0.7188085 0.2870741346153846 0.6995603557692308 0.28940786778846156 0.6868156129807693 0.26521027163461536 0.6319194278846154 0.25663225721153843 0.6325067307692307 0.2529661105769231 0.5976522451923076 0.2518196346153846 0.5953403269230769 0.25089639423076926 0.6122146682692308 0.2487034807692308 0.6112863389423077
2 0.5349634038461539 1 0.6991382091346154 0.9769267355769231 0.6641897019230769 0.9403633677884616 0.49921445673076925 0.974729360576923 0.4940416658653846 1 0.5349634038461539 1
2 0.5162009663461539 0.9831874038461539 0.6352423461538461 0.9581106947115384 0.6245064471153847 0.9322614447115385 0.6188448798076922 0.9033032764423077 0.5966498413461538 0.7397752764423077 0.5924460576923077 0.7379960745192308 0.5204563774038461 0.7433477980769231 0.5396701658653846 0.9251213317307693 0.5131197115384615 0.9443350625 0.5162009663461539 0.9831874038461539
2 0.35078143509615384 0.50350540625 0.3356549639423077 0.51047434375 0.3405248149038461 0.58117340625 0.3431573341346154 0.5835856057692308 0.35868047836538464 0.5793173365384615 0.36343431249999997 0.5738061778846154 0.35574174999999997 0.5124943798076923 0.35078143509615384 0.50350540625
2 0.38249180528846155 0.9126659350961539 0.45403461538461537 0.8818479567307692 0.4201671081730769 0.8208658894230769 0.36949682932692307 0.8366427980769231 0.38249180528846155 0.9126659350961539
2 0.4480872740384615 0.8711944350961538 0.4318997379807692 0.7482199158653846 0.40809813701923076 0.7491177235576922 0.41226400961538456 0.8213840961538461 0.4115474375 0.8239578509615384 0.42049729807692304 0.8218756826923077 0.4480872740384615 0.8711944350961538
2 0.3403034783653846 0.7144141658653846 0.3239178870192308 0.6209637163461538 0.30875272355769234 0.62144634375 0.3059465048076923 0.6750370072115385 0.31113530048076926 0.7389934062500001 0.3127297980769231 0.7387693149038461 0.34211985576923076 0.7428050192307692 0.3403034783653846 0.7144141658653846
2 0.3819811153846154 0.5810660240384615 0.3744062644230769 0.6323901298076924 0.37992903365384617 0.6625528052884615 0.39781959855769233 0.6754949951923077 0.39993819230769234 0.6403942596153847 0.4141030552884616 0.5949191081730769 0.4215966225961539 0.5841798533653846 0.40056740865384616 0.5716787740384615 0.3819811153846154 0.5810660240384615