0 0.37440102403846154 0.4873227043269231 0.3649189158653846 0.5041487091346154 0.35873794471153847 0.5112239495192308 0.35503362019230766 0.49771884134615385 0.35813077884615385 0.4746497451923077 0.35766183413461533 0.4553259326923077 0.3522092548076923 0.46654796875 0.3363890841346154 0.4910792788461539 0.33217753125000005 0.49732382451923074 0.3270883509615385 0.5000201322115385 0.3236660721153846 0.49254149038461537 0.3260481033653846 0.47591946634615384 0.32924921634615384 0.4595016610576923 0.32836765865384615 0.4559691778846154 0.31682160096153844 0.4279273870192308 0.29764331250000003 0.4198497475961539 0.27503893269230767 0.41486634134615386 0.23997639663461537 0.40679350000000003 0.2161270625 0.4068033341346154 0.2005663341346154 0.4161576274038462 0.1767678125 0.430100108173077 0.16129777403846154 0.43551182451923076 0.1405814639423077 0.4442499110576923 0.12433381971153847 0.4527804375 0.11057768509615386 0.4725227235576923 0.10959377163461538 0.4835371971153846 0.11333957211538462 0.5003653317307692 0.12068574278846154 0.5240472836538461 0.1413129639423077 0.5404500192307693 0.15050200721153845 0.5354465 0.16708090865384614 0.5256768389423077 0.19038715625000002 0.5136193076923077 0.21318076442307693 0.5106860625 0.2840059014423077 0.5276922548076923 0.30835472596153846 0.5185213918269231 0.3209206442307692 0.5176892403846154 0.3391509711538462 0.5189218870192308 0.3713093870192308 0.5315742956730769 0.40160233653846156 0.5517086923076924 0.40653835096153845 0.5496266947115385 0.3920256995192308 0.5228362067307692 0.37440102403846154 0.4873227043269231
0 0.2988191971153846 0.3990287331730769 0.31794724759615384 0.3816296610576923 0.3415914423076923 0.36231159375 0.31634649759615385 0.3449248389423077 0.2933252307692308 0.3240771346153846 0.29219575721153845 0.28548212740384615 0.27059455288461537 0.27504366105769235 0.21521625 0.2491399735576923 0.1918171706730769 0.25137014423076925 0.16359820673076925 0.2836683365384615 0.11078651442307692 0.30678988221153847 0.052171574519230775 0.2992359086538462 0.048228021634615384 0.3204209014423077 0.11000757211538462 0.3368448485576923 0.12337711778846153 0.3532784206730769 0.1983840360576923 0.40826872115384616 0.20947451682692309 0.40700178124999997 0.2975705985576923 0.41486258653846153 0.2988191971153846 0.3990287331730769
0 0.1107501514423077 0.33851903125 0.07534494471153846 0.32609441105769227 0.056674675480769224 0.34308896875 0.02541690625 0.3366660745192308 0.01632062019230769 0.3731492908653846 0.055982925480769226 0.3844254639423077 0.07440660096153846 0.4070714711538462 0.15172401442307692 0.4443846057692307 0.2035221971153846 0.4103863485576923 0.12079782211538462 0.34644495673076925 0.1107501514423077 0.33851903125
0 0.43763486298076926 0.5661802932692308 0.4181808269230769 0.5558087139423077 0.4063226899038461 0.5510284951923077 0.35340863701923075 0.5243672932692308 0.32756875240384614 0.5167033437499999 0.30480792548076924 0.5195945721153846 0.29453700240384617 0.5280425697115384 0.24017338221153844 0.5169476153846154 0.19971243509615383 0.512363983173077 0.17999328846153845 0.52273934375 0.16077697355769233 0.5375398774038461 0.13976181490384615 0.55311325 0.11611236057692308 0.5661894399038462 0.09830881490384616 0.5819445216346154 0.07982395192307692 0.6036531826923077 0.07739392548076923 0.6232413125 0.07808858173076924 0.6466702403846154 0.08880484375 0.6658720745192308 0.10735318028846154 0.6864076298076923 0.1279122908653846 0.6988783870192308 0.17992495913461537 0.7259338846153847 0.18434537740384613 0.7116939302884616 0.20209820673076925 0.663485298076923 0.21362009615384617 0.6761455096153846 0.21738988221153846 0.7101453677884616 0.22926016105769229 0.7112980408653846 0.30480997596153847 0.5850792043269231 0.5060196610576922 0.64871465625 0.5092553125 0.6225849038461538 0.5048340384615385 0.6043502764423077 0.48499362500000004 0.5889969855769231 0.4701104903846154 0.5865075480769231 0.44950182692307694 0.5807669254807692 0.43763486298076926 0.5661802932692308
0 0.07998660336538463 0.6512257716346154 0.0764622235576923 0.608905 0.05968872355769231 0.6077344302884615 0.025392805288461537 0.6082180961538461 0.008699459134615384 0.6590666538461538 0.013875843749999998 0.69878778125 0.0405475 0.7287938870192308 0.12540528365384615 0.77934721875 0.12711873798076923 0.7805273173076923 0.21977174759615387 0.8239728870192308 0.20354256009615385 0.7641629350961539 0.1842084783653846 0.7691466225961539 0.18092228124999998 0.7298967692307692 0.1084906875 0.6899871995192307 0.07998660336538463 0.6512257716346154
2 1 0.39551511538461537 0.8820546394230769 0.3702117259615385 0.8663455576923076 0.3753296129807693 0.8541862139423078 0.40477231490384613 0.84061728125 0.42614113701923073 0.8531974230769231 0.43318383413461536 0.8429654254807691 0.43483110096153843 0.8360943052884615 0.4332640769230769 0.8327334302884615 0.43647837259615385 0.8315713269230769 0.44038701682692305 0.8225014326923077 0.4381256394230769 0.54623753125 0.4826018846153846 0.5197196754807692 0.45311829326923075 0.3979542379807692 0.4299864423076923 0.3825218221153846 0.4243317860576923 0.36835792548076923 0.41358938221153846 0.35913755048076923 0.40225588221153846 0.34270543028846157 0.3909479471153846 0.3278485697115385 0.3926477451923077 0.31907456009615387 0.40851260817307694 0.3189493004807692 0.4283407668269231 0.33084497355769227 0.4385176394230769 0.41466424278846153 0.4594161298076923 0.5360055336538462 0.4842491514423077 0.6329838533653847 0.4813582259615385 0.6435765168269231 0.4841122043269231 0.6413418389423077 0.4888586826923077 0.6664157932692307 0.5113600552884615 0.7873119350961539 0.5378890072115385 0.7603179495192307 0.5979310360576923 0.7319091826923076 0.6828837379807692 0.7564406394230769 0.719684298076923 0.7826476875 0.7496749471153846 0.8092749591346154 0.7779801826923076 0.8371786009615385 0.8011661586538461 0.9345961490384614 0.823712798076923 0.9961289855769231 0.5769180721153846 1 0.5606449158653846 1 0.39551511538461537
2 0.8906428125 1 0.933665423076923 0.8274457331730769 0.8285462548076924 0.7961529182692307 0.726615326923077 0.6753065360576923 0.73845221875 0.6278313509615384 0.5648491225961538 0.6115673870192307 0.5507689350961539 0.6584665216346154 0.5735223509615385 0.7019510600961538 0.46657446394230767 0.8805554158653847 0.5303830024038462 1 0.8906428125 1
0 0.016996197115384616 0.7144561322115385 0.020181620192307695 0.7271793653846154 0.04378650721153846 0.7473862403846153 0.07703098798076922 0.7735769110576923 0.10380791105769231 0.7874139062500001 0.16224906490384614 0.8210746971153846 0.19398900721153847 0.8278004711538463 0.19997459615384613 0.8292928461538461 0.23863360096153846 0.8401195 0.26981193990384617 0.8490977475961539 0.30653221875000003 0.8677896634615384 0.3208349903846154 0.8677753653846154 0.34592524759615384 0.8501730336538462 0.3282302403846154 0.8445565600961539 0.32008179567307693 0.838944548076923 0.27814065865384613 0.8284874471153846 0.22448617548076924 0.8139219975961538 0.21971289423076923 0.8139197692307693 0.22336689423076922 0.8184111899038461 0.22345599278846157 0.8244062788461538 0.21053426682692308 0.8187920360576922 0.1765594471153846 0.8019725216346154 0.1450053173076923 0.7881490504807692 0.11944070432692308 0.7758022019230769 0.10247210817307692 0.7608303221153846 0.06849728846153846 0.7440108076923077 0.052483168269230766 0.7316526682692307 0.03485994230769231 0.712953920673077 0.02345036298076923 0.7077166971153847 0.016996197115384616 0.7144561322115385
0 0 0.7400580528846153 0.043338932692307694 0.7888170769230769 0.17874151201923077 0.8551347524038462 0.26274980048076924 0.8760803701923077 0.28047143990384615 0.8823057932692309 0.3162373245192308 0.8839788173076923 0.30033875721153847 0.8800148605769231 0.30274009615384617 0.8607207283653846 0.27819278124999997 0.8527934783653847 0.09667897596153846 0.7876441514423077 0.05933917788461539 0.7439693533653846 0.01746293269230769 0.6991634927884616 0 0.6911566658653846 0 0.7400580528846153
0 0.026623745192307695 0.6059652019230769 0.07798958653846154 0.6063579326923076 0.08391598076923076 0.5972617211538462 0.12181403125 0.5607681538461539 0.0840533125 0.5550173798076923 0.06750164663461539 0.5476782860576923 0.06944618269230769 0.5054327980769231 0.054695718750000004 0.5031270192307692 0.02831839903846154 0.5130971153846153 0.007976819711538461 0.5333055384615385 0.0010206875 0.5660365072115384 0.02251432692307692 0.6076844495192307 0.026623745192307695 0.6059652019230769
0 0.1227265673076923 0.45144278365384616 0.1272196658653846 0.44836362259615387 0.14274230528846155 0.44104098557692306 0.11545808173076924 0.4281650072115385 0.07861657692307691 0.40870671153846155 0.07433081009615385 0.40343873317307694 0.07017224038461539 0.40007631490384615 0.06262862259615384 0.3879228028846154 0.05178525480769231 0.3814882932692308 0.022267435096153847 0.37506559615384616 0.014898134615384615 0.37885456009615387 0.014165014423076923 0.3817949471153846 0.01856561778846154 0.40494392307692306 0.03310669471153846 0.41649979086538463 0.06399125721153846 0.4424032235576923 0.11052958173076922 0.46287382451923076 0.10898533653846153 0.4615518798076923 0.1227265673076923 0.45144278365384616
1 0.5906501899038461 0.3669890120192308 0.6107007740384616 0.3867781586538461 0.6202548076923077 0.42764095192307694 0.6595734399038461 0.43349573076923076 0.6998189134615385 0.4356331466346154 0.7300879182692307 0.4303643076923077 0.7604909927884616 0.41918948557692304 0.7710046153846153 0.39813682692307695 0.7709140552884615 0.37738486057692305 0.737062 0.32848966586538464 0.7107352355769231 0.3022001225961538 0.6543006009615385 0.29109073076923075 0.6077083725961538 0.2932935721153846 0.5800081754807692 0.3199322716346154 0.5681848557692308 0.35151663701923075 0.5906501899038461 0.3669890120192308
1 0.7976914254807692 0.5267911586538461 0.8021625600961539 0.5201094110576923 0.8011863341346154 0.5183769783653847 0.8068858798076923 0.5075176682692308 0.8186608750000001 0.4763060649038462 0.7978277932692308 0.44775567788461534 0.7628554927884615 0.4246476682692307 0.6829001802884616 0.4538340240384615 0.6606766826923077 0.45966998557692307 0.6629565384615385 0.4889985649038462 0.6678078365384615 0.49199831730769233 0.6790040625 0.4943409086538461 0.6719990625 0.5200132620192307 0.6827902043269231 0.5221592836538462 0.6727084399038462 0.528908704326923 0.6783834567307692 0.6000722427884615 0.7155600673076923 0.6015448870192308 0.7594985408653846 0.5951334711538462 0.7676140961538462 0.5881724975961539 0.7829187860576923 0.5620403605769231 0.7848863653846153 0.5541488317307692 0.7799104687499999 0.5414734999999999 0.7907016105769231 0.5436195240384616 0.7976914254807692 0.5267911586538461